-80.789	-0.975	-0.121	-0.102	1483	22
-81.070	-0.975	-0.121	-0.094	1484	28
-80.618	-0.980	-0.133	-0.093	1484	35
-80.868	-0.982	-0.130	-0.090	1483	41
-80.625	-0.990	-0.132	-0.097	1482	49
-80.834	-0.994	-0.131	-0.093	1482	55
-80.933	-0.990	-0.125	-0.097	1482	62
-80.460	-0.988	-0.130	-0.104	1483	68
-80.479	-0.988	-0.119	-0.115	1482	75
-80.651	-0.988	-0.123	-0.106	1482	81
-80.162	-0.976	-0.130	-0.108	1482	89
-79.874	-0.979	-0.136	-0.110	1483	95
-79.889	-0.978	-0.136	-0.109	1484	102
-79.688	-0.977	-0.138	-0.112	1486	109
-79.762	-0.987	-0.142	-0.108	1487	115
-79.968	-0.986	-0.137	-0.108	1489	122
-79.487	-0.980	-0.142	-0.114	1491	129
-80.307	-0.991	-0.131	-0.107	1494	136
-80.434	-0.982	-0.126	-0.107	1498	142
-80.254	-0.976	-0.127	-0.109	1501	149
-80.514	-0.980	-0.121	-0.110	1503	155
-80.578	-0.975	-0.119	-0.109	1505	162
-80.530	-0.969	-0.113	-0.115	1509	169
-80.584	-0.972	-0.120	-0.107	1510	176
-79.815	-0.977	-0.127	-0.121	1512	183
-80.184	-0.979	-0.124	-0.115	1512	189
-80.212	-0.987	-0.129	-0.111	1513	196
-80.574	-0.988	-0.124	-0.107	1512	202
-80.881	-0.983	-0.124	-0.098	1510	209
-80.692	-0.989	-0.128	-0.100	1507	216
-80.925	-0.979	-0.118	-0.103	1505	223
-80.862	-0.973	-0.118	-0.103	1507	230
-81.445	-0.983	-0.109	-0.100	1504	236
-81.406	-0.979	-0.108	-0.101	1504	243
-81.875	-0.982	-0.103	-0.096	1508	249
-82.289	-0.984	-0.096	-0.093	1504	257
-82.108	-0.986	-0.097	-0.097	1500	263
-82.124	-0.983	-0.096	-0.097	1500	270
-82.335	-0.985	-0.092	-0.096	1508	276
-81.881	-0.979	-0.095	-0.103	1513	283
-82.420	-0.982	-0.087	-0.098	1503	290
-82.872	-0.994	-0.086	-0.090	1506	296
-82.463	-0.997	-0.083	-0.103	1514	304
-82.604	-1.008	-0.086	-0.099	1520	310
-82.084	-1.009	-0.096	-0.103	1511	317
-81.528	-1.012	-0.102	-0.111	1497	323
-81.533	-1.002	-0.105	-0.105	1491	330
-81.115	-0.990	-0.120	-0.098	1491	336
-80.820	-0.986	-0.126	-0.098	1488	344
-80.249	-0.985	-0.135	-0.103	1483	351
-80.214	-0.983	-0.139	-0.098	1475	357
-80.072	-0.978	-0.138	-0.102	1471	364
-81.077	-0.984	-0.118	-0.100	1463	370
-81.429	-0.980	-0.104	-0.105	1460	377
-81.834	-0.979	-0.092	-0.106	1457	384
-82.376	-0.974	-0.075	-0.106	1447	391
-82.892	-0.966	-0.038	-0.114	1443	397
-82.716	-0.964	-0.017	-0.122	1436	404
-82.931	-0.977	-0.001	-0.121	1434	411
-82.353	-0.975	-0.001	-0.131	1434	417
-81.853	-0.982	0.002	-0.141	1431	424
-82.008	-0.988	-0.005	-0.139	1423	431
-82.130	-0.992	-0.011	-0.137	1416	438
-81.699	-0.987	-0.021	-0.143	1414	444
-81.873	-0.987	-0.030	-0.138	1414	451
-81.771	-0.989	-0.035	-0.139	1420	457
-82.130	-0.985	-0.041	-0.130	1429	464
-82.114	-0.979	-0.048	-0.127	1430	472
-82.101	-0.984	-0.053	-0.126	1429	478
-81.952	-0.983	-0.068	-0.121	1431	485
-81.489	-0.984	-0.071	-0.129	1436	491
-81.245	-0.980	-0.089	-0.122	1434	498
-80.959	-0.980	-0.088	-0.129	1439	504
-80.947	-0.979	-0.095	-0.124	1441	512
-80.946	-0.985	-0.104	-0.117	1448	518
-81.325	-0.991	-0.107	-0.106	1466	525
-80.938	-0.990	-0.103	-0.120	1459	532
-81.518	-0.996	-0.094	-0.115	1456	538
-81.648	-0.992	-0.093	-0.112	1461	545
-81.766	-0.987	-0.074	-0.122	1460	551
-81.651	-0.988	-0.075	-0.124	1457	559
-82.519	-0.988	-0.062	-0.114	1459	565
-82.267	-0.989	-0.067	-0.116	1458	572
-82.176	-0.982	-0.070	-0.115	1464	578
-81.726	-0.982	-0.067	-0.126	1474	585
-82.176	-0.982	-0.070	-0.115	1473	592
-82.140	-0.985	-0.072	-0.115	1475	599
-82.046	-0.991	-0.081	-0.112	1484	606
-82.310	-0.998	-0.080	-0.108	1479	612
-82.213	-0.997	-0.084	-0.107	1486	619
-82.190	-0.989	-0.089	-0.103	1491	625
-81.421	-0.979	-0.104	-0.104	1487	632
-80.249	-0.980	-0.119	-0.119	1493	638
-79.339	-0.978	-0.138	-0.122	1491	646
-78.359	-0.977	-0.162	-0.119	1496	653
-77.005	-0.981	-0.186	-0.130	1498	659
-76.813	-0.977	-0.198	-0.114	1500	666
-76.877	-0.976	-0.194	-0.118	1502	672
-76.955	-0.976	-0.197	-0.110	1503	679
-76.838	-0.978	-0.200	-0.110	1503	686
-77.117	-0.975	-0.195	-0.107	1505	693
-76.992	-0.977	-0.193	-0.116	1508	699
-77.296	-0.976	-0.184	-0.121	1515	706
-78.181	-0.978	-0.173	-0.109	1520	713
-78.305	-0.979	-0.164	-0.119	1509	719
-78.990	-0.984	-0.157	-0.109	1514	727
-79.156	-0.975	-0.145	-0.118	1508	733
-79.838	-0.976	-0.129	-0.118	1514	740
-80.349	-0.971	-0.119	-0.114	1511	746
-81.085	-0.980	-0.100	-0.117	1515	753
-81.537	-0.982	-0.095	-0.111	1512	760
-81.833	-0.986	-0.090	-0.109	1510	766
-82.114	-0.991	-0.088	-0.105	1514	774
-82.915	-0.996	-0.066	-0.104	1508	780
-83.211	-0.991	-0.057	-0.104	1507	787
-83.439	-0.999	-0.038	-0.108	1506	793
-82.940	-1.008	-0.030	-0.121	1504	800
-82.944	-0.997	-0.028	-0.120	1506	806
-82.298	-0.995	-0.015	-0.134	1522	814
-82.805	-0.990	-0.001	-0.125	1518	821
-82.454	-0.980	0.000	-0.130	1511	827
-82.718	-0.974	0.010	-0.124	1506	834
-82.153	-0.969	0.014	-0.133	1503	840
-82.062	-0.977	0.020	-0.135	1500	847
-82.453	-0.990	0.019	-0.130	1500	854
-82.883	-0.994	0.005	-0.124	1500	861
-83.319	-1.009	-0.001	-0.118	1505	867
-83.615	-1.006	-0.017	-0.111	1510	874
-83.104	-1.004	-0.035	-0.116	1512	880
-83.777	-0.994	-0.035	-0.103	1515	887
-83.508	-0.994	-0.052	-0.101	1509	894
-82.994	-0.984	-0.054	-0.108	1505	901
-82.612	-0.980	-0.060	-0.112	1509	908
-82.519	-0.991	-0.057	-0.117	1512	914
-82.413	-0.997	-0.057	-0.120	1507	921
-82.017	-0.994	-0.058	-0.127	1511	927
-82.112	-0.996	-0.063	-0.123	1509	934
-82.122	-0.985	-0.057	-0.124	1506	941
-81.942	-0.979	-0.058	-0.126	1509	948
-81.966	-0.975	-0.062	-0.123	1510	955
-81.785	-0.975	-0.059	-0.128	1515	961
-81.748	-0.972	-0.050	-0.132	1514	968
-81.581	-0.977	-0.055	-0.134	1512	974
-81.484	-0.982	-0.052	-0.138	1510	982
-81.966	-0.984	-0.059	-0.126	1507	988
-81.697	-0.994	-0.061	-0.132	1506	995
-81.959	-0.991	-0.055	-0.129	1506	1002
-81.748	-0.982	-0.059	-0.130	1513	1008
-81.668	-0.979	-0.052	-0.134	1510	1015
-81.803	-0.974	-0.048	-0.132	1509	1021
-81.696	-0.978	-0.047	-0.135	1511	1029
-81.713	-0.976	-0.042	-0.136	1511	1036
-81.316	-0.975	-0.049	-0.141	1508	1042
-81.572	-0.984	-0.051	-0.137	1508	1049
-81.908	-0.986	-0.060	-0.127	1509	1055
-82.026	-0.993	-0.055	-0.128	1505	1062
-81.658	-0.992	-0.062	-0.132	1506	1070
-81.839	-0.990	-0.060	-0.129	1509	1076
-81.776	-0.991	-0.063	-0.129	1511	1083
-81.544	-0.990	-0.076	-0.126	1508	1089
-81.340	-0.994	-0.076	-0.131	1507	1096
-81.443	-0.988	-0.082	-0.124	1506	1103
-81.970	-0.984	-0.083	-0.111	1507	1110
-81.850	-0.985	-0.077	-0.118	1508	1117
-81.614	-0.978	-0.081	-0.119	1512	1123
-81.614	-0.976	-0.090	-0.112	1516	1130
-81.676	-0.974	-0.089	-0.111	1516	1137
-81.910	-0.969	-0.081	-0.111	1513	1143
-82.176	-0.977	-0.079	-0.108	1518	1150
-82.283	-0.979	-0.075	-0.109	1509	1157
-82.303	-0.984	-0.086	-0.102	1513	1164
-82.217	-0.981	-0.090	-0.100	1512	1171
-82.470	-0.987	-0.092	-0.093	1512	1177
-82.413	-0.998	-0.087	-0.101	1510	1184
-82.754	-0.995	-0.085	-0.094	1505	1190
-82.698	-1.008	-0.090	-0.093	1503	1198
-82.596	-1.010	-0.094	-0.092	1503	1205
-82.459	-1.008	-0.099	-0.090	1502	1211
-82.849	-0.998	-0.083	-0.094	1497	1218
-83.434	-0.991	-0.070	-0.090	1501	1224
-83.829	-0.992	-0.062	-0.088	1502	1231
-83.508	-0.983	-0.060	-0.095	1514	1239
-83.574	-0.984	-0.058	-0.095	1511	1245
-83.257	-0.986	-0.054	-0.104	1500	1252
-82.884	-0.983	-0.058	-0.108	1502	1258
-83.005	-0.981	-0.062	-0.104	1506	1265
-82.846	-0.983	-0.063	-0.106	1502	1272
-83.171	-0.995	-0.065	-0.100	1494	1278
-82.755	-1.000	-0.066	-0.108	1496	1286
-83.446	-1.003	-0.060	-0.099	1503	1292
-83.286	-0.995	-0.057	-0.103	1497	1299
-83.667	-0.993	-0.055	-0.096	1493	1306
-83.793	-0.988	-0.051	-0.095	1496	1312
-83.620	-0.984	-0.051	-0.098	1500	1319
-83.744	-0.984	-0.039	-0.101	1506	1326
-83.481	-0.990	-0.048	-0.103	1505	1333
-83.559	-0.986	-0.041	-0.104	1508	1340
-83.296	-0.993	-0.038	-0.110	1500	1346
-82.988	-0.989	-0.039	-0.115	1506	1353
-82.852	-0.996	-0.055	-0.112	1505	1359
-83.018	-1.000	-0.061	-0.106	1505	1367
-82.539	-1.000	-0.067	-0.112	1503	1374
-82.732	-0.993	-0.059	-0.112	1513	1380
-83.117	-0.992	-0.063	-0.102	1508	1387
-82.766	-0.990	-0.071	-0.104	1512	1393
-82.374	-0.984	-0.067	-0.113	1521	1400
-82.653	-0.987	-0.063	-0.110	1509	1408
-82.458	-0.984	-0.064	-0.113	1509	1414
-82.667	-0.984	-0.059	-0.112	1510	1421
-82.832	-0.986	-0.057	-0.110	1513	1427
-82.922	-0.981	-0.056	-0.108	1511	1434
-82.812	-0.984	-0.051	-0.113	1510	1441
-82.615	-0.979	-0.049	-0.117	1515	1447
-82.771	-0.981	-0.054	-0.112	1516	1455
-82.606	-0.986	-0.060	-0.113	1513	1461
-82.521	-0.991	-0.067	-0.111	1505	1468
-82.242	-0.989	-0.080	-0.108	1512	1475
-82.248	-0.989	-0.085	-0.104	1509	1481
-81.817	-0.983	-0.086	-0.112	1506	1488
-81.789	-0.979	-0.093	-0.106	1514	1495
-81.752	-0.986	-0.086	-0.114	1505	1502
-81.889	-0.994	-0.089	-0.110	1502	1509
-81.985	-0.992	-0.087	-0.109	1498	1515
-82.022	-0.998	-0.086	-0.110	1501	1522
-82.249	-0.995	-0.077	-0.111	1499	1528
-82.470	-0.990	-0.076	-0.106	1501	1536
-82.500	-0.983	-0.072	-0.107	1511	1543
-82.013	-0.976	-0.067	-0.119	1504	1549
-81.957	-0.981	-0.069	-0.120	1509	1556
-82.336	-0.979	-0.065	-0.114	1508	1563
-82.086	-0.983	-0.062	-0.122	1504	1569
-82.721	-0.982	-0.062	-0.109	1502	1576
-83.115	-0.993	-0.072	-0.096	1499	1583
-82.369	-1.000	-0.080	-0.107	1495	1590
4.892	0.100	-1.072	0.452	1498	1596
-25.463	-0.477	-0.414	-0.911	1502	1603
-57.726	-1.225	-0.077	-0.770	1498	1610
-78.447	-1.512	0.267	-0.156	1501	1616
-80.347	-1.386	0.235	-0.013	1507	1624
-84.902	-1.133	0.101	0.010	1505	1630
-88.337	-0.942	0.027	-0.001	1507	1637
-82.674	-0.867	-0.006	-0.111	1506	1644
-75.603	-0.797	-0.042	-0.200	1504	1650
-77.494	-0.638	-0.022	-0.140	1504	1657
-86.362	-0.745	0.007	-0.047	1509	1664
-84.824	-0.958	-0.067	-0.055	1507	1671
-81.404	-1.066	-0.126	-0.101	1505	1678
-81.232	-1.115	-0.125	-0.118	1505	1684
-83.632	-1.111	-0.075	-0.099	1504	1691
-83.877	-1.061	-0.064	-0.094	1502	1697
-83.133	-1.002	-0.077	-0.093	1505	1704
-81.597	-0.978	-0.105	-0.099	1503	1712
-80.382	-0.954	-0.118	-0.110	1505	1718
-80.644	-0.943	-0.099	-0.120	1507	1725
-81.258	-0.950	-0.086	-0.118	1512	1731
-81.904	-0.971	-0.083	-0.110	1514	1738
-81.866	-0.999	-0.087	-0.113	1507	1745
-81.492	-1.015	-0.089	-0.123	1505	1752
-81.613	-1.009	-0.085	-0.122	1509	1759
-82.248	-1.004	-0.070	-0.117	1516	1765
-82.323	-0.992	-0.064	-0.117	1510	1772
-82.148	-0.979	-0.060	-0.121	1523	1779
-82.164	-0.976	-0.054	-0.123	1513	1785
-82.005	-0.986	-0.058	-0.126	1504	1793
-81.501	-0.979	-0.069	-0.129	1502	1799
-82.034	-0.992	-0.071	-0.119	1501	1806
-82.129	-0.990	-0.102	-0.092	1497	1813
0.266	0.010	-2.000	-0.650	1492	1819
-49.955	-0.781	-0.492	-0.435	1499	1826
-60.541	-1.344	-0.018	-0.759	1492	1832
-80.691	-1.716	0.127	-0.251	1491	1840
-81.023	-1.498	0.233	0.039	1504	1847
-82.874	-1.141	0.138	-0.037	1502	1853
-84.828	-0.934	0.070	-0.047	1496	1860
-77.941	-0.877	0.046	-0.182	1491	1866
-72.097	-0.825	0.022	-0.266	1489	1873
-73.075	-0.698	0.065	-0.202	1489	1881
-80.867	-0.707	0.018	-0.112	1489	1887
-80.900	-0.771	-0.095	-0.079	1483	1894
-84.718	-0.924	-0.079	-0.032	1481	1900
-83.117	-1.069	-0.122	-0.042	1482	1907
-84.663	-1.153	-0.075	-0.077	1490	1914
-84.767	-1.154	-0.045	-0.096	1490	1921
-83.325	-1.090	-0.077	-0.102	1493	1928
-81.598	-1.031	-0.115	-0.100	1493	1934
-78.660	-0.973	-0.151	-0.123	1497	1941
-78.677	-0.918	-0.135	-0.125	1500	1948
-79.832	-0.898	-0.107	-0.120	1499	1954
-81.072	-0.926	-0.095	-0.110	1499	1961
-81.756	-0.971	-0.086	-0.111	1497	1968
-81.884	-1.018	-0.087	-0.116	1500	1975
-82.841	-1.024	-0.069	-0.108	1503	1982
-82.976	-1.029	-0.063	-0.110	1509	1988
-83.015	-1.021	-0.049	-0.115	1503	1995
-82.473	-0.999	-0.036	-0.127	1499	2001
-82.082	-0.987	-0.026	-0.135	1509	2009
-81.829	-0.983	-0.031	-0.138	1510	2016
-81.974	-0.975	-0.045	-0.130	1503	2022
-82.252	-0.974	-0.054	-0.121	1499	2029
-82.563	-0.979	-0.069	-0.107	1498	2036
-82.446	-0.982	-0.079	-0.104	1498	2042
-83.067	-0.984	-0.079	-0.090	1498	2050
-82.921	-0.986	-0.075	-0.097	1497	2056
-82.910	-0.991	-0.071	-0.101	1506	2063
-82.989	-0.991	-0.058	-0.107	1509	2070
-83.184	-0.990	-0.052	-0.106	1504	2076
-83.235	-0.989	-0.037	-0.111	1489	2083
-83.032	-0.988	-0.029	-0.117	1487	2089
-82.634	-0.991	-0.032	-0.124	1499	2097
-82.776	-0.994	-0.038	-0.120	1491	2104
-83.227	-0.991	-0.041	-0.110	1490	2110
-82.849	-0.987	-0.048	-0.114	1493	2117
-82.776	-0.996	-0.054	-0.114	1504	2123
-82.941	-0.994	-0.063	-0.105	1502	2130
-83.160	-0.991	-0.066	-0.099	1503	2138
-83.117	-0.992	-0.069	-0.098	1508	2144
-82.583	-0.986	-0.073	-0.105	1517	2151
-82.260	-0.984	-0.086	-0.103	1505	2157
-81.907	-0.980	-0.089	-0.107	1522	2164
-81.611	-0.980	-0.090	-0.113	1511	2171
-81.635	-0.984	-0.089	-0.114	1503	2178
-81.209	-0.981	-0.089	-0.123	1499	2185
-81.725	-0.984	-0.085	-0.115	1511	2191
-81.872	-0.984	-0.076	-0.118	1517	2198
-82.740	-0.987	-0.065	-0.107	1512	2205
-82.969	-0.984	-0.055	-0.108	1513	2211
-83.154	-0.993	-0.052	-0.107	1499	2219
-83.083	-1.000	-0.046	-0.112	1497	2225
-82.737	-0.991	-0.042	-0.119	1504	2232
-82.401	-1.000	-0.041	-0.127	1501	2239
-82.307	-0.996	-0.050	-0.125	1498	2245
-82.453	-0.988	-0.050	-0.121	1493	2252
-82.351	-0.986	-0.054	-0.121	1495	2258
-82.624	-0.979	-0.059	-0.112	1501	2266
-81.928	-0.979	-0.064	-0.123	1496	2273
-81.751	-0.989	-0.070	-0.125	1507	2279
-81.564	-0.984	-0.080	-0.122	1501	2286
-81.943	-0.989	-0.078	-0.116	1501	2292
-81.555	-0.987	-0.078	-0.124	1503	2299
-81.945	-0.988	-0.073	-0.119	1516	2307
-81.396	-0.987	-0.077	-0.128	1509	2313
-81.485	-0.992	-0.077	-0.127	1515	2320
-81.460	-0.990	-0.082	-0.124	1491	2326
-81.760	-0.985	-0.072	-0.123	1495	2333
-81.629	-0.980	-0.070	-0.126	1499	2340
-81.805	-0.980	-0.074	-0.120	1498	2347
-81.351	-0.978	-0.082	-0.124	1507	2354
-81.058	-0.979	-0.086	-0.128	1513	2360
-81.079	-0.985	-0.099	-0.119	1511	2367
-80.902	-0.980	-0.104	-0.117	1514	2374
-80.944	-0.980	-0.104	-0.116	1520	2380
-81.096	-0.979	-0.098	-0.118	1522	2387
-81.024	-0.982	-0.101	-0.118	1548	2394
-81.263	-0.978	-0.093	-0.118	1552	2401
-81.604	-0.975	-0.082	-0.118	1554	2408
-82.257	-0.975	-0.065	-0.115	1543	2414
-82.611	-0.983	-0.057	-0.114	1564	2421
-82.821	-0.988	-0.054	-0.112	1545	2428
-82.356	-0.989	-0.059	-0.119	1533	2435
-82.343	-0.988	-0.055	-0.121	1529	2442
-82.234	-0.982	-0.068	-0.115	1540	2448
-82.625	-0.991	-0.065	-0.110	1557	2455
-82.916	-0.996	-0.069	-0.103	1566	2462
-82.354	-0.998	-0.093	-0.097	1563	2468
-81.489	-0.992	-0.106	-0.104	1572	2476
-81.397	-0.986	-0.108	-0.103	1600	2482
-81.105	-0.980	-0.113	-0.104	1571	2489
-80.458	-0.979	-0.121	-0.111	1579	2496
-80.111	-0.976	-0.126	-0.114	1574	2502
-80.950	-0.981	-0.098	-0.122	1569	2509
-81.038	-0.991	-0.084	-0.132	1580	2515
-82.091	-1.003	-0.062	-0.125	1598	2523
-82.121	-1.002	-0.028	-0.136	1596	2530
-81.987	-0.999	-0.002	-0.141	1582	2536
-81.446	-0.993	0.029	-0.146	1594	2543
-80.803	-0.986	0.054	-0.150	1628	2550
-80.135	-0.981	0.066	-0.157	1609	2556
-80.098	-0.974	0.071	-0.154	1592	2564
-80.054	-0.970	0.069	-0.155	1609	2570
-80.303	-0.973	0.057	-0.156	1613	2577
-80.998	-0.982	0.040	-0.150	1602	2583
-81.455	-0.980	0.016	-0.146	1598	2590
-82.223	-0.994	-0.003	-0.136	1587	2597
-82.953	-1.000	-0.020	-0.122	1610	2604
-82.815	-1.000	-0.044	-0.118	1623	2611
-82.540	-1.005	-0.054	-0.120	1606	2617
-82.367	-0.994	-0.062	-0.118	1611	2624
-81.861	-0.987	-0.058	-0.129	1591	2631
-81.756	-0.986	-0.053	-0.133	1610	2637
-81.374	-0.979	-0.051	-0.140	1605	2644
-81.018	-0.973	-0.040	-0.148	1590	2652
-80.768	-0.964	-0.032	-0.153	1586	2658
-80.460	-0.964	-0.017	-0.161	1604	2665
-80.268	-0.961	-0.016	-0.164	1618	2671
-80.721	-0.974	-0.017	-0.158	1599	2678
-80.901	-0.971	-0.008	-0.155	1599	2685
-81.073	-0.977	-0.005	-0.153	1592	2692
-81.318	-0.979	-0.001	-0.149	1592	2699
-81.046	-0.979	0.003	-0.154	1582	2705
-80.983	-0.979	-0.002	-0.155	1592	2712
-81.710	-0.986	-0.007	-0.144	1580	2719
-81.433	-0.982	-0.013	-0.147	1580	2725
-81.569	-0.979	-0.014	-0.145	1560	2733
-81.967	-0.985	-0.025	-0.137	1559	2739
-82.125	-0.990	-0.029	-0.134	1552	2746
-81.901	-0.985	-0.035	-0.136	1556	2753
-82.256	-0.993	-0.029	-0.132	1569	2759
-81.969	-0.984	-0.024	-0.137	1540	2766
-82.393	-0.983	-0.020	-0.130	1535	2772
-81.667	-0.983	-0.021	-0.143	1538	2780
-82.123	-0.981	-0.017	-0.135	1543	2787
-82.227	-0.981	-0.018	-0.133	1539	2793
-82.574	-0.980	-0.015	-0.127	1532	2800
-82.545	-0.979	-0.018	-0.127	1523	2807
-82.721	-0.988	-0.018	-0.125	1512	2813
-82.783	-0.982	-0.010	-0.124	1521	2821
-82.489	-0.985	-0.003	-0.130	1522	2827
-82.648	-0.986	0.009	-0.127	1503	2834
-82.522	-0.990	0.005	-0.130	1508	2841
-82.370	-0.993	0.008	-0.133	1487	2847
-82.372	-0.984	0.000	-0.132	1485	2854
-82.201	-0.991	-0.002	-0.136	1480	2861
-82.814	-0.984	-0.005	-0.124	1483	2868
-82.916	-0.990	-0.002	-0.123	1473	2875
-83.199	-0.994	-0.010	-0.118	1490	2881
-83.291	-0.992	-0.011	-0.116	1506	2888
-83.518	-0.992	-0.010	-0.112	1490	2894
-83.142	-0.992	-0.007	-0.119	1482	2902
-83.076	-0.990	-0.006	-0.120	1503	2908
-83.387	-0.994	0.002	-0.115	1500	2915
-83.537	-0.983	-0.004	-0.111	1486	2922
-83.305	-0.992	-0.008	-0.116	1467	2928
-83.238	-0.989	-0.005	-0.117	1479	2935
-82.671	-0.980	-0.006	-0.126	1518	2941
-82.265	-0.977	-0.015	-0.132	1478	2949
-82.850	-0.978	-0.012	-0.122	1491	2956
-82.463	-0.976	-0.007	-0.129	1485	2962
-82.854	-0.983	-0.008	-0.123	1516	2969
-82.346	-0.988	0.001	-0.133	1507	2976
-82.416	-0.990	0.002	-0.132	1496	2982
-82.927	-0.992	0.004	-0.123	1528	2990
-82.805	-0.996	0.014	-0.125	1509	2996
-83.025	-0.999	0.017	-0.121	1465	3003
-82.982	-0.994	0.023	-0.120	1443	3010
-82.730	-0.995	0.031	-0.123	1459	3016
-82.929	-0.983	0.030	-0.118	1543	3023
-82.545	-0.984	0.038	-0.123	1468	3030
-82.566	-0.987	0.044	-0.121	1500	3037
-82.336	-0.989	0.051	-0.123	1480	3044
-82.556	-0.988	0.050	-0.119	1499	3050
-82.000	-0.986	0.056	-0.127	1489	3057
-82.275	-0.977	0.054	-0.121	1479	3063
-82.682	-0.967	0.041	-0.117	1472	3070
-82.609	-0.959	0.047	-0.115	1459	3078
-83.190	-0.962	0.050	-0.104	1467	3084
-83.595	-0.973	0.049	-0.098	1487	3091
-83.594	-1.000	0.048	-0.102	1492	3097
-83.483	-1.005	0.043	-0.106	1490	3104
-83.965	-1.025	0.035	-0.103	1485	3111
-83.619	-1.030	0.039	-0.108	1472	3118
-84.097	-1.022	0.045	-0.096	1456	3125
-83.837	-1.017	0.044	-0.101	1467	3131
-83.491	-1.003	0.051	-0.103	1496	3138
-83.039	-0.998	0.045	-0.113	1507	3144
-82.621	-0.979	0.053	-0.115	1478	3151
-82.400	-0.970	0.053	-0.118	1479	3159
-82.430	-0.974	0.053	-0.118	1493	3165
-82.242	-0.975	0.061	-0.118	1481	3172
-82.224	-0.979	0.055	-0.122	1491	3179
-82.621	-0.996	0.052	-0.118	1466	3185
-82.340	-0.997	0.058	-0.121	1473	3192
-82.920	-0.999	0.059	-0.109	1456	3198
-82.558	-0.997	0.063	-0.114	1516	3206
-82.341	-0.985	0.065	-0.115	1466	3213
-82.465	-0.993	0.071	-0.110	1492	3219
-82.262	-0.992	0.068	-0.116	1495	3226
-82.723	-0.998	0.065	-0.109	1462	3232
-83.028	-1.004	0.052	-0.111	1474	3239
-82.751	-1.003	0.043	-0.120	1467	3247
-83.005	-1.000	0.029	-0.119	1457	3253
-83.633	-0.987	0.024	-0.107	1478	3260
-84.349	-0.979	0.015	-0.096	1465	3266
-83.961	-0.980	0.016	-0.103	1495	3273
-83.619	-0.975	0.023	-0.106	1474	3280
-83.619	-0.980	0.033	-0.104	1453	3287
-83.088	-0.984	0.043	-0.111	1465	3294
-82.731	-0.982	0.047	-0.116	1477	3300
-82.549	-0.990	0.046	-0.121	1479	3307
-82.569	-0.987	0.041	-0.122	1468	3314
-82.646	-0.979	0.045	-0.118	1461	3320
-82.989	-0.987	0.035	-0.116	1477	3328
-82.821	-0.974	0.036	-0.117	1476	3334
-83.760	-0.986	0.030	-0.104	1521	3341
-83.642	-0.989	0.014	-0.109	1481	3348
-83.689	-0.990	0.016	-0.108	1463	3354
-83.924	-0.991	0.015	-0.104	1475	3361
-83.873	-0.990	0.020	-0.104	1513	3367
-83.985	-0.989	0.023	-0.102	1478	3375
-83.694	-0.988	0.028	-0.105	1466	3381
-83.803	-0.987	0.031	-0.103	1461	3388
-83.331	-0.980	0.045	-0.105	1449	3395
-83.016	-0.991	0.053	-0.109	1445	3401
-82.538	-0.995	0.064	-0.113	1444	3408
-82.800	-0.993	0.066	-0.106	1460	3415
-82.338	-0.987	0.069	-0.113	1478	3422
-81.988	-0.991	0.080	-0.114	1466	3429
-81.922	-0.985	0.073	-0.119	1487	3435
-82.015	-0.987	0.065	-0.122	1508	3442
-81.737	-0.978	0.065	-0.126	1478	3449
-81.938	-0.975	0.059	-0.125	1515	3456
-81.896	-0.976	0.052	-0.129	1473	3463
-82.554	-0.982	0.057	-0.115	1479	3469
-82.421	-0.981	0.058	-0.117	1469	3476
-82.296	-0.991	0.062	-0.119	1477	3483
-82.627	-0.994	0.064	-0.111	1465	3489
-82.720	-0.990	0.068	-0.106	1462	3496
-82.221	-0.978	0.075	-0.110	1466	3503
-82.399	-0.979	0.081	-0.103	1472	3510
-81.877	-0.985	0.086	-0.111	1450	3517
-81.698	-0.981	0.089	-0.112	1436	3523
-81.659	-0.991	0.086	-0.117	1481	3530
-82.127	-0.987	0.083	-0.108	1500	3536
-82.682	-0.991	0.071	-0.105	1514	3544
-82.519	-0.982	0.063	-0.112	1507	3551
-82.767	-0.980	0.064	-0.106	1498	3557
-82.426	-0.978	0.065	-0.112	1482	3564
-82.606	-0.986	0.060	-0.113	1523	3570
-82.466	-0.988	0.063	-0.114	1482	3577
-82.254	-0.991	0.068	-0.116	1468	3585
-82.227	-0.992	0.074	-0.113	1449	3591
-81.676	-0.994	0.082	-0.120	1461	3598
-81.297	-0.985	0.094	-0.118	1492	3604
-81.585	-0.982	0.096	-0.109	1492	3611
-81.148	-0.976	0.105	-0.109	1446	3618
-81.137	-0.975	0.104	-0.110	1479	3624
-81.103	-0.979	0.106	-0.110	1441	3632
-81.353	-0.972	0.104	-0.104	1571	3638
-81.387	-0.980	0.103	-0.107	1467	3645
-81.702	-0.983	0.093	-0.109	1489	3652
-81.808	-1.000	0.095	-0.108	1486	3658
-81.749	-1.003	0.095	-0.110	1465	3665
-81.488	-1.001	0.091	-0.119	1488	3672
-80.802	-0.995	0.097	-0.129	1468	3679
-80.215	-0.988	0.110	-0.130	1420	3686
-80.139	-0.978	0.117	-0.123	1424	3692
-79.435	-0.975	0.123	-0.134	1488	3699
-79.454	-0.976	0.127	-0.130	1488	3705
-79.475	-0.978	0.129	-0.128	1466	3713
-79.725	-0.976	0.129	-0.121	1472	3720
-80.199	-0.977	0.125	-0.113	1489	3726
-80.346	-0.979	0.120	-0.115	1453	3733
-81.029	-0.980	0.113	-0.105	1499	3739
-81.287	-0.982	0.108	-0.104	1490	3746
-81.251	-0.987	0.109	-0.105	1427	3753
-81.285	-0.982	0.104	-0.109	1443	3760
-81.638	-0.992	0.099	-0.107	1460	3767
-81.416	-0.984	0.101	-0.109	1453	3773
-81.294	-0.979	0.106	-0.105	1483	3780
-81.193	-0.978	0.118	-0.095	1463	3787
-80.835	-0.974	0.123	-0.098	1441	3793
-80.709	-0.971	0.126	-0.097	1438	3801
-80.716	-0.957	0.126	-0.093	1497	3807
-80.824	-0.975	0.125	-0.096	1471	3814
-80.957	-0.974	0.121	-0.097	1507	3821
-81.460	-0.983	0.113	-0.095	1491	3827
-81.824	-0.990	0.103	-0.099	1486	3834
-81.775	-0.990	0.096	-0.106	1514	3841
-82.067	-0.996	0.088	-0.107	1499	3848
-82.098	-1.000	0.088	-0.107	1446	3855
-82.046	-1.004	0.096	-0.103	1480	3861
-82.185	-0.992	0.101	-0.092	1463	3868
-81.698	-0.993	0.111	-0.093	1474	3874
-81.191	-0.991	0.126	-0.088	1454	3881
-80.546	-0.989	0.135	-0.095	1534	3889
-79.861	-0.979	0.145	-0.099	1525	3895
-79.540	-0.973	0.149	-0.100	1512	3902
-79.358	-0.975	0.150	-0.104	1483	3908
-79.683	-0.972	0.146	-0.101	1591	3915
-79.451	-0.979	0.146	-0.108	1485	3922
-79.864	-0.986	0.146	-0.100	1461	3929
-79.681	-0.988	0.146	-0.104	1455	3936
-79.614	-0.991	0.144	-0.111	1497	3942
-79.328	-0.997	0.151	-0.111	1473	3949
-79.143	-0.997	0.160	-0.104	1470	3956
-78.970	-1.009	0.164	-0.108	1448	3962
-78.753	-0.998	0.170	-0.103	1433	3970
-78.190	-0.989	0.177	-0.107	1479	3976
-78.175	-0.982	0.178	-0.104	1473	3983
-78.274	-0.976	0.173	-0.105	1465	3990
-78.681	-0.976	0.168	-0.100	1445	3996
-78.639	-0.963	0.164	-0.103	1490	4003
-78.708	-0.959	0.159	-0.106	1488	4009
-79.561	-0.968	0.138	-0.113	1515	4017
-80.311	-0.977	0.125	-0.110	1488	4024
-80.394	-0.980	0.123	-0.111	1478	4030
-80.990	-0.981	0.116	-0.104	1511	4037
-80.635	-0.994	0.128	-0.103	1475	4044
-80.619	-0.996	0.128	-0.104	1479	4050
-80.267	-0.993	0.134	-0.105	1500	4058
-79.888	-0.990	0.146	-0.099	1469	4064
-78.851	-0.976	0.165	-0.099	1455	4071
-78.404	-0.972	0.174	-0.098	1482	4078
-78.119	-0.961	0.172	-0.106	1543	4084
-77.741	-0.956	0.173	-0.115	1479	4091
-78.391	-0.963	0.168	-0.104	1508	4098
-78.795	-0.967	0.161	-0.104	1467	4105
-79.234	-0.971	0.157	-0.097	1484	4112
-79.033	-0.976	0.158	-0.104	1480	4118
-79.788	-0.983	0.148	-0.097	1467	4125
-79.774	-0.991	0.146	-0.103	1479	4131
-79.714	-0.999	0.147	-0.105	1491	4139
-79.296	-0.992	0.152	-0.109	1429	4146
-78.927	-0.996	0.167	-0.101	1419	4152
-78.573	-0.996	0.171	-0.106	1451	4159
-78.125	-0.980	0.178	-0.104	1565	4165
-78.169	-0.970	0.180	-0.095	1466	4172
-77.545	-0.955	0.188	-0.095	1476	4179
-77.679	-0.956	0.185	-0.098	1472	4186
-78.026	-0.960	0.180	-0.096	1454	4193
-78.468	-0.968	0.170	-0.101	1513	4199
-79.629	-0.979	0.151	-0.096	1446	4206
-79.778	-0.985	0.148	-0.098	1463	4213
-79.827	-0.990	0.148	-0.098	1460	4219
-79.575	-0.986	0.150	-0.102	1495	4227
-79.272	-0.992	0.156	-0.104	1448	4233
-78.163	-0.987	0.172	-0.115	1458	4240
-77.697	-0.981	0.185	-0.108	1436	4247
-77.260	-0.980	0.193	-0.108	1425	4253
-76.798	-0.965	0.199	-0.107	1447	4260
-76.464	-0.951	0.201	-0.109	1485	4267
-77.132	-0.950	0.187	-0.109	1511	4274
-77.871	-0.945	0.175	-0.104	1482	4281
-78.807	-0.953	0.160	-0.100	1466	4287
-79.327	-0.969	0.150	-0.104	1522	4294
-80.013	-0.974	0.144	-0.094	1458	4300
-80.244	-0.986	0.133	-0.105	1476	4307
-79.610	-0.993	0.143	-0.113	1492	4315
-79.375	-0.992	0.148	-0.112	1492	4321
-79.350	-0.988	0.152	-0.106	1483	4328
-78.239	-0.979	0.172	-0.109	1501	4335
-77.632	-0.972	0.185	-0.106	1454	4341
-76.864	-0.953	0.195	-0.106	1500	4348
-77.120	-0.951	0.194	-0.098	1460	4355
-77.020	-0.951	0.195	-0.100	1433	4362
-77.327	-0.952	0.194	-0.090	1474	4369
-78.100	-0.960	0.184	-0.085	1621	4375
-78.141	-0.961	0.182	-0.088	1500	4382
-78.645	-0.975	0.173	-0.092	1585	4388
-78.970	-0.981	0.170	-0.088	1492	4396
-78.811	-0.994	0.173	-0.094	1484	4403
-78.543	-0.992	0.176	-0.098	1441	4409
-78.046	-0.991	0.180	-0.108	1454	4416
-77.207	-0.986	0.194	-0.111	1439	4422
-76.979	-0.980	0.200	-0.106	1447	4429
-76.827	-0.977	0.208	-0.095	1464	4436
-75.941	-0.964	0.224	-0.091	1486	4443
-75.500	-0.955	0.230	-0.089	1438	4450
-75.867	-0.969	0.228	-0.088	1454	4456
-75.734	-0.972	0.233	-0.081	1461	4463
-76.291	-0.963	0.220	-0.083	1496	4470
-76.894	-0.967	0.205	-0.093	1503	4476
-77.764	-0.971	0.187	-0.096	1464	4484
-78.633	-0.979	0.172	-0.096	1448	4490
-78.908	-0.982	0.166	-0.098	1423	4497
-79.425	-0.981	0.156	-0.096	1457	4504
-79.539	-0.979	0.151	-0.099	1467	4510
-79.361	-0.980	0.152	-0.104	1479	4517
-78.816	-0.979	0.164	-0.103	1482	4524
-78.681	-0.969	0.173	-0.088	1517	4531
-77.844	-0.966	0.189	-0.086	1461	4538
-76.378	-0.952	0.210	-0.096	1463	4544
-76.097	-0.950	0.215	-0.096	1493	4551
-75.673	-0.955	0.223	-0.100	1508	4557
-75.843	-0.964	0.223	-0.098	1581	4564
-76.231	-0.976	0.218	-0.099	1482	4572
-77.121	-0.974	0.204	-0.089	1532	4578
-77.202	-0.972	0.206	-0.079	1548	4585
-77.556	-0.969	0.195	-0.087	1567	4591
-77.482	-0.964	0.192	-0.094	1509	4598
-76.623	-0.965	0.209	-0.095	1495	4605
-76.130	-0.973	0.221	-0.095	1447	4612
-75.621	-0.983	0.232	-0.098	1466	4619
-74.601	-0.981	0.248	-0.107	1515	4625
-74.365	-0.977	0.259	-0.088	1489	4632
-74.240	-0.969	0.264	-0.072	1535	4639
-73.607	-0.951	0.270	-0.075	1561	4645
-73.419	-0.948	0.273	-0.070	1496	4653
-73.514	-0.948	0.270	-0.078	1508	4659
-73.797	-0.950	0.261	-0.091	1571	4666
-74.543	-0.959	0.248	-0.094	1526	4673
-75.501	-0.973	0.233	-0.094	1482	4679
-76.710	-0.980	0.216	-0.084	1527	4686
-77.230	-0.983	0.208	-0.080	1528	4692
-77.998	-0.994	0.198	-0.073	1491	4700
-77.424	-0.998	0.211	-0.071	1482	4707
-76.671	-0.997	0.228	-0.063	1447	4713
-75.367	-0.982	0.249	-0.062	1508	4720
-74.173	-0.978	0.269	-0.068	1492	4726
-73.079	-0.964	0.285	-0.068	1484	4733
-72.791	-0.952	0.285	-0.075	1489	4741
-72.323	-0.946	0.291	-0.079	1451	4747
-72.771	-0.944	0.282	-0.078	1514	4754
-73.581	-0.945	0.265	-0.087	1522	4760
-74.808	-0.959	0.245	-0.088	1489	4767
-75.763	-0.960	0.228	-0.087	1531	4774
-76.845	-0.971	0.210	-0.086	1547	4781
-76.906	-0.971	0.210	-0.083	1556	4788
-77.272	-0.978	0.210	-0.068	1459	4794
-77.438	-0.981	0.203	-0.081	1454	4801
-76.679	-0.980	0.217	-0.083	1441	4808
-75.722	-0.976	0.231	-0.090	1431	4814
-74.420	-0.970	0.251	-0.101	1493	4822
-73.757	-0.965	0.265	-0.095	1574	4828
-72.829	-0.968	0.286	-0.087	1444	4835
-72.430	-0.971	0.294	-0.090	1446	4842
-72.018	-0.966	0.299	-0.095	1483	4848
-72.385	-0.965	0.291	-0.096	1537	4855
-72.983	-0.940	0.273	-0.090	1506	4861
-73.809	-0.929	0.254	-0.091	1566	4869
-74.716	-0.922	0.235	-0.090	1541	4876
-76.638	-0.924	0.200	-0.090	1466	4882
-78.211	-0.950	0.176	-0.092	1416	4889
-78.582	-0.968	0.167	-0.102	1397	4895
-79.128	-0.988	0.165	-0.094	1437	4902
-78.626	-0.986	0.181	-0.082	1469	4910
-77.808	-0.989	0.204	-0.063	1493	4916
-76.047	-0.980	0.234	-0.066	1488	4923
-74.310	-0.964	0.262	-0.069	1564	4929
-72.795	-0.942	0.283	-0.070	1500	4936
-71.013	-0.927	0.308	-0.084	1491	4942
-70.997	-0.925	0.305	-0.093	1466	4950
-71.547	-0.938	0.297	-0.099	1478	4957
-72.434	-0.956	0.286	-0.099	1472	4963
-73.799	-0.974	0.269	-0.089	1543	4970
-75.017	-0.991	0.251	-0.086	1484	4977
-75.756	-0.984	0.235	-0.084	1440	4983
-76.330	-0.989	0.229	-0.072	1437	4990
-75.837	-0.977	0.233	-0.079	1477	4997
-74.810	-0.965	0.254	-0.064	1488	5004
-72.907	-0.944	0.281	-0.072	1520	5011
-71.529	-0.948	0.306	-0.083	1457	5017
-70.957	-0.938	0.312	-0.084	1576	5024
-71.176	-0.938	0.308	-0.088	1488	5030
-72.162	-0.935	0.289	-0.083	1473	5038
-73.597	-0.946	0.264	-0.090	1579	5045
-75.395	-0.959	0.235	-0.084	1481	5051
-76.323	-0.966	0.219	-0.086	1481	5058
-76.971	-0.975	0.212	-0.077	1454	5064
-76.482	-0.978	0.223	-0.075	1434	5071
-76.452	-0.977	0.224	-0.073	1453	5079
-75.160	-0.969	0.245	-0.076	1472	5085
-74.006	-0.947	0.262	-0.072	1501	5092
-72.604	-0.949	0.286	-0.081	1441	5098
-71.580	-0.938	0.301	-0.085	1462	5105
-71.297	-0.934	0.305	-0.084	1439	5111
-71.755	-0.936	0.296	-0.087	1543	5118
-72.495	-0.940	0.284	-0.085	1476	5126
-73.577	-0.951	0.270	-0.077	1482	5132
-74.172	-0.953	0.257	-0.084	1550	5139
-75.480	-0.963	0.239	-0.070	1512	5146
-75.413	-0.975	0.238	-0.087	1528	5152
-75.891	-0.971	0.230	-0.080	1486	5159
-75.422	-0.968	0.238	-0.081	1528	5166
-74.753	-0.962	0.248	-0.085	1405	5173
-73.812	-0.965	0.266	-0.089	1438	5180
-72.497	-0.961	0.285	-0.103	1412	5186
-71.667	-0.952	0.303	-0.089	1410	5193
-70.823	-0.947	0.316	-0.092	1451	5199
-70.740	-0.946	0.320	-0.082	1544	5207
-71.164	-0.942	0.313	-0.071	1518	5214
-71.632	-0.938	0.306	-0.061	1498	5220
-71.758	-0.932	0.300	-0.066	1524	5227
-72.800	-0.937	0.281	-0.070	1590	5233
-73.277	-0.938	0.269	-0.085	1541	5240
-74.366	-0.942	0.250	-0.084	1524	5248
-74.496	-0.951	0.245	-0.098	1496	5254
-75.171	-0.962	0.234	-0.100	1522	5261
-75.337	-0.972	0.236	-0.094	1510	5267
-75.077	-0.974	0.244	-0.088	1465	5274
-74.322	-0.976	0.265	-0.070	1458	5281
-73.092	-0.968	0.285	-0.072	1462	5287
-71.636	-0.954	0.309	-0.071	1528	5295
-70.426	-0.931	0.322	-0.075	1498	5301
-69.168	-0.915	0.338	-0.084	1472	5308
-68.423	-0.909	0.349	-0.088	1512	5315
-69.478	-0.911	0.331	-0.082	1536	5321
-70.565	-0.928	0.318	-0.076	1544	5328
-71.748	-0.942	0.303	-0.070	1493	5335
-73.336	-0.968	0.280	-0.073	1441	5342
-73.606	-0.973	0.276	-0.074	1455	5349
-73.844	-0.977	0.272	-0.076	1492	5355
-73.628	-0.979	0.276	-0.079	1543	5362
-72.057	-0.973	0.303	-0.087	1483	5368
-70.396	-0.964	0.331	-0.091	1466	5376
-69.405	-0.949	0.346	-0.088	1479	5383
-68.865	-0.942	0.353	-0.092	1592	5389
-69.077	-0.940	0.349	-0.088	1460	5396
-69.931	-0.936	0.331	-0.085	1522	5402
-70.588	-0.926	0.314	-0.087	1504	5409
-71.727	-0.924	0.293	-0.085	1489	5416
-73.553	-0.932	0.266	-0.071	1466	5423
-74.680	-0.943	0.250	-0.065	1565	5430
-75.707	-0.952	0.236	-0.055	1451	5436
-76.068	-0.963	0.233	-0.051	1450	5443
-75.112	-0.964	0.251	-0.052	1469	5450
-74.096	-0.958	0.267	-0.059	1546	5456
-72.894	-0.945	0.285	-0.058	1510	5464
-71.496	-0.947	0.310	-0.068	1435	5470
-71.310	-0.933	0.307	-0.074	1424	5477
-70.886	-0.927	0.312	-0.078	1465	5484
-71.191	-0.931	0.306	-0.084	1596	5490
-71.494	-0.936	0.305	-0.072	1487	5497
-72.143	-0.938	0.296	-0.061	1540	5504
-72.402	-0.940	0.291	-0.065	1436	5511
-73.570	-0.952	0.275	-0.055	1501	5518
-74.117	-0.956	0.262	-0.074	1516	5524
-73.920	-0.962	0.267	-0.076	1472	5531
-73.390	-0.965	0.280	-0.065	1527	5537
-72.077	-0.961	0.303	-0.070	1503	5544
-70.948	-0.950	0.320	-0.071	1440	5552
-70.015	-0.933	0.329	-0.082	1572	5558
-69.397	-0.928	0.336	-0.094	1507	5565
-69.554	-0.924	0.333	-0.088	1516	5571
-69.560	-0.930	0.333	-0.096	1529	5578
-70.289	-0.935	0.322	-0.091	1536	5585
-71.163	-0.951	0.315	-0.076	1479	5592
-71.629	-0.952	0.307	-0.077	1555	5599
-72.114	-0.952	0.300	-0.067	1460	5605
-72.325	-0.939	0.293	-0.062	1518	5612
-72.391	-0.946	0.292	-0.070	1432	5619
-72.616	-0.944	0.288	-0.066	1589	5625
-72.206	-0.948	0.298	-0.063	1531	5633
-71.469	-0.941	0.308	-0.070	1557	5639
-70.919	-0.950	0.321	-0.069	1509	5646
-69.898	-0.932	0.333	-0.073	1420	5653
-69.463	-0.932	0.341	-0.075	1534	5659
-68.807	-0.930	0.353	-0.075	1456	5666
-68.734	-0.929	0.352	-0.084	1428	5672
-69.020	-0.928	0.345	-0.088	1374	5680
-69.644	-0.935	0.336	-0.086	1437	5687
-70.437	-0.938	0.324	-0.078	1437	5693
-70.593	-0.933	0.317	-0.085	1493	5700
-71.118	-0.931	0.312	-0.061	1523	5706
-71.065	-0.931	0.313	-0.061	1496	5713
-70.963	-0.939	0.319	-0.056	1525	5721
-71.177	-0.945	0.317	-0.056	1485	5727
-70.953	-0.941	0.319	-0.061	1507	5734
-70.605	-0.935	0.320	-0.075	1451	5740
-70.514	-0.931	0.321	-0.072	1489	5747
-71.102	-0.926	0.307	-0.080	1505	5754
-71.558	-0.928	0.299	-0.080	1564	5761
-72.110	-0.944	0.296	-0.073	1496	5768
-72.110	-0.953	0.299	-0.073	1420	5774
-71.275	-0.952	0.315	-0.068	1431	5781
-70.700	-0.952	0.327	-0.064	1524	5788
-69.698	-0.948	0.346	-0.060	1540	5794
-69.197	-0.940	0.354	-0.052	1455	5801
-68.914	-0.928	0.354	-0.055	1432	5808
-68.967	-0.925	0.351	-0.060	1484	5815
-69.139	-0.922	0.346	-0.063	1606	5822
-69.581	-0.920	0.335	-0.071	1481	5828
-70.259	-0.929	0.324	-0.077	1535	5835
-70.312	-0.932	0.321	-0.089	1520	5841
-70.535	-0.926	0.313	-0.094	1536	5849
-71.034	-0.935	0.306	-0.099	1547	5856
-71.580	-0.937	0.296	-0.099	1434	5862
-71.802	-0.938	0.293	-0.096	1478	5869
-71.451	-0.947	0.304	-0.094	1499	5875
-70.598	-0.936	0.318	-0.085	1497	5882
-69.887	-0.933	0.336	-0.062	1523	5890
-68.952	-0.928	0.354	-0.050	1457	5896
-67.752	-0.921	0.374	-0.045	1489	5903
-67.302	-0.919	0.382	-0.044	1540	5909
-67.455	-0.922	0.379	-0.054	1624	5916
-67.405	-0.920	0.379	-0.055	1508	5923
-68.025	-0.922	0.367	-0.060	1570	5929
-68.672	-0.920	0.351	-0.078	1469	5937
-69.192	-0.924	0.339	-0.092	1596	5943
-69.824	-0.922	0.327	-0.088	1389	5950
-70.625	-0.937	0.315	-0.095	1431	5957
-69.371	-0.939	0.342	-0.091	1407	5963
-68.704	-0.949	0.360	-0.084	1459	5970
-67.836	-0.950	0.379	-0.079	1480	5977
-66.381	-0.941	0.405	-0.072	1491	5984
-64.465	-0.925	0.438	-0.062	1477	5991
-63.387	-0.915	0.455	-0.056	1548	5997
-62.886	-0.919	0.468	-0.051	1589	6004
-63.017	-0.910	0.461	-0.048	1472	6010
-64.291	-0.916	0.438	-0.056	1488	6018
-66.060	-0.933	0.412	-0.040	1477	6025
-67.984	-0.936	0.374	-0.057	1497	6031
-70.359	-0.938	0.328	-0.065	1620	6038
-71.401	-0.935	0.308	-0.065	1438	6044
-72.627	-0.929	0.284	-0.061	1525	6051
-72.267	-0.922	0.288	-0.063	1589	6059
-72.041	-0.924	0.292	-0.066	1453	6065
-70.913	-0.914	0.309	-0.069	1398	6072
-69.334	-0.902	0.333	-0.070	1523	6078
-68.211	-0.918	0.359	-0.074	1429	6085
-67.401	-0.922	0.378	-0.066	1436	6092
-67.002	-0.922	0.387	-0.060	1525	6098
-66.429	-0.931	0.402	-0.055	1501	6106
-66.522	-0.944	0.406	-0.057	1457	6112
-66.542	-0.941	0.404	-0.059	1457	6119
-67.218	-0.932	0.384	-0.076	1478	6126
-67.853	-0.913	0.361	-0.087	1506	6132
-69.917	-0.902	0.315	-0.097	1555	6139
-72.163	-0.890	0.271	-0.091	1503	6146
-73.903	-0.893	0.243	-0.085	1461	6153
-74.655	-0.898	0.231	-0.085	1477	6160
-74.918	-0.916	0.236	-0.071	1605	6166
-74.669	-0.926	0.244	-0.069	1506	6173
-73.491	-0.935	0.271	-0.060	1547	6179
-71.861	-0.937	0.301	-0.061	1444	6187
-69.603	-0.933	0.342	-0.059	1437	6194
-67.580	-0.923	0.374	-0.071	1560	6200
-66.490	-0.916	0.393	-0.068	1507	6207
-65.363	-0.917	0.416	-0.062	1451	6213
-64.744	-0.919	0.429	-0.064	1507	6220
-64.630	-0.927	0.435	-0.065	1442	6227
-64.304	-0.933	0.443	-0.069	1454	6234
-64.407	-0.935	0.442	-0.068	1434	6241
-64.240	-0.925	0.438	-0.083	1537	6247
-64.735	-0.921	0.425	-0.092	1464	6254
-64.646	-0.908	0.422	-0.085	1573	6261
-65.508	-0.904	0.404	-0.079	1431	6267
-65.840	-0.899	0.397	-0.069	1468	6275
-66.352	-0.891	0.384	-0.069	1507	6281
-66.559	-0.904	0.386	-0.070	1522	6288
-66.772	-0.920	0.389	-0.069	1448	6294
-66.619	-0.918	0.392	-0.064	1477	6301
-67.075	-0.916	0.383	-0.060	1572	6308
-67.712	-0.917	0.370	-0.065	1459	6315
-67.970	-0.917	0.365	-0.065	1477	6322
-67.757	-0.913	0.368	-0.063	1490	6328
-68.645	-0.916	0.352	-0.068	1533	6335
-68.581	-0.914	0.351	-0.075	1503	6342
-69.423	-0.911	0.335	-0.069	1523	6348
-69.705	-0.905	0.328	-0.066	1593	6355
-70.215	-0.910	0.319	-0.072	1402	6362
-70.004	-0.912	0.325	-0.066	1411	6369
-69.400	-0.912	0.337	-0.063	1538	6376
-68.664	-0.917	0.354	-0.058	1557	6382
-67.591	-0.918	0.376	-0.044	1589	6389
-66.155	-0.908	0.399	-0.040	1593	6395
-65.414	-0.911	0.415	-0.039	1633	6403
-64.519	-0.915	0.435	-0.036	1668	6410
-63.573	-0.912	0.451	-0.044	1625	6416
-63.069	-0.918	0.464	-0.048	1481	6423
-63.212	-0.921	0.459	-0.074	1553	6429
-64.482	-0.916	0.430	-0.081	1512	6436
-64.895	-0.911	0.418	-0.087	1406	6444
-66.281	-0.905	0.388	-0.089	1471	6450
-67.260	-0.912	0.374	-0.079	1304	6457
-67.689	-0.909	0.365	-0.076	1557	6463
-68.521	-0.916	0.354	-0.070	1540	6470
-68.534	-0.917	0.355	-0.061	1571	6477
-68.410	-0.914	0.356	-0.062	1426	6483
-67.503	-0.916	0.374	-0.063	1340	6491
-67.714	-0.917	0.367	-0.080	1488	6497
-67.471	-0.916	0.370	-0.086	1334	6504
-67.299	-0.910	0.373	-0.076	1416	6511
-66.863	-0.901	0.380	-0.063	1503	6517
-66.497	-0.898	0.387	-0.056	1548	6524
-66.426	-0.891	0.385	-0.055	1442	6531
-66.482	-0.894	0.383	-0.068	1509	6538
-65.971	-0.881	0.387	-0.068	1382	6545
-65.198	-0.883	0.399	-0.083	1565	6551
-65.173	-0.884	0.398	-0.092	1473	6558
-64.963	-0.894	0.406	-0.096	1487	6564
-64.430	-0.898	0.417	-0.104	1445	6572
-64.086	-0.909	0.428	-0.110	1502	6579
-64.049	-0.911	0.429	-0.113	1460	6585
-63.976	-0.911	0.430	-0.115	1572	6592
-63.552	-0.900	0.434	-0.112	1418	6598
-63.551	-0.901	0.437	-0.103	1413	6605
-63.135	-0.890	0.442	-0.086	1476	6612
-62.869	-0.889	0.450	-0.068	1456	6619
-62.312	-0.884	0.459	-0.066	1499	6626
-61.694	-0.879	0.470	-0.059	1465	6632
-61.832	-0.886	0.472	-0.050	1410	6639
-61.566	-0.896	0.481	-0.058	1578	6646
-61.976	-0.894	0.473	-0.053	1543	6652
-63.129	-0.907	0.456	-0.058	1545	6660
-64.046	-0.916	0.440	-0.069	1561	6666
-65.626	-0.916	0.407	-0.080	1484	6673
-67.213	-0.901	0.372	-0.070	1446	6680
-68.333	-0.877	0.341	-0.072	1471	6686
-69.197	-0.862	0.316	-0.085	1502	6693
-69.261	-0.851	0.310	-0.089	1399	6700
-68.934	-0.858	0.321	-0.078	1356	6707
-67.587	-0.872	0.353	-0.071	1464	6714
-66.835	-0.895	0.377	-0.066	1493	6720
-64.778	-0.904	0.421	-0.065	1532	6727
-62.677	-0.918	0.470	-0.065	1485	6733
-60.960	-0.917	0.506	-0.058	1550	6740
-60.372	-0.913	0.517	-0.053	1480	6747
-59.571	-0.901	0.525	-0.065	1474	6754
-59.618	-0.893	0.519	-0.070	1509	6761
-59.575	-0.890	0.517	-0.078	1434	6767
-59.894	-0.888	0.508	-0.084	1523	6774
-60.491	-0.894	0.498	-0.088	1520	6780
-60.675	-0.898	0.496	-0.093	1489	6788
-62.175	-0.903	0.466	-0.102	1452	6795
-62.588	-0.894	0.452	-0.102	1414	6801
-63.304	-0.885	0.436	-0.091	1546	6808
-63.568	-0.879	0.430	-0.079	1427	6814
-62.864	-0.875	0.443	-0.067	1411	6821
-62.136	-0.864	0.453	-0.059	1523	6829
-61.481	-0.869	0.469	-0.058	1462	6835
-60.740	-0.866	0.482	-0.053	1550	6842
-60.433	-0.868	0.489	-0.057	1524	6848
-60.896	-0.883	0.488	-0.056	1445	6855
-61.450	-0.883	0.478	-0.052	1505	6862
-62.075	-0.892	0.470	-0.052	1500	6868
-62.660	-0.894	0.458	-0.061	1396	6876
-64.388	-0.896	0.426	-0.055	1400	6882
-64.631	-0.883	0.414	-0.062	1567	6889
-65.741	-0.875	0.390	-0.061	1483	6896
-65.244	-0.869	0.396	-0.059	1486	6902
-64.584	-0.868	0.408	-0.060	1541	6909
-64.045	-0.877	0.424	-0.051	1332	6916
-62.976	-0.888	0.449	-0.057	1415	6923
-62.424	-0.896	0.462	-0.073	1603	6930
-61.818	-0.902	0.476	-0.087	1501	6936
-61.616	-0.904	0.480	-0.089	1447	6943
-61.030	-0.881	0.479	-0.089	1497	6949
-60.644	-0.877	0.485	-0.088	1476	6957
-60.996	-0.856	0.467	-0.087	1351	6964
-61.946	-0.842	0.441	-0.080	1449	6970
-62.073	-0.837	0.437	-0.079	1573	6977
-62.817	-0.840	0.427	-0.063	1470	6983
-63.304	-0.853	0.424	-0.064	1430	6990
-63.458	-0.866	0.427	-0.071	1543	6998
-63.303	-0.882	0.437	-0.078	1456	7004
-63.294	-0.898	0.443	-0.088	1460	7011
-62.850	-0.909	0.459	-0.082	1508	7017
-61.964	-0.919	0.480	-0.093	1497	7024
-61.041	-0.907	0.495	-0.083	1565	7031
-60.503	-0.894	0.501	-0.067	1457	7037
-59.564	-0.878	0.511	-0.072	1451	7045
-59.628	-0.869	0.505	-0.067	1484	7051
-59.802	-0.857	0.494	-0.069	1432	7058
-60.502	-0.851	0.476	-0.073	1407	7064
-61.780	-0.855	0.454	-0.067	1604	7071
-61.900	-0.852	0.449	-0.070	1519	7078
-61.817	-0.845	0.447	-0.069	1495	7085
-61.943	-0.851	0.445	-0.085	1583	7092
-62.741	-0.860	0.437	-0.077	1441	7098
-62.652	-0.858	0.435	-0.091	1531	7105
-63.117	-0.865	0.429	-0.093	1402	7112
-63.397	-0.864	0.424	-0.088	1471	7118
-62.985	-0.876	0.438	-0.090	1392	7126
-62.105	-0.873	0.454	-0.086	1448	7132
-60.934	-0.868	0.478	-0.069	1425	7139
-59.195	-0.861	0.511	-0.054	1410	7146
-58.373	-0.858	0.527	-0.037	1473	7152
-57.574	-0.861	0.546	-0.037	1615	7159
-57.379	-0.863	0.551	-0.044	1560	7165
-57.410	-0.863	0.550	-0.048	1626	7173
-56.944	-0.877	0.567	-0.062	1506	7180
-58.189	-0.886	0.543	-0.084	1606	7186
-58.432	-0.887	0.539	-0.079	1525	7193
-58.939	-0.874	0.520	-0.085	1461	7199
-59.138	-0.857	0.504	-0.093	1489	7206
-59.336	-0.847	0.493	-0.094	1391	7214
-60.020	-0.829	0.473	-0.073	1403	7220
-60.037	-0.807	0.462	-0.054	1415	7227
-60.243	-0.801	0.456	-0.040	1487	7233
-60.027	-0.805	0.463	-0.033	1403	7240
-59.884	-0.822	0.477	-0.020	1463	7247
-60.470	-0.849	0.480	-0.016	1572	7254
-60.790	-0.872	0.487	-0.017	1565	7261
-60.660	-0.895	0.502	-0.029	1516	7267
-61.169	-0.912	0.501	-0.033	1519	7274
-61.262	-0.916	0.500	-0.048	1449	7281
-61.061	-0.915	0.502	-0.063	1532	7287
-59.701	-0.900	0.520	-0.083	1569	7294
-58.805	-0.878	0.523	-0.093	1512	7301
-57.873	-0.856	0.526	-0.110	1457	7308
-57.355	-0.833	0.521	-0.113	1469	7314
-56.214	-0.812	0.533	-0.103	1574	7321
-56.550	-0.802	0.521	-0.093	1434	7328
-56.530	-0.821	0.536	-0.086	1434	7334
-56.981	-0.837	0.539	-0.072	1501	7342
-57.606	-0.864	0.547	-0.040	1509	7348
-57.097	-0.871	0.563	-0.035	1465	7355
-56.637	-0.879	0.578	-0.026	1623	7362
-57.589	-0.877	0.556	-0.035	1436	7368
-58.289	-0.874	0.538	-0.046	1372	7375
-58.246	-0.854	0.525	-0.061	1348	7382
-58.517	-0.846	0.513	-0.073	1602	7389
-58.440	-0.833	0.505	-0.083	1506	7396
-59.305	-0.820	0.479	-0.085	1498	7402
-60.093	-0.813	0.463	-0.068	1490	7409
-60.822	-0.819	0.454	-0.056	1424	7415
-61.187	-0.820	0.448	-0.052	1446	7422
-61.431	-0.825	0.448	-0.031	1640	7430
-60.623	-0.824	0.464	-0.011	1469	7436
-60.509	-0.843	0.477	-0.009	1483	7443
-59.841	-0.854	0.496	-0.021	1544	7449
-59.385	-0.862	0.510	-0.022	1443	7456
-58.905	-0.866	0.521	-0.031	1540	7463
-57.686	-0.862	0.544	-0.040	1427	7470
-56.888	-0.854	0.555	-0.054	1505	7477
-55.703	-0.854	0.578	-0.068	1536	7483
-54.796	-0.854	0.598	-0.079	1571	7490
-53.761	-0.861	0.625	-0.089	1369	7497
-52.985	-0.866	0.645	-0.105	1492	7503
-53.063	-0.860	0.639	-0.103	1448	7511
-53.247	-0.858	0.633	-0.103	1551	7517
-54.653	-0.851	0.592	-0.117	1561	7524
-55.090	-0.840	0.573	-0.122	1435	7531
-55.667	-0.812	0.539	-0.129	1503	7537
-56.799	-0.793	0.507	-0.111	1475	7544
-57.704	-0.776	0.482	-0.090	1445	7550
-58.435	-0.771	0.470	-0.059	1522	7558
-59.243	-0.781	0.464	-0.031	1506	7564
-58.905	-0.782	0.472	-0.010	1515	7571
-59.293	-0.801	0.476	-0.003	1427	7578
-59.105	-0.824	0.493	0.005	1417	7584
-59.522	-0.845	0.497	0.009	1537	7591
-59.791	-0.879	0.512	-0.002	1467	7598
-58.267	-0.888	0.549	-0.012	1531	7605
-58.343	-0.898	0.554	-0.017	1599	7612
-57.156	-0.894	0.576	-0.027	1435	7618
-56.786	-0.876	0.572	-0.038	1562	7625
-56.583	-0.854	0.563	-0.038	1514	7631
-57.476	-0.837	0.532	-0.039	1405	7639
-56.514	-0.803	0.529	-0.043	1534	7646
-55.484	-0.780	0.535	-0.039	1516	7652
-54.436	-0.758	0.540	-0.044	1476	7659
-53.959	-0.762	0.553	-0.041	1480	7665
-54.020	-0.780	0.564	-0.048	1503	7672
-54.106	-0.803	0.577	-0.066	1563	7678
-54.991	-0.847	0.588	-0.078	1430	7686
-54.351	-0.873	0.620	-0.087	1406	7693
-54.711	-0.895	0.626	-0.095	1502	7699
-55.214	-0.896	0.617	-0.083	1599	7706
-56.493	-0.880	0.577	-0.079	1442	7712
-57.715	-0.856	0.536	-0.073	1417	7719
-58.013	-0.816	0.505	-0.071	1583	7727
-57.995	-0.782	0.485	-0.059	1420	7733
-57.610	-0.760	0.479	-0.058	1553	7740
-57.784	-0.751	0.472	-0.038	1463	7746
-58.500	-0.761	0.466	-0.019	1411	7753
-58.056	-0.772	0.481	-0.014	1396	7760
-57.451	-0.793	0.506	-0.017	1497	7767
-56.677	-0.837	0.550	-0.021	1524	7774
-56.669	-0.877	0.574	-0.054	1676	7780
-56.693	-0.913	0.597	-0.063	1530	7787
-56.453	-0.932	0.614	-0.065	1512	7794
-55.045	-0.928	0.646	-0.063	1565	7800
-54.063	-0.916	0.661	-0.062	1561	7808
-52.679	-0.864	0.657	-0.047	1511	7814
-52.080	-0.813	0.633	-0.034	1358	7821
-51.240	-0.753	0.604	-0.005	1487	7828
-50.941	-0.704	0.571	-0.010	1527	7834
-51.416	-0.676	0.539	-0.010	1375	7841
-52.120	-0.668	0.520	-0.010	1388	7847
-53.527	-0.691	0.511	-0.020	1403	7855
-52.833	-0.737	0.559	-0.021	1560	7862
-55.549	-0.789	0.540	-0.037	1485	7868
-56.918	-0.866	0.563	-0.045	1412	7875
-57.658	-0.913	0.575	-0.059	1496	7881
-57.781	-0.948	0.592	-0.083	1595	7888
-57.844	-0.960	0.596	-0.097	1573	7896
-57.269	-0.929	0.588	-0.104	1641	7902
-57.339	-0.881	0.558	-0.089	1634	7909
-56.748	-0.813	0.528	-0.073	1571	7915
-55.139	-0.750	0.521	-0.045	1507	7922
-53.863	-0.711	0.518	-0.040	1489	7929
-52.750	-0.677	0.514	-0.031	1354	7936
-52.362	-0.679	0.522	-0.031	1391	7943
-52.653	-0.708	0.539	-0.036	1457	7949
-53.549	-0.750	0.553	-0.037	1602	7956
-54.459	-0.813	0.577	-0.062	1543	7962
-54.514	-0.849	0.602	-0.064	1458	7969
-53.932	-0.876	0.635	-0.064	1541	7976
-53.916	-0.889	0.646	-0.053	1519	7983
-54.301	-0.896	0.642	-0.049	1464	7990
-53.927	-0.878	0.638	-0.049	1537	7997
-53.700	-0.844	0.618	-0.045	1528	8003
-52.959	-0.802	0.604	-0.026	1410	8010
-52.876	-0.766	0.579	-0.022	1568	8016
-53.484	-0.748	0.554	-0.013	1567	8024
-53.447	-0.729	0.540	-0.009	1380	8030
-53.203	-0.721	0.539	-0.006	1598	8037
-53.101	-0.725	0.544	-0.010	1547	8044
-52.884	-0.734	0.556	-0.009	1502	8050
-53.176	-0.761	0.569	-0.018	1572	8057
-53.794	-0.794	0.580	-0.036	1410	8064
-54.611	-0.832	0.589	-0.051	1518	8071
-54.983	-0.852	0.595	-0.048	1411	8078
-54.562	-0.861	0.610	-0.057	1379	8084
-54.257	-0.866	0.621	-0.054	1438	8091
-53.647	-0.854	0.626	-0.053	1560	8097
-53.483	-0.832	0.614	-0.047	1365	8104
-53.081	-0.789	0.590	-0.060	1360	8112
-52.746	-0.759	0.573	-0.066	1485	8118
-52.871	-0.737	0.555	-0.063	1596	8125
-52.511	-0.717	0.546	-0.065	1566	8131
-52.898	-0.720	0.542	-0.051	1637	8138
-53.346	-0.734	0.545	-0.041	1585	8145
-53.408	-0.753	0.559	-0.021	1594	8152
-53.490	-0.785	0.581	-0.013	1414	8159
-53.400	-0.815	0.605	-0.013	1506	8165
-52.951	-0.849	0.641	0.003	1589	8172
-52.188	-0.863	0.670	0.002	1551	8178
-51.515	-0.862	0.686	0.000	1571	8185
-50.298	-0.846	0.702	0.004	1590	8193
-49.681	-0.813	0.689	-0.010	1477	8199
-49.620	-0.782	0.665	-0.017	1354	8206
-48.976	-0.736	0.640	-0.035	1325	8212
-49.567	-0.711	0.604	-0.039	1462	8219
-48.617	-0.679	0.594	-0.071	1492	8226
-49.070	-0.677	0.580	-0.089	1478	8232
-49.763	-0.690	0.576	-0.097	1580	8240
-50.216	-0.715	0.589	-0.087	1517	8246
-51.300	-0.747	0.591	-0.096	1351	8253
-52.301	-0.792	0.606	-0.083	1368	8260
-52.514	-0.824	0.626	-0.088	1472	8266
-52.815	-0.862	0.650	-0.070	1611	8273
-52.019	-0.863	0.672	-0.054	1472	8280
-51.563	-0.854	0.677	-0.029	1467	8287
-50.810	-0.819	0.668	-0.007	1495	8293
-49.951	-0.771	0.648	0.008	1612	8300
-48.882	-0.721	0.629	0.016	1473	8307
-48.090	-0.694	0.623	0.015	1478	8313
-47.567	-0.681	0.622	0.015	1624	8321
-47.811	-0.678	0.614	0.007	1412	8327
-47.693	-0.693	0.631	0.016	1343	8334
-48.363	-0.729	0.647	0.016	1412	8341
-48.485	-0.764	0.676	0.017	1508	8347
-48.558	-0.801	0.707	-0.002	1611	8354
-49.059	-0.838	0.727	-0.021	1516	8360
-48.906	-0.856	0.746	-0.036	1419	8368
-48.898	-0.846	0.736	-0.047	1482	8375
-49.379	-0.800	0.684	-0.058	1589	8381
-50.240	-0.752	0.623	-0.057	1629	8388
-50.286	-0.704	0.581	-0.066	1395	8394
-48.318	-0.656	0.580	-0.070	1387	8401
-48.704	-0.658	0.575	-0.059	1436	8408
-48.113	-0.646	0.578	-0.044	1549	8415
-48.548	-0.667	0.589	-0.017	1544	8422
-48.981	-0.705	0.613	0.008	1526	8428
-49.034	-0.741	0.644	0.001	1569	8435
-49.534	-0.777	0.663	-0.006	1520	8441
-50.389	-0.796	0.658	-0.025	1473	8449
-50.701	-0.801	0.654	-0.038	1485	8456
-51.409	-0.785	0.624	-0.057	1506	8462
-51.668	-0.760	0.598	-0.061	1524	8469
-52.694	-0.740	0.561	-0.063	1542	8475
-53.222	-0.727	0.540	-0.058	1562	8482
-53.486	-0.710	0.523	-0.048	1561	8489
-53.195	-0.699	0.521	-0.053	1562	8496
-52.960	-0.709	0.531	-0.063	1577	8503
-52.344	-0.746	0.565	-0.108	1564	8509
-49.440	-0.786	0.661	-0.125	1565	8516
-47.418	-0.857	0.782	-0.095	1563	8522
-45.380	-0.916	0.900	-0.080	1561	8529
-44.935	-0.951	0.947	-0.107	1559	8537
-45.606	-0.960	0.932	-0.124	1556	8543
-47.617	-0.922	0.831	-0.131	1551	8550
-49.852	-0.849	0.708	-0.105	1542	8556
-53.931	-0.780	0.564	-0.066	1533	8563
-57.279	-0.737	0.474	-0.009	1524	8570
-60.685	-0.721	0.403	0.033	1508	8577
-63.564	-0.729	0.350	0.095	1497	8584
-63.247	-0.715	0.325	0.155	1494	8590
-58.766	-0.655	0.327	0.226	1483	8597
-51.763	-0.601	0.370	0.295	1468	8604
-45.185	-0.540	0.444	0.301	1458	8610
-41.799	-0.511	0.512	0.254	1452	8617
-43.025	-0.503	0.521	0.136	1453	8624
-49.534	-0.531	0.453	-0.008	1453	8631
-56.822	-0.517	0.324	-0.095	1454	8637
-63.398	-0.450	0.191	-0.119	1456	8644
-72.780	-0.383	0.019	-0.117	1470	8651
-59.979	-0.329	-0.160	-0.103	1492	8657
-57.512	-0.359	-0.218	-0.070	1498	8665
-53.876	-0.410	-0.293	-0.062	1512	8671
-59.583	-0.501	-0.290	-0.049	1526	8678
-69.812	-0.566	-0.206	-0.030	1541	8685
-81.540	-0.604	-0.077	0.046	1519	8691
-73.444	-0.587	0.171	0.035	1493	8698
-56.309	-0.714	0.399	0.259	1461	8705
-47.108	-0.704	0.555	0.347	1437	8712
-39.392	-0.683	0.751	0.356	1414	8719
-35.990	-0.638	0.829	0.289	1385	8725
-31.668	-0.576	0.917	0.178	1384	8732
-27.988	-0.507	0.952	0.055	1359	8738
-25.968	-0.483	0.991	-0.051	1336	8745
-24.627	-0.448	0.967	-0.146	1330	8752
-23.264	-0.422	0.967	-0.168	1334	8759
-18.172	-0.318	0.956	-0.163	1343	8765
-17.460	-0.314	0.979	-0.205	1356	8772
-16.663	-0.324	1.068	-0.179	1376	8779
-15.386	-0.314	1.140	-0.083	1398	8785
-10.013	-0.208	1.178	0.028	1422	8793
-19.719	-0.479	1.329	0.126	1438	8799
-12.444	-0.310	1.394	0.161	1446	8806
-12.150	-0.306	1.387	0.305	1447	8812
-8.325	-0.202	1.361	0.235	1441	8819
-5.508	-0.142	1.463	0.127	1442	8826
-1.186	-0.034	1.648	0.083	1450	8833
-1.024	-0.032	1.802	-0.037	1463	8840
-0.745	-0.025	1.942	-0.204	1479	8846
-4.003	-0.142	1.999	-0.312	1494	8853
-8.579	-0.308	1.999	-0.402	1508	8859
-13.483	-0.484	1.999	-0.292	1521	8866
-15.810	-0.567	1.999	-0.137	1528	8872
-16.912	-0.519	1.705	-0.039	1541	8880
-13.448	-0.356	1.486	0.114	1554	8886
-11.691	-0.256	1.229	0.131	1574	8893
-15.552	-0.257	0.923	-0.002	1596	8900
-7.473	-0.113	0.863	0.022	1615	8906
-2.991	-0.053	0.991	0.190	1625	8913
-8.901	-0.167	1.029	0.278	1625	8920
-12.647	-0.188	0.840	0.012	1622	8927
-14.325	-0.240	0.940	0.025	1617	8933
-15.176	-0.259	0.954	0.001	1612	8940
-15.483	-0.263	0.948	-0.016	1607	8946
-14.155	-0.244	0.968	-0.022	1605	8953
-12.499	-0.214	0.964	-0.041	1602	8961
-11.091	-0.184	0.935	-0.062	1599	8967
-10.108	-0.160	0.896	-0.071	1596	8974
-9.310	-0.140	0.849	-0.074	1591	8980
-10.084	-0.146	0.819	-0.085	1584	8987
-11.843	-0.163	0.771	-0.099	1575	8993
-14.250	-0.195	0.758	-0.131	1565	9000
-16.348	-0.222	0.740	-0.152	1554	9007
-18.301	-0.252	0.744	-0.163	1547	9014
-19.709	-0.279	0.752	-0.206	1539	9021
-21.326	-0.313	0.769	-0.232	1531	9027
-22.577	-0.339	0.780	-0.235	1525	9034
-23.318	-0.370	0.819	-0.257	1520	9040
-22.914	-0.374	0.843	-0.270	1516	9048
-22.058	-0.383	0.909	-0.257	1513	9054
-24.043	-0.398	0.846	-0.287	1511	9061
-23.209	-0.414	0.938	-0.228	1512	9068
-12.747	-0.283	1.222	-0.273	1511	9074
-17.734	-0.347	1.065	-0.200	1508	9081
-16.501	-0.325	1.077	-0.212	1507	9088
-15.696	-0.311	1.084	-0.215	1506	9095
-15.472	-0.302	1.070	-0.207	1506	9101
-15.622	-0.299	1.050	-0.200	1505	9108
-16.476	-0.300	0.997	-0.183	1503	9115
-16.746	-0.290	0.949	-0.168	1500	9121
-16.969	-0.281	0.908	-0.157	1497	9128
-16.758	-0.269	0.879	-0.151	1494	9135
-16.832	-0.267	0.869	-0.146	1491	9142
-16.862	-0.265	0.857	-0.165	1488	9148
-12.367	-0.187	0.818	-0.248	1486	9155
0.962	0.027	1.553	-0.491	1485	9161
-15.953	-0.240	0.820	-0.183	1484	9168
-16.504	-0.262	0.875	-0.121	1485	9176
-19.806	-0.301	0.809	-0.209	1489	9182
-19.326	-0.316	0.877	-0.212	1492	9189
-4.214	-0.074	1.003	0.094	1491	9195
-19.208	-0.324	0.930	-0.042	1494	9202
-19.781	-0.329	0.911	-0.085	1495	9208
-14.063	-0.236	0.942	-0.044	1497	9216
-17.356	-0.300	0.954	-0.100	1499	9222
-12.573	-0.226	1.011	-0.037	1497	9229
-15.852	-0.279	0.983	0.020	1496	9236
-17.213	-0.306	0.983	-0.080	1496	9242
-15.379	-0.286	1.040	-0.021	1501	9249
-16.440	-0.302	1.022	-0.020	1507	9255
-12.974	-0.235	1.021	-0.005	1509	9263
-13.751	-0.262	1.069	-0.016	1510	9269
-17.031	-0.320	1.044	-0.060	1512	9276
-18.090	-0.343	1.047	-0.072	1514	9282
-13.491	-0.240	1.001	-0.026	1514	9289
-15.262	-0.276	1.012	-0.049	1513	9296
-14.652	-0.255	0.974	-0.050	1512	9303
-15.751	-0.270	0.954	-0.054	1511	9310
-15.262	-0.259	0.947	-0.048	1511	9316
-15.668	-0.265	0.941	-0.063	1511	9323
-15.291	-0.257	0.938	-0.060	1512	9329
-16.254	-0.279	0.956	-0.061	1513	9336
-15.843	-0.272	0.958	-0.063	1516	9344
-15.751	-0.271	0.957	-0.063	1518	9350
-15.731	-0.276	0.979	-0.058	1520	9357
-16.543	-0.296	0.995	-0.046	1523	9363
-18.024	-0.320	0.983	-0.045	1526	9370
-18.778	-0.354	1.042	-0.037	1530	9376
-16.037	-0.273	0.951	-0.014	1532	9383
-14.400	-0.248	0.966	-0.022	1530	9391
-14.472	-0.260	1.006	-0.035	1527	9397
-14.453	-0.259	1.003	-0.048	1525	9404
-14.318	-0.251	0.982	-0.042	1523	9410
-14.007	-0.244	0.978	-0.048	1520	9417
-14.567	-0.253	0.973	-0.036	1517	9423
-15.567	-0.271	0.970	-0.050	1514	9431
-15.906	-0.277	0.973	-0.033	1513	9438
-15.930	-0.276	0.968	-0.030	1513	9444
-18.004	-0.322	0.991	-0.027	1514	9451
-16.112	-0.279	0.967	-0.015	1515	9457
-15.516	-0.274	0.988	-0.016	1517	9464
-18.503	-0.327	0.978	-0.006	1518	9470
-14.943	-0.266	0.995	-0.018	1518	9478
-15.335	-0.272	0.993	-0.029	1518	9484
-14.507	-0.256	0.988	-0.032	1518	9491
-15.507	-0.272	0.981	-0.032	1518	9498
-15.155	-0.265	0.977	-0.033	1518	9504
-15.456	-0.269	0.971	-0.034	1517	9511
-15.555	-0.269	0.964	-0.042	1517	9518
-15.614	-0.269	0.960	-0.043	1517	9525
-15.522	-0.268	0.962	-0.054	1517	9531
-15.242	-0.262	0.959	-0.054	1516	9538
-15.600	-0.268	0.957	-0.051	1516	9545
-15.392	-0.265	0.960	-0.052	1516	9551
-15.392	-0.265	0.960	-0.052	1515	9559
-15.200	-0.262	0.962	-0.051	1515	9565
-15.530	-0.267	0.958	-0.052	1514	9572
-15.339	-0.264	0.960	-0.050	1513	9578
-15.576	-0.269	0.962	-0.054	1512	9585
-15.312	-0.263	0.958	-0.053	1512	9592
-15.342	-0.263	0.956	-0.053	1511	9598
-15.559	-0.269	0.963	-0.056	1510	9606
-15.951	-0.271	0.948	-0.056	1510	9612
-15.187	-0.261	0.959	-0.055	1509	9619
-15.540	-0.265	0.950	-0.054	1509	9625
-16.072	-0.271	0.940	-0.060	1509	9632
-16.395	-0.281	0.954	-0.059	1510	9639
-16.131	-0.277	0.957	-0.061	1511	9646
-15.297	-0.260	0.948	-0.053	1510	9653
-13.067	-0.223	0.958	-0.050	1509	9659
-14.285	-0.247	0.969	-0.056	1508	9666
-14.808	-0.259	0.977	-0.068	1507	9672
-14.945	-0.260	0.972	-0.055	1506	9679
-15.210	-0.262	0.961	-0.057	1505	9686
-15.232	-0.264	0.967	-0.055	1505	9693
-15.214	-0.261	0.957	-0.058	1504	9700
-15.341	-0.264	0.959	-0.064	1504	9706
-15.264	-0.262	0.957	-0.063	1503	9713
-15.378	-0.263	0.953	-0.063	1503	9719
-15.127	-0.260	0.959	-0.062	1503	9726
-15.311	-0.261	0.950	-0.064	1503	9734
-15.164	-0.259	0.953	-0.058	1502	9740
-15.101	-0.260	0.961	-0.058	1502	9747
-15.059	-0.257	0.953	-0.053	1502	9753
-14.895	-0.257	0.964	-0.058	1502	9760
-15.157	-0.262	0.965	-0.051	1501	9766
-15.611	-0.269	0.960	-0.048	1501	9774
-15.487	-0.264	0.950	-0.052	1501	9780
-15.480	-0.270	0.972	-0.055	1501	9787
-15.694	-0.270	0.958	-0.050	1501	9794
-16.075	-0.279	0.968	-0.053	1502	9800
-17.564	-0.314	0.992	-0.050	1503	9807
-16.362	-0.287	0.977	-0.052	1505	9814
-15.430	-0.257	0.930	-0.039	1506	9821
-14.367	-0.244	0.952	-0.044	1506	9827
-13.821	-0.236	0.959	-0.057	1505	9834
-14.445	-0.250	0.969	-0.059	1505	9840
-14.620	-0.254	0.972	-0.058	1505	9847
-15.052	-0.260	0.965	-0.047	1505	9854
-15.135	-0.260	0.959	-0.053	1505	9861
-15.435	-0.265	0.957	-0.054	1505	9868
-15.546	-0.267	0.957	-0.051	1506	9874
-15.357	-0.264	0.959	-0.046	1506	9881
-15.805	-0.271	0.958	-0.046	1507	9887
-15.894	-0.272	0.956	-0.040	1507	9894
-18.569	-0.336	0.999	-0.044	1508	9902
-16.461	-0.277	0.938	-0.047	1509	9908
-16.227	-0.275	0.945	-0.042	1510	9915
-16.249	-0.277	0.950	-0.052	1510	9921
-15.958	-0.274	0.958	-0.057	1509	9928
-14.164	-0.238	0.943	-0.039	1508	9934
-14.899	-0.249	0.935	-0.051	1506	9942
-14.724	-0.253	0.961	-0.055	1505	9949
-14.793	-0.255	0.964	-0.051	1507	9955
-15.702	-0.271	0.965	-0.041	1505	9962
-15.709	-0.274	0.975	-0.046	1505	9968
-15.753	-0.271	0.958	-0.043	1504	9975
-15.095	-0.255	0.944	-0.034	1503	9981
-14.529	-0.251	0.968	-0.035	1501	9989
-14.607	-0.254	0.974	-0.036	1499	9995
-14.747	-0.259	0.982	-0.038	1498	10002
-14.667	-0.258	0.984	-0.035	1497	10009
-14.950	-0.262	0.979	-0.037	1497	10015
-14.910	-0.262	0.982	-0.030	1497	10022
-14.599	-0.259	0.993	-0.028	1497	10029
-15.251	-0.267	0.978	-0.024	1498	10036
-15.093	-0.259	0.959	-0.033	1498	10043
-15.048	-0.259	0.962	-0.035	1499	10049
-14.951	-0.258	0.965	-0.034	1499	10056
-15.420	-0.268	0.970	-0.028	1499	10063
-15.151	-0.261	0.962	-0.045	1500	10070
-14.962	-0.260	0.971	-0.051	1501	10077
-14.578	-0.252	0.968	-0.044	1500	10083
-14.926	-0.260	0.974	-0.041	1499	10090
-15.940	-0.278	0.973	-0.060	1499	10097
-13.919	-0.234	0.944	-0.051	1498	10103
-14.743	-0.252	0.956	-0.052	1497	10110
-14.996	-0.255	0.949	-0.065	1497	10117
-14.733	-0.253	0.960	-0.061	1497	10124
-14.875	-0.253	0.950	-0.063	1497	10131
-15.122	-0.256	0.945	-0.054	1496	10137
-15.111	-0.257	0.949	-0.061	1496	10144
-15.142	-0.258	0.951	-0.055	1497	10151
-14.509	-0.247	0.953	-0.056	1497	10158
-14.842	-0.256	0.965	-0.036	1502	10165
-14.911	-0.256	0.960	-0.042	1501	10171
-14.935	-0.257	0.962	-0.043	1501	10178
-14.719	-0.254	0.966	-0.036	1500	10185
-14.558	-0.250	0.962	-0.037	1499	10191
-14.591	-0.255	0.979	-0.035	1498	10199
-14.641	-0.254	0.972	-0.021	1499	10206
-14.504	-0.251	0.970	-0.029	1498	10212
-14.748	-0.256	0.972	-0.022	1497	10219
-14.794	-0.261	0.987	-0.005	1496	10225
-14.890	-0.257	0.966	-0.014	1496	10232
-14.927	-0.259	0.971	-0.010	1497	10240
-15.070	-0.263	0.976	-0.012	1496	10246
-14.574	-0.254	0.977	-0.007	1494	10253
-14.558	-0.255	0.981	-0.006	1494	10259
-14.820	-0.257	0.971	0.000	1495	10266
-14.625	-0.256	0.980	-0.002	1495	10273
-14.454	-0.251	0.974	0.005	1495	10279
-14.453	-0.252	0.978	-0.002	1498	10287
-14.503	-0.255	0.985	-0.005	1498	10293
-14.575	-0.260	0.999	0.001	1499	10300
-15.005	-0.265	0.987	-0.001	1500	10307
-15.064	-0.261	0.969	0.000	1500	10313
-14.689	-0.253	0.965	0.006	1500	10320
-14.184	-0.247	0.978	0.001	1501	10327
-14.646	-0.253	0.968	-0.009	1501	10334
-14.758	-0.254	0.964	0.003	1502	10341
-14.834	-0.257	0.970	-0.001	1503	10347
-14.729	-0.254	0.966	0.000	1502	10354
-14.720	-0.252	0.959	-0.008	1503	10360
-15.062	-0.258	0.958	-0.008	1503	10368
-14.743	-0.254	0.965	-0.003	1503	10375
-14.885	-0.259	0.974	-0.005	1503	10381
-14.855	-0.255	0.961	-0.001	1503	10388
-14.712	-0.255	0.971	-0.002	1503	10394
-14.866	-0.256	0.964	-0.001	1503	10401
-14.790	-0.253	0.958	-0.001	1504	10408
-14.967	-0.260	0.972	-0.002	1503	10415
-14.579	-0.252	0.969	-0.002	1504	10422
-14.524	-0.251	0.969	0.003	1504	10428
-14.761	-0.253	0.960	-0.002	1504	10435
-14.496	-0.251	0.971	0.001	1504	10442
-14.498	-0.250	0.967	0.001	1504	10448
-14.809	-0.256	0.968	0.000	1503	10456
-14.590	-0.253	0.972	0.008	1504	10462
-14.729	-0.254	0.966	0.002	1504	10469
-14.306	-0.248	0.973	0.009	1503	10476
-14.427	-0.251	0.976	0.005	1501	10482
-14.672	-0.254	0.970	0.006	1500	10489
-14.348	-0.248	0.970	0.003	1501	10496
-14.524	-0.251	0.969	0.006	1501	10503
-14.780	-0.256	0.970	0.003	1502	10510
-14.715	-0.254	0.967	0.001	1502	10516
-14.469	-0.251	0.973	-0.002	1503	10523
-14.630	-0.254	0.973	-0.003	1503	10529
-14.928	-0.259	0.971	-0.003	1503	10536
-14.809	-0.256	0.968	0.003	1503	10544
-14.618	-0.253	0.970	0.003	1503	10550
-14.606	-0.252	0.967	0.008	1503	10557
-14.619	-0.253	0.970	-0.001	1503	10563
-14.500	-0.249	0.963	0.000	1503	10570
-14.618	-0.253	0.970	-0.004	1504	10577
-14.590	-0.253	0.972	0.000	1504	10584
-14.637	-0.251	0.961	-0.005	1504	10591
-14.540	-0.250	0.964	-0.003	1504	10597
-14.826	-0.255	0.963	-0.010	1504	10604
-14.404	-0.248	0.966	-0.005	1503	10611
-14.295	-0.246	0.966	0.000	1492	10617
-14.903	-0.258	0.969	-0.001	1488	10625
-14.852	-0.256	0.965	-0.003	1494	10631
-14.769	-0.255	0.967	-0.004	1495	10638
-14.825	-0.255	0.963	-0.013	1497	10645
-14.717	-0.253	0.963	-0.008	1498	10651
-14.637	-0.251	0.961	-0.005	1499	10658
-14.716	-0.253	0.963	-0.015	1500	10665
-14.676	-0.252	0.962	-0.015	1500	10672
-14.746	-0.253	0.961	-0.011	1501	10679
-14.594	-0.251	0.964	-0.008	1501	10685
-14.830	-0.254	0.959	-0.005	1502	10692
-14.838	-0.256	0.966	0.000	1502	10699
