-84.780	-1.016	0.047	-0.080	1484	22
-85.107	-1.000	0.017	-0.084	1484	28
-84.520	-1.000	-0.024	-0.093	1496	35
-84.168	-0.998	-0.040	-0.094	1503	41
-83.343	-0.993	-0.073	-0.090	1497	49
-82.028	-0.986	-0.096	-0.100	1494	55
-80.153	-0.976	-0.135	-0.103	1494	62
-79.132	-0.972	-0.144	-0.119	1500	68
-78.513	-0.960	-0.151	-0.123	1495	75
-78.164	-0.965	-0.153	-0.132	1490	81
-77.252	-0.963	-0.178	-0.126	1487	89
-77.423	-0.967	-0.176	-0.125	1486	95
-77.723	-0.975	-0.175	-0.120	1494	102
-78.939	-0.974	-0.148	-0.119	1487	109
-77.878	-0.979	-0.158	-0.139	1482	115
-78.195	-0.979	-0.149	-0.140	1479	122
-79.246	-0.983	-0.124	-0.140	1477	129
-80.091	-0.981	-0.094	-0.144	1478	136
-80.476	-0.986	-0.084	-0.143	1481	142
-80.767	-0.977	-0.063	-0.146	1484	149
-81.603	-0.979	-0.050	-0.136	1492	155
-82.006	-0.977	-0.041	-0.131	1496	162
-82.197	-0.983	-0.032	-0.131	1498	169
-82.914	-0.983	-0.027	-0.119	1501	176
-83.788	-0.981	-0.026	-0.104	1503	183
-83.652	-0.984	-0.016	-0.108	1509	189
-84.217	-0.983	-0.020	-0.098	1510	196
-84.481	-0.985	-0.017	-0.094	1515	202
-84.147	-0.988	-0.030	-0.097	1518	209
-83.994	-0.992	-0.031	-0.100	1521	216
-83.771	-0.996	-0.036	-0.103	1530	223
-83.662	-1.001	-0.043	-0.103	1536	230
-83.338	-1.006	-0.054	-0.104	1531	236
-82.623	-1.002	-0.060	-0.115	1529	243
-82.744	-1.002	-0.070	-0.106	1526	249
-82.840	-0.994	-0.071	-0.103	1521	257
-82.898	-0.981	-0.072	-0.099	1517	263
-82.544	-0.981	-0.090	-0.092	1513	270
-82.405	-0.979	-0.089	-0.096	1507	276
-82.189	-0.972	-0.096	-0.093	1502	283
-81.704	-0.976	-0.102	-0.100	1499	289
-80.972	-0.982	-0.112	-0.108	1496	296
-80.460	-0.990	-0.118	-0.117	1494	304
-80.562	-0.997	-0.119	-0.115	1493	310
-80.304	-1.005	-0.130	-0.112	1494	317
-80.176	-1.009	-0.134	-0.112	1495	323
-80.644	-0.996	-0.129	-0.102	1495	330
-80.080	-0.979	-0.136	-0.104	1496	336
-80.189	-0.970	-0.138	-0.096	1496	344
-80.788	-0.957	-0.130	-0.085	1496	350
-80.460	-0.969	-0.141	-0.082	1498	357
-81.408	-0.976	-0.125	-0.078	1498	364
-81.913	-0.984	-0.110	-0.086	1498	370
-82.078	-0.994	-0.108	-0.086	1497	377
-81.787	-0.990	-0.110	-0.091	1498	384
-81.877	-0.997	-0.104	-0.098	1498	391
-80.646	-1.004	-0.109	-0.124	1498	397
-80.677	-1.003	-0.099	-0.132	1498	404
-80.727	-1.002	-0.090	-0.137	1498	410
-81.723	-0.997	-0.068	-0.128	1498	417
-82.304	-0.986	-0.076	-0.109	1497	424
-82.372	-0.982	-0.054	-0.120	1496	431
-82.622	-0.980	-0.049	-0.117	1495	438
-82.638	-0.976	-0.049	-0.116	1494	444
-83.688	-0.976	-0.046	-0.098	1494	451
-84.147	-0.970	-0.055	-0.083	1493	457
-83.387	-0.969	-0.067	-0.090	1490	464
-82.681	-0.962	-0.096	-0.078	1489	471
-81.442	-0.963	-0.120	-0.081	1486	478
-81.010	-0.968	-0.133	-0.076	1482	485
-80.809	-0.980	-0.145	-0.065	1479	491
-80.750	-0.984	-0.148	-0.061	1478	498
-80.298	-0.996	-0.157	-0.065	1474	504
-80.015	-1.007	-0.168	-0.057	1469	512
-80.317	-1.001	-0.161	-0.057	1465	518
-81.124	-0.993	-0.146	-0.054	1462	525
-81.661	-0.992	-0.130	-0.065	1462	531
-82.189	-0.987	-0.113	-0.074	1463	538
-82.292	-0.978	-0.113	-0.068	1464	545
-82.955	-0.979	-0.104	-0.063	1466	551
-83.388	-0.986	-0.094	-0.065	1469	559
-83.524	-0.991	-0.091	-0.066	1473	565
-83.292	-0.993	-0.095	-0.068	1476	572
-83.056	-0.994	-0.101	-0.067	1480	578
-82.831	-0.992	-0.100	-0.075	1485	585
-82.955	-0.995	-0.102	-0.069	1489	591
-82.512	-0.994	-0.105	-0.077	1494	599
-82.671	-0.994	-0.107	-0.069	1498	606
-82.759	-0.987	-0.103	-0.072	1502	612
-82.874	-0.984	-0.100	-0.072	1506	619
-83.061	-0.981	-0.099	-0.067	1508	625
-82.794	-0.983	-0.103	-0.070	1511	632
-83.319	-0.987	-0.097	-0.063	1512	638
-83.142	-0.993	-0.099	-0.067	1512	646
-83.217	-0.995	-0.094	-0.072	1512	652
-83.254	-1.001	-0.097	-0.068	1511	659
-83.186	-0.987	-0.095	-0.070	1510	665
-83.194	-0.990	-0.096	-0.069	1508	672
-82.639	-0.986	-0.097	-0.083	1507	679
-82.672	-0.995	-0.096	-0.085	1506	686
-83.058	-0.996	-0.093	-0.078	1505	693
-82.299	-0.996	-0.098	-0.093	1504	699
-82.928	-0.999	-0.081	-0.094	1503	706
-82.613	-0.996	-0.091	-0.092	1502	712
-82.724	-0.998	-0.097	-0.083	1501	719
-82.809	-0.987	-0.094	-0.082	1501	726
-83.127	-0.983	-0.091	-0.076	1501	733
-83.326	-0.985	-0.090	-0.072	1501	740
-82.833	-0.982	-0.102	-0.070	1501	746
-82.422	-0.982	-0.103	-0.081	1500	753
-81.826	-0.973	-0.109	-0.087	1500	759
-81.589	-0.974	-0.116	-0.085	1498	766
-80.826	-0.979	-0.128	-0.093	1497	773
-80.894	-0.982	-0.128	-0.092	1495	780
-80.705	-0.989	-0.130	-0.097	1493	786
-80.915	-0.993	-0.129	-0.093	1492	793
-81.359	-0.992	-0.121	-0.090	1491	800
-81.132	-0.992	-0.120	-0.098	1491	806
-81.286	-0.990	-0.123	-0.089	1491	814
-82.012	-0.984	-0.115	-0.076	1493	820
-81.725	-0.981	-0.118	-0.080	1493	827
-81.765	-0.996	-0.110	-0.093	1494	833
-81.218	-0.985	-0.114	-0.101	1493	840
-81.526	-0.979	-0.106	-0.100	1492	846
-81.440	-0.974	-0.108	-0.099	1492	854
-81.553	-0.978	-0.107	-0.098	1491	861
-81.009	-0.974	-0.119	-0.098	1490	867
-80.623	-0.978	-0.135	-0.089	1490	874
-80.702	-0.984	-0.134	-0.090	1489	880
-80.741	-0.988	-0.139	-0.082	1489	887
-80.675	-0.983	-0.137	-0.086	1488	893
-80.049	-0.983	-0.144	-0.096	1488	901
-80.555	-0.979	-0.136	-0.090	1487	907
-80.893	-0.972	-0.128	-0.089	1488	914
-81.606	-0.974	-0.111	-0.091	1489	921
-81.569	-0.977	-0.114	-0.089	1490	927
-81.701	-0.986	-0.107	-0.096	1491	934
-81.296	-0.990	-0.119	-0.094	1492	941
-80.994	-0.987	-0.123	-0.097	1495	948
-81.277	-1.000	-0.119	-0.097	1497	954
-81.114	-0.994	-0.120	-0.099	1499	961
-80.862	-0.982	-0.128	-0.093	1502	967
-80.272	-0.992	-0.143	-0.093	1505	974
-80.589	-0.985	-0.136	-0.091	1507	982
-81.418	-0.985	-0.116	-0.093	1508	988
-81.111	-0.975	-0.116	-0.099	1509	995
-81.400	-0.976	-0.112	-0.096	1510	1001
-81.383	-0.975	-0.120	-0.086	1510	1008
-81.069	-0.984	-0.123	-0.094	1511	1014
-81.096	-0.987	-0.130	-0.084	1511	1021
-80.779	-0.984	-0.133	-0.089	1511	1029
-80.738	-0.990	-0.137	-0.086	1511	1035
-80.319	-0.984	-0.141	-0.092	1512	1042
-80.192	-0.990	-0.143	-0.095	1513	1048
-80.484	-0.982	-0.137	-0.092	1514	1055
-80.348	-0.977	-0.136	-0.096	1515	1062
-80.000	-0.977	-0.134	-0.108	1515	1069
-80.401	-0.978	-0.129	-0.104	1516	1076
-80.182	-0.976	-0.132	-0.105	1516	1082
-80.472	-0.980	-0.128	-0.104	1516	1089
-80.803	-0.982	-0.124	-0.100	1516	1096
-81.380	-0.984	-0.119	-0.090	1516	1102
-81.054	-0.985	-0.122	-0.096	1516	1110
-80.884	-0.996	-0.125	-0.100	1515	1116
-80.814	-0.992	-0.125	-0.101	1515	1123
-80.959	-0.993	-0.125	-0.097	1516	1130
-81.039	-0.983	-0.117	-0.102	1517	1136
-81.268	-0.983	-0.115	-0.098	1518	1143
-80.940	-0.975	-0.107	-0.112	1518	1150
-80.814	-0.974	-0.111	-0.111	1518	1157
-80.104	-0.971	-0.125	-0.114	1518	1164
-79.010	-0.976	-0.150	-0.115	1518	1170
-78.629	-0.979	-0.168	-0.103	1518	1177
-78.005	-0.986	-0.182	-0.104	1517	1184
-78.766	-0.996	-0.177	-0.089	1516	1190
-78.903	-0.998	-0.178	-0.082	1515	1198
-79.226	-0.996	-0.170	-0.084	1513	1204
-79.788	-0.987	-0.156	-0.085	1511	1211
-80.068	-0.978	-0.147	-0.087	1509	1218
-80.714	-0.978	-0.135	-0.086	1506	1224
-81.109	-0.970	-0.125	-0.086	1504	1231
-80.598	-0.977	-0.134	-0.091	1502	1238
-81.185	-0.985	-0.125	-0.088	1501	1245
-80.795	-0.979	-0.131	-0.090	1499	1252
-80.817	-0.997	-0.136	-0.087	1499	1258
-81.355	-0.996	-0.128	-0.081	1498	1265
-81.211	-0.995	-0.135	-0.074	1498	1271
-82.000	-0.995	-0.119	-0.073	1499	1278
-81.564	-0.987	-0.102	-0.105	1501	1286
-82.675	-0.988	-0.080	-0.099	1502	1292
-82.737	-0.976	-0.086	-0.090	1503	1299
-81.643	-0.974	-0.098	-0.104	1505	1305
-82.674	-0.989	-0.086	-0.094	1505	1312
-82.920	-0.985	-0.091	-0.082	1506	1319
-82.816	-0.988	-0.094	-0.082	1506	1326
-83.161	-0.980	-0.078	-0.088	1505	1333
-83.015	-0.986	-0.085	-0.086	1504	1339
-83.304	-0.989	-0.078	-0.086	1503	1346
-82.593	-0.983	-0.105	-0.072	1503	1353
-82.994	-0.990	-0.099	-0.071	1503	1359
-83.226	-1.000	-0.085	-0.083	1504	1367
-82.468	-1.002	-0.108	-0.076	1503	1373
-83.857	-1.003	-0.081	-0.071	1503	1380
-83.487	-0.991	-0.088	-0.071	1503	1387
-83.422	-0.990	-0.086	-0.075	1502	1393
-83.211	-0.984	-0.070	-0.094	1500	1400
-83.095	-0.980	-0.062	-0.102	1501	1406
-81.985	-0.990	-0.067	-0.122	1502	1414
-82.671	-0.989	-0.039	-0.121	1503	1421
-82.845	-0.987	-0.026	-0.121	1505	1427
-83.332	-0.997	-0.018	-0.115	1507	1434
-82.411	-0.991	-0.008	-0.132	1506	1441
-82.403	-0.993	-0.021	-0.131	1506	1447
-83.077	-1.000	-0.023	-0.119	1505	1455
-82.768	-0.986	-0.035	-0.120	1503	1461
-82.851	-0.973	-0.040	-0.115	1502	1468
-82.971	-0.949	-0.036	-0.111	1499	1475
-82.838	-0.946	-0.036	-0.113	1495	1481
-82.088	-0.942	-0.039	-0.125	1491	1488
-82.208	-0.954	-0.049	-0.121	1488	1495
-82.103	-0.978	-0.045	-0.128	1484	1502
-82.671	-0.989	-0.039	-0.121	1479	1509
-82.197	-1.006	-0.033	-0.134	1476	1515
-82.426	-1.028	-0.051	-0.127	1476	1522
-82.096	-1.014	-0.037	-0.136	1471	1528
-82.016	-0.998	-0.034	-0.136	1468	1536
-81.768	-0.984	-0.022	-0.141	1466	1543
-80.729	-0.977	-0.020	-0.158	1466	1549
-80.115	-0.955	-0.021	-0.165	1466	1556
-79.829	-0.957	-0.017	-0.171	1469	1562
-78.806	-0.948	-0.021	-0.187	1471	1569
-79.715	-0.952	-0.025	-0.171	1474	1576
-80.138	-0.951	-0.037	-0.161	1478	1583
-79.790	-0.952	-0.043	-0.166	1484	1590
-79.939	-0.968	-0.054	-0.163	1491	1597
-78.843	-0.977	-0.074	-0.178	1488	1603
-78.785	-0.991	-0.088	-0.176	1491	1610
-78.591	-0.996	-0.096	-0.177	1494	1616
-78.474	-1.010	-0.101	-0.180	1485	1624
-78.353	-1.008	-0.103	-0.181	1479	1631
-78.129	-0.989	-0.098	-0.184	1469	1637
-78.066	-0.974	-0.087	-0.187	1464	1644
-78.158	-0.953	-0.074	-0.186	1467	1650
-77.774	-0.942	-0.060	-0.195	1481	1657
-77.797	-0.946	-0.051	-0.198	1497	1665
-78.994	-0.961	-0.055	-0.179	1491	1671
-79.810	-0.973	-0.052	-0.167	1507	1678
-80.919	-0.987	-0.051	-0.149	1504	1684
-81.517	-0.987	-0.062	-0.134	1493	1691
-82.055	-0.999	-0.067	-0.122	1498	1698
-82.521	-0.998	-0.059	-0.117	1493	1704
-82.212	-0.993	-0.051	-0.126	1491	1712
-81.801	-0.993	-0.056	-0.132	1491	1718
-81.479	-0.990	-0.053	-0.139	1493	1725
-83.364	-1.003	-0.056	-0.103	1506	1732
-81.718	-0.994	-0.034	-0.141	1509	1738
-79.488	-0.968	-0.018	-0.179	1539	1745
-82.021	-0.982	0.000	-0.138	1534	1752
-84.026	-1.006	-0.013	-0.104	1529	1759
-84.199	-1.009	-0.014	-0.102	1523	1766
-84.070	-1.009	-0.008	-0.104	1520	1772
-83.783	-0.997	-0.007	-0.108	1525	1779
-84.311	-0.983	-0.008	-0.098	1529	1785
-84.977	-0.970	-0.007	-0.085	1528	1793
-85.606	-0.975	-0.016	-0.073	1539	1800
-85.287	-0.975	-0.028	-0.075	1536	1806
-84.948	-0.981	-0.045	-0.074	1534	1813
-84.812	-0.974	-0.063	-0.062	1527	1819
-86.854	-0.991	-0.014	-0.053	1518	1826
-86.808	-1.011	0.014	-0.055	1516	1833
-87.118	-1.013	0.018	-0.048	1518	1840
-86.954	-1.030	0.004	-0.055	1520	1847
-86.263	-1.020	-0.005	-0.066	1528	1853
-85.838	-1.007	0.002	-0.073	1525	1860
-85.597	-0.994	0.030	-0.070	1531	1866
-85.661	-0.997	0.030	-0.069	1533	1873
-84.862	-0.996	0.042	-0.079	1527	1881
-84.218	-0.994	0.051	-0.087	1530	1887
-84.361	-0.995	0.044	-0.088	1527	1894
-84.863	-0.978	0.022	-0.085	1528	1900
-85.408	-0.984	0.024	-0.075	1531	1907
-86.431	-0.987	0.016	-0.060	1541	1914
-86.748	-1.000	0.019	-0.054	1546	1921
-86.754	-1.008	0.020	-0.054	1545	1928
-86.624	-1.008	0.015	-0.058	1535	1934
-86.211	-1.003	0.020	-0.063	1526	1941
-85.440	-1.013	0.021	-0.078	1519	1948
-85.361	-1.009	0.024	-0.078	1510	1954
-85.336	-1.008	0.022	-0.079	1508	1961
-85.242	-1.013	0.015	-0.083	1500	1968
-85.686	-1.001	0.007	-0.075	1497	1975
-84.876	-0.997	-0.010	-0.089	1495	1981
-85.625	-0.986	-0.014	-0.074	1498	1988
-85.017	-0.979	-0.008	-0.085	1495	1995
-85.758	-0.981	-0.009	-0.072	1485	2001
-86.190	-0.983	-0.003	-0.065	1490	2009
-85.903	-0.986	-0.007	-0.070	1486	2015
-85.028	-1.000	-0.004	-0.087	1486	2022
-85.199	-1.000	-0.001	-0.084	1484	2029
-84.647	-1.001	0.003	-0.094	1498	2035
-84.404	-0.998	0.015	-0.097	1494	2042
-84.427	-0.994	0.028	-0.093	1503	2049
-83.466	-1.001	0.040	-0.107	1500	2056
-83.297	-1.003	0.044	-0.109	1501	2062
-83.355	-1.013	0.039	-0.111	1509	2069
-83.204	-1.002	0.031	-0.115	1504	2076
-83.182	-0.993	0.024	-0.116	1510	2082
-84.032	-0.992	0.016	-0.103	1511	2089
-83.970	-0.981	0.006	-0.104	1508	2096
-84.253	-0.975	-0.017	-0.097	1504	2103
-84.839	-0.963	-0.019	-0.085	1502	2110
-84.407	-0.994	-0.022	-0.095	1503	2116
-85.789	-0.994	-0.023	-0.069	1508	2123
-36.237	-0.683	-0.804	-0.471	1497	2129
-40.120	-1.391	0.432	-1.593	1486	2137
-78.204	-1.050	0.219	-0.015	1491	2144
-77.520	-1.064	0.172	0.161	1490	2150
-85.360	-1.038	0.060	0.060	1506	2157
-86.475	-1.021	-0.043	-0.046	1503	2163
-79.486	-1.001	-0.114	-0.146	1500	2170
-77.599	-0.940	-0.048	-0.201	1498	2178
-85.197	-0.880	0.016	-0.072	1497	2184
-88.107	-0.889	0.008	0.028	1501	2191
-85.230	-0.989	-0.073	-0.038	1516	2197
-78.404	-1.052	-0.092	-0.195	1505	2204
-81.814	-1.012	0.003	-0.146	1499	2211
-82.396	-0.980	0.106	-0.076	1498	2217
-83.391	-0.977	0.103	-0.048	1501	2225
-85.097	-0.983	0.029	-0.079	1517	2231
-83.354	-0.981	-0.016	-0.113	1517	2238
-82.550	-0.987	-0.023	-0.127	1519	2245
-83.720	-0.995	-0.016	-0.108	1526	2251
-85.141	-1.001	-0.005	-0.085	1518	2258
-85.705	-1.002	0.003	-0.075	1512	2265
-85.020	-1.012	-0.007	-0.088	1513	2272
-84.621	-0.997	-0.005	-0.094	1525	2278
-84.345	-0.996	0.000	-0.099	1520	2285
-84.687	-0.989	0.015	-0.091	1528	2292
-84.589	-0.985	0.021	-0.091	1530	2298
-84.727	-0.993	0.022	-0.089	1511	2306
-84.596	-0.994	0.024	-0.091	1500	2312
-83.515	-1.011	0.054	-0.102	1496	2319
-83.963	-0.987	0.014	-0.104	1495	2326
-84.700	-0.973	-0.016	-0.089	1490	2332
-29.784	-1.528	1.771	1.999	1483	2339
-44.492	-2.000	-0.380	-2.000	1472	2345
-66.299	-1.093	-0.126	-0.463	1464	2353
-71.344	-0.941	0.277	-0.155	1457	2360
-72.385	-1.080	0.341	-0.038	1468	2366
-79.602	-1.038	0.168	-0.090	1472	2373
-82.667	-0.976	0.020	-0.124	1470	2379
-76.617	-0.954	0.049	-0.222	1467	2386
-76.654	-0.923	0.104	-0.192	1477	2394
-82.256	-0.912	0.110	-0.057	1492	2400
-86.121	-0.927	0.045	-0.044	1495	2407
-82.924	-0.957	-0.053	-0.106	1496	2413
-81.237	-0.967	-0.118	-0.091	1496	2420
-88.037	-0.969	-0.029	-0.016	1498	2427
-87.177	-0.957	0.043	-0.020	1495	2434
-87.900	-1.055	0.027	0.027	1484	2441
-89.130	-1.093	0.008	-0.015	1484	2447
-85.150	-1.128	-0.014	-0.095	1495	2454
-83.630	-1.030	-0.046	-0.105	1495	2461
-83.597	-0.978	-0.062	-0.091	1489	2467
-84.877	-0.952	-0.050	-0.069	1521	2475
-85.481	-0.960	-0.040	-0.064	1506	2481
-85.326	-0.979	-0.049	-0.063	1504	2488
-85.158	-0.996	-0.051	-0.067	1516	2495
-85.635	-1.019	-0.035	-0.069	1528	2501
-86.047	-1.023	-0.021	-0.067	1516	2508
-86.018	-1.013	-0.013	-0.069	1511	2514
-85.258	-0.989	-0.002	-0.082	1513	2522
-85.027	-0.987	0.013	-0.085	1527	2528
-85.169	-0.990	0.017	-0.082	1539	2535
-85.053	-0.994	0.014	-0.085	1576	2542
-85.108	-1.002	0.012	-0.085	1570	2548
-85.153	-1.000	0.012	-0.084	1561	2555
-84.751	-0.993	0.009	-0.091	1559	2562
-84.974	-0.989	0.004	-0.087	1559	2569
-85.142	-0.988	-0.001	-0.084	1558	2576
-85.117	-0.987	-0.008	-0.084	1557	2582
-84.722	-0.993	-0.019	-0.090	1562	2589
-84.684	-0.982	-0.028	-0.087	1571	2595
-85.178	-0.982	-0.030	-0.077	1551	2603
-85.396	-0.978	-0.016	-0.077	1593	2610
-85.707	-0.984	-0.010	-0.073	1566	2616
-86.418	-0.987	0.006	-0.062	1541	2623
-85.456	-0.996	0.003	-0.079	1528	2629
-85.021	-1.000	-0.006	-0.087	1510	2636
-85.018	-0.998	-0.004	-0.087	1497	2642
-84.750	-1.001	-0.006	-0.092	1488	2650
-84.577	-1.011	-0.007	-0.096	1495	2657
-84.377	-1.013	-0.015	-0.099	1512	2663
-84.393	-1.012	-0.012	-0.099	1505	2670
-83.966	-0.991	0.008	-0.104	1540	2676
-83.970	-0.983	0.017	-0.103	1529	2683
-84.112	-0.972	0.026	-0.097	1530	2691
-83.818	-0.970	0.036	-0.099	1522	2697
-84.046	-0.969	0.035	-0.095	1483	2704
-83.617	-0.973	0.039	-0.102	1467	2710
-84.046	-0.978	0.040	-0.094	1464	2717
-84.231	-0.982	0.040	-0.091	1489	2724
-84.623	-0.994	0.029	-0.089	1521	2731
-84.852	-1.008	0.029	-0.086	1500	2738
-85.181	-1.009	0.031	-0.079	1488	2744
-84.907	-1.005	0.038	-0.081	1525	2751
-83.937	-0.995	0.047	-0.095	1535	2758
-84.032	-0.990	0.055	-0.088	1532	2764
-83.574	-0.985	0.053	-0.098	1496	2771
-83.930	-0.982	0.037	-0.098	1477	2778
-84.552	-0.979	0.021	-0.091	1468	2785
-85.449	-0.984	0.014	-0.077	1536	2791
-85.857	-0.998	-0.002	-0.072	1498	2798
-86.461	-1.011	-0.001	-0.063	1479	2805
-86.482	-1.007	0.007	-0.062	1476	2811
-85.995	-1.012	0.019	-0.068	1493	2819
-85.137	-1.004	0.032	-0.079	1510	2825
-84.535	-1.009	0.044	-0.086	1487	2832
-84.061	-0.995	0.048	-0.092	1490	2839
-84.380	-0.987	0.049	-0.084	1505	2845
-83.104	-0.977	0.063	-0.100	1524	2852
-83.795	-0.971	0.066	-0.082	1528	2859
-81.553	-0.980	0.071	-0.127	1494	2866
-83.238	-0.985	0.072	-0.092	1512	2873
-83.120	-0.996	0.083	-0.087	1515	2879
-82.376	-1.000	0.077	-0.109	1484	2886
-82.675	-0.998	0.082	-0.099	1464	2892
-82.971	-1.001	0.079	-0.095	1496	2899
-83.051	-0.995	0.078	-0.093	1559	2906
-82.490	-0.996	0.089	-0.097	1531	2913
-82.661	-0.991	0.081	-0.099	1503	2920
-81.373	-0.989	0.086	-0.123	1508	2926
-81.400	-0.977	0.086	-0.120	1496	2933
-81.469	-0.968	0.080	-0.121	1538	2939
-82.231	-0.964	0.056	-0.119	1552	2947
-83.506	-0.969	0.043	-0.102	1528	2954
-84.848	-0.974	0.038	-0.079	1530	2960
-85.098	-0.975	0.042	-0.072	1572	2967
-85.101	-0.992	0.048	-0.070	1523	2973
-84.524	-1.002	0.065	-0.070	1468	2980
-83.055	-0.998	0.084	-0.088	1497	2988
-83.032	-1.009	0.094	-0.080	1479	2994
-82.268	-1.027	0.099	-0.099	1493	3001
-82.653	-1.028	0.093	-0.095	1474	3007
-82.537	-1.028	0.093	-0.098	1519	3014
-82.607	-1.017	0.095	-0.092	1505	3021
-83.213	-0.998	0.084	-0.084	1505	3027
-83.377	-0.984	0.074	-0.087	1531	3035
-83.476	-0.974	0.068	-0.088	1530	3041
-83.589	-0.965	0.063	-0.088	1506	3048
-83.652	-0.967	0.058	-0.091	1469	3055
-83.434	-0.973	0.045	-0.103	1460	3061
-84.416	-0.978	0.035	-0.089	1457	3068
-85.112	-0.986	0.029	-0.079	1481	3075
-84.829	-0.990	0.025	-0.086	1464	3082
-84.878	-0.994	0.015	-0.088	1550	3089
-84.323	-0.996	0.025	-0.096	1537	3095
-84.615	-0.995	0.023	-0.091	1489	3102
-84.357	-0.995	0.026	-0.095	1496	3108
-83.844	-1.011	0.034	-0.104	1564	3116
-84.014	-1.004	0.046	-0.095	1484	3122
-83.596	-1.000	0.050	-0.101	1467	3129
-82.950	-0.990	0.061	-0.106	1429	3136
-83.033	-0.986	0.066	-0.101	1423	3142
-82.718	-0.988	0.066	-0.107	1418	3149
-82.665	-0.982	0.063	-0.109	1415	3155
-82.515	-0.972	0.063	-0.111	1414	3163
-82.461	-0.975	0.068	-0.109	1422	3170
-82.880	-0.978	0.062	-0.105	1466	3176
-83.360	-0.979	0.054	-0.101	1470	3183
-84.296	-0.983	0.029	-0.094	1462	3189
-84.443	-0.987	0.028	-0.092	1449	3196
-84.604	-0.984	0.027	-0.089	1460	3204
-84.631	-0.989	0.027	-0.089	1510	3210
-84.571	-0.991	0.028	-0.090	1448	3217
-83.676	-0.995	0.032	-0.105	1441	3223
-83.855	-0.997	0.040	-0.100	1433	3230
-84.168	-0.998	0.040	-0.094	1425	3237
-84.112	-0.996	0.050	-0.090	1422	3244
-83.645	-0.996	0.051	-0.099	1427	3251
-83.868	-0.996	0.050	-0.095	1441	3257
-83.562	-0.984	0.060	-0.094	1486	3264
-83.724	-0.989	0.065	-0.087	1450	3271
-83.688	-0.989	0.060	-0.092	1444	3277
-83.536	-0.992	0.063	-0.093	1474	3284
-83.991	-0.991	0.055	-0.089	1527	3291
-84.358	-0.990	0.043	-0.088	1465	3298
-85.514	-0.988	0.046	-0.063	1439	3304
-84.841	-0.990	0.058	-0.068	1433	3311
-83.952	-0.986	0.063	-0.083	1429	3318
-83.016	-0.982	0.074	-0.095	1451	3324
-82.818	-0.995	0.069	-0.104	1474	3332
-82.570	-1.002	0.077	-0.105	1460	3338
-83.301	-1.004	0.075	-0.091	1479	3345
-83.026	-1.000	0.083	-0.090	1472	3352
-83.182	-0.998	0.071	-0.096	1516	3358
-83.762	-0.991	0.061	-0.090	1496	3365
-84.727	-0.980	0.044	-0.079	1461	3372
-85.283	-0.979	0.038	-0.071	1457	3379
-85.474	-0.988	0.032	-0.071	1468	3386
-85.180	-0.985	0.041	-0.072	1466	3392
-85.298	-0.990	0.050	-0.064	1500	3399
-84.306	-0.993	0.060	-0.079	1509	3405
-83.537	-0.988	0.069	-0.088	1491	3412
-83.170	-0.992	0.081	-0.087	1484	3420
-82.547	-0.995	0.085	-0.099	1516	3426
-82.266	-0.980	0.085	-0.103	1544	3433
-82.479	-0.972	0.082	-0.099	1519	3439
-83.026	-0.978	0.074	-0.094	1492	3446
-83.301	-0.979	0.075	-0.087	1507	3452
-83.815	-0.981	0.076	-0.074	1516	3460
-83.543	-0.992	0.086	-0.072	1509	3467
-83.381	-0.998	0.093	-0.069	1511	3473
-83.522	-0.997	0.094	-0.063	1502	3480
-82.794	-1.003	0.107	-0.067	1500	3486
-82.380	-0.999	0.114	-0.069	1515	3493
-82.228	-0.993	0.118	-0.066	1501	3501
-82.460	-0.983	0.117	-0.057	1560	3507
-82.591	-0.975	0.111	-0.061	1543	3514
-82.265	-0.977	0.114	-0.067	1500	3521
-82.371	-0.981	0.099	-0.087	1523	3527
-82.595	-0.988	0.092	-0.090	1520	3534
-82.883	-1.001	0.089	-0.088	1538	3540
-83.322	-1.006	0.094	-0.071	1511	3548
-83.236	-1.015	0.090	-0.080	1492	3555
-82.470	-0.998	0.108	-0.075	1494	3561
-82.080	-0.997	0.117	-0.074	1488	3568
-81.812	-0.999	0.115	-0.086	1494	3574
-81.544	-0.995	0.115	-0.093	1481	3581
-81.578	-0.988	0.119	-0.085	1499	3589
-81.307	-0.981	0.125	-0.083	1485	3595
-81.634	-0.975	0.126	-0.068	1480	3602
-81.926	-0.981	0.115	-0.078	1518	3608
-82.608	-0.986	0.101	-0.079	1482	3615
-83.699	-0.986	0.084	-0.069	1475	3621
-84.020	-0.990	0.077	-0.069	1460	3629
-84.645	-0.996	0.074	-0.057	1490	3636
-84.635	-0.989	0.077	-0.052	1477	3642
-84.021	-0.993	0.086	-0.059	1454	3649
-83.294	-0.995	0.093	-0.071	1472	3655
-82.127	-0.988	0.105	-0.087	1475	3662
-81.235	-0.990	0.118	-0.097	1487	3670
-80.749	-0.985	0.120	-0.106	1466	3676
-80.198	-0.982	0.137	-0.101	1474	3683
-80.549	-0.979	0.126	-0.104	1451	3689
-80.887	-0.976	0.123	-0.097	1455	3696
-81.720	-0.973	0.109	-0.090	1456	3703
-82.397	-0.973	0.091	-0.093	1487	3709
-83.477	-0.984	0.070	-0.088	1479	3717
-83.537	-0.993	0.066	-0.091	1500	3723
-84.200	-0.988	0.061	-0.080	1496	3730
-84.354	-0.992	0.071	-0.067	1550	3737
-83.542	-0.982	0.080	-0.077	1488	3743
-83.220	-0.982	0.086	-0.079	1495	3750
-82.771	-0.985	0.088	-0.089	1456	3757
-82.054	-0.990	0.094	-0.102	1508	3764
-81.903	-0.990	0.099	-0.101	1501	3771
-82.265	-0.983	0.101	-0.088	1497	3777
-82.613	-0.982	0.104	-0.074	1456	3784
-82.251	-0.981	0.112	-0.072	1486	3790
-82.587	-0.979	0.110	-0.063	1540	3798
-82.140	-0.986	0.117	-0.069	1570	3805
-82.231	-0.997	0.118	-0.067	1543	3811
-82.555	-0.996	0.115	-0.061	1537	3818
-81.529	-0.991	0.132	-0.066	1527	3825
-81.654	-0.992	0.133	-0.060	1561	3831
-81.453	-0.994	0.132	-0.070	1564	3838
-81.159	-0.991	0.139	-0.067	1480	3845
-80.764	-0.987	0.147	-0.063	1548	3852
-80.314	-0.990	0.156	-0.064	1516	3859
-79.950	-0.997	0.162	-0.070	1505	3865
-80.009	-0.995	0.160	-0.071	1458	3872
-80.167	-0.990	0.153	-0.077	1451	3878
-80.209	-0.987	0.154	-0.072	1498	3886
-80.732	-0.981	0.147	-0.063	1559	3893
-81.091	-0.983	0.143	-0.059	1563	3899
-81.419	-0.982	0.136	-0.060	1496	3906
-81.116	-0.989	0.140	-0.066	1465	3912
-80.684	-0.982	0.144	-0.073	1467	3919
-80.413	-0.985	0.147	-0.077	1525	3927
-80.483	-0.983	0.144	-0.081	1478	3933
-80.475	-0.983	0.140	-0.088	1451	3940
-80.578	-0.984	0.138	-0.088	1443	3946
-81.077	-0.990	0.139	-0.070	1469	3953
-80.927	-0.993	0.136	-0.082	1489	3960
-80.887	-0.988	0.142	-0.071	1459	3966
-80.151	-0.981	0.150	-0.080	1494	3974
-80.139	-0.978	0.150	-0.079	1470	3980
-80.225	-0.979	0.147	-0.082	1442	3987
-80.439	-0.977	0.140	-0.087	1450	3994
-79.981	-0.976	0.146	-0.091	1468	4000
-79.657	-0.970	0.144	-0.104	1490	4007
-79.473	-0.978	0.146	-0.107	1505	4014
-79.572	-0.979	0.145	-0.107	1574	4021
-79.960	-0.994	0.139	-0.108	1527	4028
-79.731	-0.993	0.146	-0.104	1490	4034
-79.834	-0.991	0.150	-0.095	1436	4041
-79.888	-0.977	0.146	-0.096	1454	4047
-79.877	-0.976	0.150	-0.088	1483	4055
-80.026	-0.979	0.150	-0.084	1500	4062
-80.095	-0.988	0.152	-0.081	1476	4068
-79.632	-0.993	0.164	-0.078	1448	4075
-79.532	-0.996	0.168	-0.075	1532	4081
-79.454	-0.995	0.163	-0.088	1486	4088
-80.014	-0.990	0.153	-0.083	1485	4096
-79.947	-0.972	0.150	-0.084	1511	4102
-79.959	-0.963	0.146	-0.089	1527	4109
-79.937	-0.961	0.138	-0.101	1527	4115
-80.295	-0.971	0.133	-0.100	1466	4122
-80.269	-0.979	0.134	-0.102	1446	4129
-80.255	-0.987	0.141	-0.095	1459	4135
-80.118	-0.993	0.148	-0.089	1500	4143
-79.937	-0.986	0.151	-0.088	1463	4149
-79.846	-0.988	0.155	-0.085	1448	4156
-80.054	-0.991	0.155	-0.078	1441	4163
-79.922	-0.980	0.156	-0.077	1506	4169
-79.915	-0.978	0.157	-0.074	1544	4176
-80.057	-0.974	0.147	-0.086	1476	4183
-80.642	-0.976	0.146	-0.068	1471	4190
-80.413	-0.970	0.147	-0.071	1460	4197
-80.427	-0.969	0.145	-0.076	1458	4203
-81.077	-0.978	0.134	-0.075	1499	4210
-80.983	-0.977	0.127	-0.089	1477	4216
-80.794	-0.984	0.132	-0.090	1481	4224
-80.773	-0.985	0.134	-0.088	1500	4231
-80.561	-0.984	0.142	-0.082	1617	4237
-79.699	-0.984	0.155	-0.089	1502	4244
-79.378	-0.983	0.168	-0.076	1468	4250
-79.198	-0.978	0.168	-0.081	1476	4257
-79.105	-0.983	0.173	-0.077	1448	4264
-79.338	-0.978	0.168	-0.075	1446	4271
-79.933	-0.990	0.161	-0.070	1469	4278
-80.334	-0.993	0.154	-0.069	1473	4284
-80.725	-0.992	0.146	-0.071	1530	4291
-81.183	-0.988	0.137	-0.069	1503	4298
-81.256	-0.985	0.136	-0.067	1527	4304
-81.060	-0.976	0.134	-0.075	1554	4312
-81.183	-0.967	0.131	-0.073	1498	4318
-80.680	-0.974	0.138	-0.081	1488	4325
-80.270	-0.974	0.146	-0.080	1469	4332
-79.693	-0.979	0.155	-0.087	1448	4338
-78.836	-0.981	0.169	-0.095	1468	4345
-78.520	-0.989	0.181	-0.088	1471	4352
-78.548	-0.992	0.183	-0.084	1478	4359
-78.045	-0.996	0.196	-0.077	1468	4366
-77.943	-0.986	0.198	-0.071	1481	4372
-77.750	-0.983	0.200	-0.074	1504	4379
-78.066	-0.974	0.187	-0.087	1506	4385
-78.201	-0.964	0.181	-0.089	1511	4392
-79.021	-0.957	0.164	-0.087	1514	4400
-79.985	-0.965	0.150	-0.080	1495	4406
-80.971	-0.971	0.136	-0.073	1486	4413
-81.208	-0.973	0.131	-0.074	1492	4419
-81.079	-0.979	0.132	-0.079	1478	4426
-80.671	-0.987	0.142	-0.079	1509	4433
-80.411	-0.990	0.148	-0.077	1505	4440
-79.075	-0.991	0.177	-0.073	1475	4447
-78.387	-0.988	0.183	-0.089	1480	4453
-77.416	-0.980	0.193	-0.103	1489	4460
-77.037	-0.964	0.197	-0.102	1497	4467
-77.035	-0.964	0.196	-0.104	1522	4473
-77.518	-0.965	0.192	-0.093	1491	4481
-78.174	-0.975	0.186	-0.085	1490	4487
-78.986	-0.972	0.170	-0.083	1498	4494
-79.210	-0.979	0.166	-0.085	1505	4501
-79.532	-0.977	0.159	-0.085	1539	4507
-79.933	-0.979	0.153	-0.082	1510	4514
-79.109	-0.975	0.164	-0.091	1474	4520
-79.121	-0.973	0.168	-0.082	1479	4528
-78.718	-0.971	0.177	-0.079	1469	4535
-78.231	-0.978	0.186	-0.084	1495	4541
-78.137	-0.976	0.189	-0.078	1526	4548
-78.414	-0.977	0.186	-0.075	1552	4554
-78.078	-0.979	0.196	-0.064	1577	4561
-78.736	-0.973	0.186	-0.056	1567	4569
-78.858	-0.973	0.184	-0.055	1622	4575
-79.325	-0.979	0.177	-0.053	1585	4582
-79.557	-0.969	0.168	-0.061	1580	4588
-79.646	-0.974	0.169	-0.056	1533	4595
-79.481	-0.975	0.172	-0.057	1468	4602
-78.767	-0.984	0.185	-0.064	1527	4609
-78.084	-0.981	0.199	-0.057	1487	4616
-77.301	-0.991	0.214	-0.064	1486	4623
-76.636	-0.993	0.225	-0.072	1599	4629
-76.256	-0.995	0.232	-0.072	1614	4636
-75.328	-0.988	0.249	-0.070	1588	4642
-75.081	-0.981	0.254	-0.063	1602	4649
-74.798	-0.974	0.257	-0.063	1561	4657
-74.540	-0.955	0.255	-0.069	1531	4663
-75.239	-0.952	0.240	-0.072	1605	4670
-76.476	-0.965	0.223	-0.065	1472	4676
-77.032	-0.980	0.218	-0.060	1487	4683
-78.195	-0.998	0.200	-0.059	1522	4690
-78.666	-1.002	0.192	-0.058	1627	4697
-78.790	-1.004	0.190	-0.058	1525	4704
-78.524	-0.999	0.195	-0.055	1563	4710
-78.391	-0.981	0.194	-0.054	1510	4717
-77.118	-0.958	0.213	-0.052	1446	4724
-75.915	-0.952	0.229	-0.066	1442	4730
-75.162	-0.950	0.240	-0.075	1462	4738
-74.635	-0.953	0.247	-0.087	1464	4744
-75.238	-0.968	0.238	-0.091	1436	4751
-75.776	-0.982	0.229	-0.097	1493	4758
-77.517	-0.991	0.203	-0.083	1515	4764
-78.205	-0.996	0.192	-0.079	1502	4771
-78.527	-0.984	0.183	-0.081	1488	4777
-78.800	-0.972	0.179	-0.071	1464	4785
-78.555	-0.961	0.170	-0.095	1558	4792
-78.424	-0.955	0.169	-0.099	1487	4798
-78.220	-0.956	0.174	-0.098	1477	4805
-78.469	-0.959	0.175	-0.088	1488	4811
-78.270	-0.968	0.178	-0.094	1492	4818
-78.770	-0.974	0.180	-0.071	1456	4826
-78.503	-0.974	0.184	-0.074	1431	4832
-78.250	-0.969	0.188	-0.071	1438	4839
-77.929	-0.971	0.195	-0.070	1449	4845
-77.425	-0.973	0.199	-0.086	1474	4852
-76.377	-0.968	0.216	-0.092	1460	4859
-75.701	-0.970	0.229	-0.092	1447	4866
-75.441	-0.973	0.239	-0.081	1504	4873
-75.334	-0.969	0.236	-0.092	1496	4879
-76.253	-0.966	0.223	-0.079	1517	4886
-76.499	-0.974	0.222	-0.074	1550	4893
-77.189	-0.969	0.211	-0.063	1466	4899
-76.752	-0.959	0.218	-0.060	1464	4907
-76.562	-0.967	0.220	-0.071	1505	4913
-76.900	-0.969	0.214	-0.071	1491	4920
-77.518	-0.982	0.208	-0.063	1471	4927
-77.184	-0.991	0.219	-0.055	1479	4933
-77.091	-0.985	0.221	-0.048	1487	4940
-76.392	-0.979	0.232	-0.047	1545	4946
-76.301	-0.972	0.229	-0.059	1516	4954
-76.517	-0.967	0.223	-0.064	1469	4961
-76.686	-0.969	0.220	-0.065	1487	4967
-76.559	-0.959	0.219	-0.068	1465	4974
-77.173	-0.959	0.208	-0.066	1543	4980
-77.706	-0.974	0.202	-0.064	1549	4987
-77.769	-0.981	0.205	-0.057	1455	4995
-77.283	-0.981	0.214	-0.058	1446	5001
-76.766	-0.983	0.223	-0.063	1462	5008
-76.060	-0.984	0.233	-0.072	1483	5014
-75.371	-0.979	0.241	-0.084	1470	5021
-74.685	-0.976	0.252	-0.089	1497	5028
-74.420	-0.966	0.256	-0.084	1497	5035
-74.764	-0.968	0.253	-0.074	1466	5042
-74.705	-0.958	0.251	-0.075	1501	5048
-75.978	-0.960	0.229	-0.069	1493	5055
-77.083	-0.956	0.208	-0.069	1477	5062
-78.685	-0.965	0.185	-0.057	1486	5068
-78.938	-0.967	0.179	-0.062	1495	5075
-79.284	-0.981	0.174	-0.065	1481	5082
-78.963	-0.979	0.181	-0.062	1497	5089
-78.332	-0.977	0.190	-0.066	1489	5096
-77.778	-0.979	0.197	-0.078	1508	5102
-77.065	-0.981	0.210	-0.082	1503	5109
-76.372	-0.975	0.223	-0.079	1460	5115
-75.489	-0.961	0.238	-0.071	1456	5123
-74.939	-0.962	0.247	-0.077	1539	5130
-74.222	-0.954	0.256	-0.085	1500	5136
-74.566	-0.958	0.248	-0.092	1509	5143
-74.920	-0.957	0.244	-0.083	1470	5149
-74.712	-0.950	0.247	-0.080	1504	5156
-75.098	-0.960	0.244	-0.075	1533	5164
-75.745	-0.967	0.235	-0.070	1483	5170
-75.425	-0.970	0.236	-0.088	1440	5177
-76.477	-0.975	0.223	-0.073	1455	5183
-76.847	-0.973	0.216	-0.071	1458	5190
-76.983	-0.973	0.212	-0.075	1490	5197
-76.731	-0.968	0.217	-0.071	1505	5203
-76.417	-0.968	0.226	-0.062	1493	5211
-76.246	-0.967	0.229	-0.062	1445	5217
-75.778	-0.965	0.235	-0.066	1504	5224
-75.628	-0.957	0.236	-0.065	1514	5231
-75.824	-0.955	0.230	-0.071	1516	5237
-76.024	-0.955	0.229	-0.065	1472	5244
-75.981	-0.953	0.229	-0.066	1439	5251
-76.051	-0.960	0.228	-0.071	1487	5258
-76.280	-0.959	0.224	-0.069	1482	5265
-76.790	-0.974	0.218	-0.069	1530	5271
-76.294	-0.979	0.229	-0.065	1505	5278
-75.964	-0.985	0.239	-0.059	1569	5284
-74.958	-0.984	0.254	-0.074	1465	5292
-74.213	-0.979	0.269	-0.066	1447	5299
-73.845	-0.970	0.272	-0.068	1517	5305
-73.345	-0.958	0.278	-0.068	1496	5312
-73.615	-0.952	0.271	-0.068	1544	5318
-73.709	-0.949	0.271	-0.062	1467	5325
-74.241	-0.951	0.262	-0.060	1469	5332
-74.348	-0.950	0.262	-0.049	1489	5339
-75.191	-0.960	0.248	-0.054	1535	5346
-75.689	-0.966	0.240	-0.055	1486	5352
-75.981	-0.961	0.232	-0.060	1506	5359
-76.581	-0.959	0.222	-0.057	1500	5366
-76.524	-0.967	0.224	-0.061	1530	5372
-76.868	-0.975	0.221	-0.055	1544	5380
-76.801	-0.976	0.222	-0.057	1494	5386
-76.682	-0.977	0.225	-0.055	1481	5393
-75.763	-0.971	0.236	-0.069	1502	5400
-75.082	-0.960	0.244	-0.076	1568	5406
-74.541	-0.949	0.250	-0.080	1508	5413
-74.313	-0.942	0.251	-0.084	1535	5420
-73.929	-0.943	0.259	-0.083	1477	5427
-73.868	-0.943	0.262	-0.077	1523	5434
-73.579	-0.940	0.268	-0.072	1580	5440
-73.843	-0.944	0.265	-0.069	1563	5447
-73.883	-0.954	0.268	-0.066	1502	5453
-74.370	-0.968	0.264	-0.062	1470	5460
-74.497	-0.973	0.261	-0.069	1568	5468
-75.032	-0.974	0.253	-0.062	1498	5474
-75.012	-0.978	0.254	-0.063	1510	5481
-74.689	-0.971	0.258	-0.064	1465	5487
-74.636	-0.971	0.258	-0.068	1524	5494
-74.451	-0.962	0.260	-0.064	1526	5501
-74.196	-0.959	0.263	-0.068	1534	5508
-73.388	-0.951	0.274	-0.072	1536	5515
-73.307	-0.942	0.275	-0.063	1577	5521
-73.617	-0.940	0.267	-0.073	1520	5528
-74.251	-0.948	0.259	-0.067	1538	5535
-74.606	-0.953	0.255	-0.063	1587	5541
-74.621	-0.969	0.259	-0.063	1503	5549
-74.984	-0.979	0.256	-0.059	1494	5556
-74.625	-0.975	0.262	-0.058	1565	5562
-74.131	-0.976	0.272	-0.052	1510	5569
-73.947	-0.977	0.276	-0.051	1538	5575
-73.546	-0.973	0.284	-0.042	1475	5582
-72.558	-0.967	0.300	-0.049	1468	5590
-72.060	-0.957	0.306	-0.051	1544	5596
-71.708	-0.950	0.309	-0.059	1508	5603
-71.664	-0.950	0.308	-0.067	1503	5609
-72.340	-0.946	0.295	-0.062	1467	5616
-72.618	-0.950	0.291	-0.062	1524	5623
-73.363	-0.951	0.276	-0.066	1508	5629
-73.616	-0.943	0.270	-0.065	1544	5637
-73.838	-0.944	0.269	-0.053	1519	5643
-74.047	-0.938	0.262	-0.058	1511	5650
-74.380	-0.946	0.257	-0.063	1542	5657
-74.834	-0.949	0.248	-0.068	1570	5663
-74.759	-0.958	0.254	-0.061	1489	5670
-74.855	-0.969	0.254	-0.065	1531	5677
-74.647	-0.977	0.261	-0.063	1499	5684
-74.664	-0.981	0.263	-0.059	1553	5691
-75.042	-0.977	0.257	-0.046	1519	5697
-74.308	-0.973	0.270	-0.045	1473	5704
-73.508	-0.961	0.280	-0.049	1482	5710
-72.946	-0.943	0.284	-0.055	1504	5718
-73.110	-0.944	0.280	-0.061	1589	5725
-73.442	-0.939	0.270	-0.073	1559	5731
-74.135	-0.944	0.254	-0.087	1504	5738
-75.309	-0.940	0.236	-0.070	1557	5744
-75.500	-0.932	0.232	-0.063	1596	5751
-75.866	-0.931	0.226	-0.063	1654	5758
-75.529	-0.930	0.232	-0.060	1536	5765
-75.384	-0.938	0.238	-0.055	1471	5772
-74.581	-0.947	0.253	-0.065	1512	5778
-73.939	-0.961	0.269	-0.066	1524	5785
-73.689	-0.967	0.276	-0.061	1496	5792
-72.971	-0.977	0.295	-0.050	1472	5798
-71.853	-0.975	0.316	-0.044	1497	5806
-71.353	-0.965	0.323	-0.039	1526	5812
-71.154	-0.959	0.324	-0.045	1544	5819
-71.092	-0.953	0.323	-0.046	1482	5826
-70.664	-0.948	0.330	-0.042	1502	5832
-70.427	-0.938	0.330	-0.049	1542	5839
-70.333	-0.938	0.330	-0.058	1580	5846
-71.258	-0.940	0.312	-0.064	1552	5853
-71.998	-0.950	0.302	-0.065	1557	5860
-72.180	-0.965	0.303	-0.067	1456	5866
-72.417	-0.969	0.299	-0.070	1584	5873
-72.408	-0.973	0.300	-0.072	1468	5879
-71.279	-0.962	0.320	-0.061	1508	5886
-71.085	-0.963	0.326	-0.050	1473	5894
-70.134	-0.943	0.337	-0.052	1451	5900
-69.966	-0.940	0.340	-0.046	1489	5907
-69.852	-0.937	0.340	-0.051	1506	5913
-70.660	-0.929	0.323	-0.042	1544	5920
-71.025	-0.930	0.317	-0.038	1543	5927
-71.614	-0.923	0.304	-0.043	1473	5934
-72.820	-0.929	0.284	-0.041	1436	5941
-73.490	-0.937	0.273	-0.048	1470	5947
-73.557	-0.948	0.275	-0.050	1543	5954
-73.186	-0.957	0.283	-0.059	1487	5961
-73.290	-0.968	0.285	-0.056	1421	5967
-73.024	-0.976	0.292	-0.059	1465	5975
-72.242	-0.975	0.309	-0.047	1577	5981
-71.004	-0.968	0.329	-0.052	1568	5988
-70.483	-0.971	0.340	-0.054	1606	5995
-69.783	-0.957	0.347	-0.063	1472	6001
-69.627	-0.936	0.341	-0.067	1517	6008
-70.018	-0.917	0.327	-0.064	1566	6014
-70.898	-0.909	0.309	-0.063	1506	6022
-71.728	-0.910	0.294	-0.063	1429	6029
-72.690	-0.928	0.285	-0.048	1435	6035
-74.176	-0.955	0.267	-0.047	1443	6042
-74.478	-0.967	0.264	-0.051	1447	6048
-74.424	-0.974	0.267	-0.051	1492	6055
-73.349	-0.967	0.285	-0.048	1459	6063
-72.186	-0.967	0.307	-0.050	1455	6069
-70.830	-0.948	0.326	-0.048	1431	6076
-69.065	-0.935	0.353	-0.060	1534	6082
-68.816	-0.927	0.354	-0.063	1529	6089
-68.614	-0.922	0.354	-0.068	1464	6096
-68.829	-0.923	0.352	-0.064	1456	6103
-68.791	-0.917	0.349	-0.071	1569	6110
-69.706	-0.931	0.334	-0.083	1502	6116
-70.858	-0.940	0.315	-0.084	1467	6123
-72.695	-0.966	0.288	-0.087	1506	6130
-73.985	-0.971	0.269	-0.074	1518	6136
-73.848	-0.961	0.270	-0.069	1421	6144
-73.463	-0.954	0.275	-0.066	1429	6150
-72.749	-0.961	0.293	-0.057	1452	6157
-71.756	-0.942	0.305	-0.061	1437	6164
-70.684	-0.926	0.319	-0.058	1442	6170
-70.026	-0.923	0.330	-0.060	1501	6177
-69.512	-0.911	0.337	-0.049	1469	6183
-69.928	-0.917	0.330	-0.058	1539	6191
-70.691	-0.915	0.316	-0.052	1469	6198
-72.080	-0.914	0.291	-0.052	1541	6204
-73.183	-0.919	0.271	-0.059	1508	6211
-74.278	-0.932	0.256	-0.058	1509	6217
-74.735	-0.963	0.253	-0.071	1567	6224
-74.819	-0.979	0.257	-0.068	1447	6232
-74.048	-0.982	0.274	-0.060	1484	6238
-72.606	-0.979	0.302	-0.056	1430	6245
-70.252	-0.971	0.346	-0.044	1467	6252
-68.374	-0.945	0.372	-0.045	1463	6258
-67.195	-0.923	0.386	-0.042	1442	6265
-65.879	-0.911	0.404	-0.055	1522	6272
-64.900	-0.897	0.416	-0.061	1455	6279
-65.007	-0.896	0.412	-0.069	1572	6285
-66.778	-0.898	0.380	-0.065	1545	6292
-68.708	-0.911	0.349	-0.067	1537	6299
-71.319	-0.931	0.309	-0.062	1571	6305
-73.834	-0.951	0.269	-0.063	1583	6312
-75.621	-0.977	0.243	-0.060	1486	6320
-76.027	-0.986	0.239	-0.055	1459	6326
-75.259	-0.987	0.256	-0.045	1485	6333
-73.013	-0.983	0.297	-0.046	1430	6339
-70.875	-0.966	0.332	-0.044	1453	6346
-68.035	-0.947	0.379	-0.049	1445	6352
-66.310	-0.924	0.401	-0.057	1392	6360
-65.706	-0.917	0.409	-0.063	1449	6367
-65.516	-0.908	0.407	-0.072	1499	6373
-66.332	-0.906	0.390	-0.077	1475	6380
-68.318	-0.895	0.349	-0.070	1506	6386
-71.132	-0.896	0.298	-0.070	1507	6393
-74.280	-0.901	0.245	-0.065	1504	6401
-76.470	-0.923	0.212	-0.066	1482	6407
-78.209	-0.953	0.190	-0.058	1529	6414
-78.389	-0.976	0.191	-0.060	1454	6420
-77.523	-0.991	0.213	-0.053	1454	6427
-75.821	-0.995	0.248	-0.041	1542	6434
-73.194	-0.977	0.293	-0.034	1486	6440
-69.900	-0.952	0.348	-0.023	1442	6448
-66.635	-0.920	0.396	-0.027	1414	6455
-63.913	-0.896	0.437	-0.041	1555	6461
-62.649	-0.884	0.453	-0.061	1535	6468
-62.361	-0.887	0.457	-0.082	1451	6474
-63.794	-0.894	0.430	-0.094	1600	6481
-65.339	-0.896	0.404	-0.077	1501	6488
-68.104	-0.917	0.358	-0.086	1566	6495
-70.536	-0.927	0.320	-0.068	1528	6502
-72.584	-0.955	0.295	-0.053	1471	6508
-73.421	-0.979	0.290	-0.030	1526	6515
-71.770	-0.979	0.321	-0.025	1468	6521
-70.664	-0.979	0.342	-0.036	1382	6529
-68.319	-0.962	0.379	-0.052	1481	6536
-66.427	-0.938	0.405	-0.059	1435	6542
-65.109	-0.935	0.428	-0.071	1486	6549
-64.143	-0.918	0.439	-0.069	1417	6555
-64.304	-0.896	0.425	-0.072	1419	6562
-65.889	-0.876	0.387	-0.064	1449	6569
-67.711	-0.875	0.354	-0.061	1473	6576
-70.538	-0.892	0.310	-0.059	1514	6583
-73.131	-0.916	0.273	-0.049	1522	6589
-74.565	-0.944	0.257	-0.045	1544	6596
-75.407	-0.976	0.251	-0.039	1463	6603
-74.953	-0.982	0.259	-0.053	1507	6609
-73.397	-0.985	0.290	-0.047	1452	6617
-71.883	-0.968	0.314	-0.037	1401	6624
-69.406	-0.951	0.355	-0.037	1454	6630
-67.427	-0.923	0.382	-0.037	1416	6637
-66.392	-0.907	0.393	-0.056	1507	6643
-65.494	-0.907	0.408	-0.066	1558	6650
-65.000	-0.907	0.417	-0.071	1504	6657
-65.539	-0.896	0.399	-0.080	1486	6664
-66.979	-0.888	0.368	-0.082	1482	6671
-68.931	-0.898	0.334	-0.091	1575	6677
-71.359	-0.908	0.292	-0.093	1597	6684
-73.437	-0.934	0.265	-0.084	1469	6690
-74.082	-0.956	0.266	-0.062	1453	6697
-74.175	-0.972	0.270	-0.057	1487	6705
-72.787	-0.979	0.299	-0.053	1554	6711
-70.559	-0.968	0.339	-0.043	1445	6718
-67.652	-0.943	0.386	-0.040	1434	6725
-65.138	-0.917	0.422	-0.051	1397	6731
-63.681	-0.896	0.439	-0.056	1450	6738
-63.209	-0.877	0.438	-0.068	1521	6745
-63.920	-0.875	0.424	-0.062	1488	6752
-65.729	-0.881	0.392	-0.066	1601	6759
-67.710	-0.900	0.364	-0.060	1563	6765
-70.132	-0.902	0.321	-0.056	1590	6772
-72.384	-0.923	0.287	-0.059	1539	6778
-73.751	-0.948	0.271	-0.057	1499	6786
-74.146	-0.962	0.267	-0.060	1403	6793
-72.958	-0.971	0.290	-0.066	1548	6799
-70.818	-0.976	0.335	-0.055	1516	6806
-68.512	-0.967	0.378	-0.045	1443	6812
-65.687	-0.947	0.427	-0.032	1412	6819
-63.759	-0.923	0.454	-0.027	1441	6827
-62.292	-0.895	0.469	-0.031	1468	6833
-62.062	-0.883	0.466	-0.047	1532	6840
-62.594	-0.881	0.454	-0.049	1521	6846
-63.914	-0.896	0.435	-0.062	1521	6853
-66.238	-0.900	0.392	-0.062	1558	6860
-68.877	-0.904	0.345	-0.057	1524	6866
-72.033	-0.910	0.290	-0.055	1587	6874
-74.868	-0.926	0.243	-0.060	1521	6880
-75.668	-0.951	0.236	-0.057	1438	6887
-75.472	-0.968	0.247	-0.043	1453	6894
-73.873	-0.976	0.278	-0.046	1447	6900
-70.390	-0.973	0.344	-0.044	1535	6907
-67.699	-0.946	0.386	-0.043	1475	6914
-64.387	-0.920	0.439	-0.037	1469	6921
-61.624	-0.891	0.479	-0.039	1483	6928
-60.169	-0.869	0.496	-0.048	1494	6934
-59.926	-0.871	0.502	-0.050	1601	6941
-60.406	-0.875	0.494	-0.053	1475	6947
-62.452	-0.889	0.460	-0.058	1476	6955
-64.322	-0.914	0.435	-0.065	1517	6962
-66.535	-0.928	0.398	-0.059	1530	6968
-68.284	-0.945	0.371	-0.063	1580	6975
-69.683	-0.953	0.349	-0.055	1512	6981
-70.380	-0.961	0.340	-0.043	1401	6988
-69.537	-0.943	0.350	-0.041	1528	6995
-69.026	-0.932	0.354	-0.051	1450	7002
-68.030	-0.929	0.372	-0.044	1411	7009
-67.149	-0.918	0.383	-0.056	1406	7015
-65.872	-0.901	0.400	-0.052	1653	7022
-65.748	-0.887	0.396	-0.049	1554	7029
-66.324	-0.875	0.380	-0.054	1415	7035
-67.622	-0.870	0.354	-0.052	1471	7043
-69.868	-0.876	0.317	-0.049	1546	7049
-70.712	-0.896	0.310	-0.049	1467	7056
-71.174	-0.912	0.307	-0.052	1475	7063
-71.967	-0.938	0.302	-0.048	1631	7069
-70.538	-0.950	0.333	-0.043	1473	7076
-69.306	-0.954	0.358	-0.038	1519	7083
-67.669	-0.943	0.385	-0.046	1521	7090
-65.860	-0.925	0.410	-0.060	1514	7096
-64.677	-0.906	0.425	-0.059	1498	7103
-63.899	-0.894	0.435	-0.053	1423	7110
-62.956	-0.885	0.449	-0.047	1381	7116
-62.819	-0.879	0.448	-0.053	1501	7123
-62.977	-0.872	0.441	-0.055	1456	7130
-62.497	-0.867	0.446	-0.068	1479	7137
-63.739	-0.875	0.426	-0.071	1576	7144
-64.741	-0.879	0.409	-0.067	1642	7150
-66.218	-0.890	0.384	-0.080	1545	7157
-67.215	-0.913	0.374	-0.085	1484	7163
-68.003	-0.923	0.361	-0.092	1582	7171
-68.309	-0.941	0.363	-0.091	1430	7178
-67.830	-0.941	0.376	-0.076	1625	7184
-67.375	-0.933	0.384	-0.062	1512	7191
-65.568	-0.920	0.414	-0.057	1655	7197
-64.947	-0.915	0.424	-0.058	1420	7204
-63.439	-0.902	0.447	-0.059	1316	7212
-61.671	-0.883	0.473	-0.056	1466	7218
-61.174	-0.868	0.476	-0.046	1523	7225
-61.606	-0.867	0.467	-0.043	1556	7231
-63.059	-0.864	0.438	-0.039	1538	7238
-65.075	-0.882	0.408	-0.036	1491	7245
-66.951	-0.899	0.382	-0.025	1479	7251
-67.861	-0.915	0.372	-0.013	1572	7259
-68.032	-0.921	0.371	-0.017	1457	7265
-67.893	-0.929	0.377	-0.015	1544	7272
-66.266	-0.920	0.404	-0.012	1459	7279
-65.000	-0.908	0.423	-0.023	1335	7285
-63.748	-0.903	0.444	-0.032	1352	7292
-63.770	-0.889	0.437	-0.034	1576	7299
-63.529	-0.881	0.437	-0.043	1383	7306
-63.301	-0.882	0.441	-0.043	1380	7313
-62.747	-0.873	0.447	-0.047	1618	7319
-62.479	-0.872	0.452	-0.045	1512	7326
-63.355	-0.877	0.438	-0.047	1649	7332
-64.314	-0.891	0.426	-0.047	1555	7340
-64.720	-0.898	0.421	-0.054	1498	7347
-66.028	-0.908	0.399	-0.060	1467	7353
-66.092	-0.914	0.401	-0.056	1564	7360
-65.509	-0.916	0.414	-0.052	1454	7366
-64.805	-0.912	0.427	-0.045	1432	7373
-63.950	-0.903	0.439	-0.043	1472	7380
-62.623	-0.896	0.462	-0.041	1393	7387
-62.226	-0.891	0.467	-0.046	1503	7394
-61.374	-0.890	0.483	-0.046	1417	7400
-61.505	-0.893	0.483	-0.033	1347	7407
-61.909	-0.907	0.483	-0.028	1486	7414
-62.447	-0.917	0.478	-0.029	1438	7420
-63.371	-0.927	0.464	-0.027	1612	7428
-64.035	-0.924	0.449	-0.024	1421	7434
-64.622	-0.914	0.433	-0.029	1352	7441
-65.810	-0.907	0.406	-0.032	1519	7447
-66.277	-0.889	0.389	-0.038	1450	7454
-65.643	-0.870	0.391	-0.051	1455	7461
-65.502	-0.865	0.392	-0.046	1499	7468
-65.772	-0.861	0.385	-0.047	1444	7475
-65.822	-0.864	0.386	-0.042	1435	7481
-65.065	-0.868	0.402	-0.032	1493	7488
-64.134	-0.866	0.418	-0.041	1429	7495
-63.429	-0.876	0.437	-0.037	1424	7501
-62.390	-0.879	0.458	-0.039	1394	7508
-62.322	-0.885	0.463	-0.033	1480	7515
-62.102	-0.896	0.473	-0.037	1504	7522
-62.413	-0.901	0.470	-0.034	1564	7529
-62.579	-0.909	0.470	-0.043	1414	7535
-63.041	-0.908	0.461	-0.030	1519	7542
-62.250	-0.896	0.471	-0.021	1414	7548
-62.256	-0.896	0.471	-0.018	1406	7556
-61.216	-0.886	0.486	-0.017	1528	7563
-60.788	-0.887	0.495	-0.026	1516	7569
-60.934	-0.894	0.496	-0.023	1556	7576
-61.180	-0.894	0.490	-0.037	1565	7582
-60.846	-0.890	0.494	-0.046	1492	7589
-61.242	-0.889	0.485	-0.048	1511	7597
-61.101	-0.885	0.486	-0.045	1469	7603
-61.583	-0.889	0.479	-0.036	1427	7610
-61.403	-0.896	0.487	-0.029	1523	7616
-61.911	-0.894	0.477	-0.018	1476	7623
-61.843	-0.894	0.478	-0.026	1413	7630
-61.728	-0.886	0.476	-0.027	1456	7636
-61.859	-0.879	0.470	-0.019	1412	7644
-62.069	-0.876	0.464	-0.022	1425	7650
-63.137	-0.871	0.440	-0.026	1457	7657
-64.132	-0.874	0.423	-0.028	1401	7664
-65.089	-0.866	0.400	-0.039	1384	7670
-66.821	-0.864	0.367	-0.046	1425	7677
-67.345	-0.859	0.354	-0.055	1572	7684
-68.348	-0.869	0.341	-0.054	1437	7691
-69.023	-0.880	0.335	-0.040	1451	7698
-69.060	-0.896	0.340	-0.044	1583	7704
-68.332	-0.901	0.354	-0.051	1409	7711
-67.235	-0.913	0.381	-0.042	1458	7717
-65.764	-0.909	0.407	-0.041	1444	7725
-63.617	-0.900	0.445	-0.034	1485	7731
-61.458	-0.886	0.480	-0.035	1482	7738
-58.830	-0.864	0.521	-0.037	1487	7745
-57.161	-0.848	0.546	-0.036	1508	7751
-55.977	-0.849	0.571	-0.043	1624	7758
-55.846	-0.850	0.575	-0.037	1567	7764
-56.135	-0.858	0.574	-0.046	1520	7772
-57.171	-0.875	0.563	-0.048	1558	7779
-57.734	-0.882	0.555	-0.048	1535	7785
-58.509	-0.887	0.542	-0.036	1559	7792
-59.371	-0.897	0.531	-0.012	1423	7798
-59.887	-0.897	0.521	-0.001	1389	7805
-60.872	-0.897	0.500	0.010	1473	7813
-61.244	-0.892	0.489	0.003	1500	7819
-61.499	-0.878	0.477	-0.012	1394	7826
-62.342	-0.873	0.457	-0.021	1408	7832
-62.844	-0.856	0.438	-0.040	1570	7839
-63.988	-0.837	0.406	-0.042	1489	7846
-65.592	-0.835	0.376	-0.047	1444	7853
-66.558	-0.835	0.359	-0.044	1501	7860
-68.009	-0.867	0.349	-0.033	1393	7866
-68.494	-0.888	0.349	-0.028	1504	7873
-68.062	-0.903	0.362	-0.033	1452	7880
-67.519	-0.917	0.378	-0.034	1479	7886
-65.441	-0.907	0.413	-0.035	1508	7894
-62.889	-0.896	0.458	-0.021	1533	7900
-60.605	-0.881	0.495	-0.033	1595	7907
-58.023	-0.856	0.534	-0.023	1581	7914
-56.657	-0.846	0.556	-0.029	1455	7920
-55.057	-0.837	0.584	-0.030	1489	7927
-54.792	-0.838	0.591	-0.022	1502	7933
-55.068	-0.849	0.592	-0.033	1539	7941
-55.740	-0.857	0.583	-0.034	1471	7947
-56.325	-0.861	0.573	-0.027	1572	7954
-57.429	-0.864	0.552	-0.020	1506	7961
-58.429	-0.866	0.532	-0.009	1345	7967
-59.949	-0.871	0.504	-0.007	1449	7974
-60.164	-0.872	0.500	-0.013	1509	7981
-60.137	-0.869	0.499	0.000	1472	7988
-60.143	-0.871	0.500	-0.005	1480	7995
-60.341	-0.875	0.498	-0.015	1370	8001
-60.583	-0.877	0.494	-0.019	1451	8008
-61.388	-0.877	0.478	-0.028	1386	8014
-61.075	-0.867	0.478	-0.040	1489	8022
-61.578	-0.863	0.465	-0.047	1427	8029
-63.170	-0.857	0.432	-0.042	1531	8035
-64.761	-0.857	0.403	-0.026	1445	8042
-66.702	-0.860	0.370	-0.017	1486	8048
-67.663	-0.855	0.351	-0.025	1565	8055
-68.263	-0.859	0.341	-0.035	1624	8062
-66.923	-0.866	0.367	-0.037	1506	8069
-65.600	-0.873	0.396	-0.021	1520	8076
-62.698	-0.871	0.449	-0.020	1576	8082
-60.214	-0.870	0.498	-0.001	1374	8089
-58.321	-0.867	0.535	0.000	1368	8095
-56.685	-0.860	0.565	-0.007	1441	8102
-55.451	-0.850	0.585	-0.005	1492	8110
-54.314	-0.842	0.604	-0.010	1475	8116
-53.501	-0.824	0.609	-0.024	1516	8123
-53.219	-0.816	0.609	-0.034	1410	8129
-53.528	-0.823	0.607	-0.037	1542	8136
-54.283	-0.839	0.602	-0.044	1443	8143
-55.660	-0.856	0.584	-0.036	1481	8150
-56.589	-0.876	0.577	-0.028	1595	8157
-58.236	-0.892	0.552	-0.018	1580	8163
-58.587	-0.896	0.547	-0.005	1608	8170
-59.175	-0.889	0.530	0.001	1578	8177
-58.766	-0.863	0.523	0.010	1547	8183
-57.908	-0.848	0.531	0.019	1548	8190
-57.317	-0.830	0.532	0.019	1426	8197
-57.649	-0.831	0.526	0.007	1425	8204
-59.024	-0.823	0.494	-0.006	1493	8210
-60.229	-0.814	0.466	-0.009	1288	8217
-62.266	-0.834	0.438	-0.002	1403	8224
-63.489	-0.836	0.417	0.000	1408	8230
-64.742	-0.849	0.400	0.000	1404	8238
-64.921	-0.854	0.399	0.004	1448	8244
-64.883	-0.869	0.407	0.014	1563	8251
-64.070	-0.882	0.429	0.007	1619	8257
-62.677	-0.885	0.457	-0.009	1645	8264
-60.957	-0.880	0.488	-0.018	1651	8271
-59.102	-0.875	0.523	-0.015	1553	8278
-57.436	-0.856	0.546	-0.034	1505	8285
-55.973	-0.852	0.574	-0.029	1461	8291
-54.897	-0.835	0.586	-0.033	1309	8298
-53.225	-0.811	0.604	-0.040	1418	8305
-53.229	-0.823	0.613	-0.049	1363	8311
-53.594	-0.834	0.612	-0.058	1357	8318
-53.529	-0.841	0.618	-0.064	1481	8325
-53.502	-0.847	0.623	-0.065	1483	8332
-53.630	-0.845	0.619	-0.061	1366	8339
-54.060	-0.841	0.607	-0.051	1484	8345
-55.841	-0.839	0.568	-0.031	1579	8352
-57.756	-0.838	0.528	-0.016	1649	8358
-59.094	-0.832	0.498	-0.006	1558	8366
-59.514	-0.810	0.477	0.006	1616	8373
-59.699	-0.811	0.474	0.005	1595	8379
-58.298	-0.802	0.495	0.010	1525	8386
-56.827	-0.801	0.523	0.007	1431	8392
-55.530	-0.807	0.554	0.008	1343	8399
-55.116	-0.825	0.575	0.012	1395	8406
-55.238	-0.836	0.580	0.011	1436	8413
-55.721	-0.855	0.583	0.011	1467	8420
-55.865	-0.867	0.588	0.005	1380	8426
-56.579	-0.864	0.570	0.005	1471	8433
-56.830	-0.846	0.553	0.007	1528	8439
-58.743	-0.840	0.510	0.000	1526	8446
-59.735	-0.837	0.488	-0.009	1465	8454
-61.297	-0.839	0.459	-0.018	1423	8460
-62.221	-0.839	0.441	-0.021	1561	8467
-62.738	-0.839	0.432	-0.023	1488	8473
-62.903	-0.850	0.434	-0.031	1579	8480
-62.359	-0.852	0.444	-0.038	1457	8487
-60.965	-0.855	0.473	-0.046	1447	8494
-59.498	-0.845	0.495	-0.050	1425	8501
-57.595	-0.824	0.521	-0.042	1397	8507
-54.944	-0.802	0.562	-0.034	1323	8514
-53.099	-0.794	0.596	-0.022	1267	8521
-51.817	-0.786	0.618	-0.010	1368	8527
-51.645	-0.786	0.622	0.004	1472	8535
-52.282	-0.783	0.605	0.018	1551	8541
-52.959	-0.794	0.599	0.025	1484	8548
-53.660	-0.802	0.589	0.033	1549	8554
-54.479	-0.824	0.588	0.023	1558	8561
-55.551	-0.836	0.573	0.015	1528	8568
-56.848	-0.845	0.552	-0.003	1594	8574
-57.214	-0.863	0.556	-0.021	1567	8582
-56.834	-0.877	0.572	-0.031	1654	8588
-56.810	-0.897	0.586	-0.036	1593	8595
-55.353	-0.895	0.617	-0.035	1574	8602
-53.508	-0.883	0.651	-0.047	1597	8608
-51.511	-0.854	0.678	-0.048	1485	8615
-49.955	-0.832	0.698	-0.038	1501	8622
-49.569	-0.791	0.674	-0.013	1429	8629
-50.086	-0.765	0.640	-0.004	1378	8636
-51.588	-0.745	0.591	0.001	1422	8642
-54.591	-0.743	0.528	0.002	1532	8649
-57.039	-0.747	0.484	-0.008	1370	8655
-60.102	-0.756	0.435	-0.005	1499	8663
-61.673	-0.763	0.411	0.001	1577	8669
-62.852	-0.785	0.402	0.015	1404	8676
-63.411	-0.813	0.406	0.027	1500	8683
-63.896	-0.850	0.415	0.032	1531	8689
-62.405	-0.875	0.457	0.017	1543	8696
-60.772	-0.895	0.500	-0.022	1338	8702
-57.350	-0.883	0.564	-0.037	1282	8710
-54.195	-0.855	0.615	-0.048	1363	8717
-51.090	-0.828	0.668	-0.025	1417	8723
-48.601	-0.791	0.697	-0.011	1541	8730
-47.379	-0.759	0.698	0.006	1646	8736
-47.907	-0.745	0.673	-0.019	1496	8743
-48.626	-0.732	0.644	-0.045	1504	8750
-50.320	-0.739	0.609	-0.069	1695	8757
-51.919	-0.761	0.591	-0.079	1527	8764
-53.427	-0.805	0.594	-0.063	1607	8770
-54.591	-0.839	0.595	-0.044	1485	8777
-55.844	-0.871	0.591	-0.016	1644	8783
-56.027	-0.880	0.593	0.012	1663	8791
-55.524	-0.859	0.589	0.038	1494	8798
-54.672	-0.850	0.601	0.044	1287	8804
-52.598	-0.808	0.616	0.040	1291	8811
-50.758	-0.767	0.625	0.038	1359	8817
-48.942	-0.743	0.646	0.049	1572	8824
-47.759	-0.724	0.655	0.049	1664	8832
-48.576	-0.734	0.646	0.044	1563	8838
-50.164	-0.749	0.624	0.032	1651	8845
-52.442	-0.769	0.591	0.014	1700	8851
-53.802	-0.779	0.570	-0.002	1602	8858
-55.555	-0.798	0.547	-0.020	1518	8864
-56.132	-0.810	0.543	-0.021	1531	8871
-56.323	-0.830	0.553	-0.021	1394	8879
-55.831	-0.833	0.565	-0.006	1331	8885
-54.578	-0.817	0.581	0.019	1485	8892
-52.814	-0.801	0.606	0.036	1531	8898
-51.436	-0.802	0.638	0.044	1598	8905
-50.682	-0.810	0.662	0.035	1626	8912
-49.810	-0.813	0.687	0.030	1428	8919
-51.162	-0.826	0.665	0.013	1401	8926
-51.858	-0.832	0.653	-0.009	1560	8932
-52.891	-0.835	0.631	-0.032	1421	8939
-54.054	-0.814	0.590	-0.029	1312	8946
-54.217	-0.783	0.563	-0.034	1386	8952
-54.300	-0.758	0.544	-0.025	1475	8960
-54.399	-0.733	0.524	-0.026	1510	8966
-54.231	-0.719	0.517	-0.035	1528	8973
-54.689	-0.720	0.509	-0.032	1641	8980
-55.713	-0.743	0.505	-0.043	1591	8986
-55.596	-0.763	0.521	-0.029	1739	8993
-56.001	-0.792	0.534	0.002	1531	8999
-55.091	-0.817	0.570	0.011	1523	9007
-53.405	-0.840	0.623	0.026	1480	9013
-51.957	-0.842	0.657	0.044	1413	9020
-49.714	-0.831	0.702	0.057	1366	9027
-47.904	-0.806	0.726	0.058	1426	9033
-46.917	-0.796	0.743	0.042	1528	9040
-45.172	-0.761	0.756	0.022	1582	9047
-44.737	-0.740	0.747	-0.002	1678	9054
-45.427	-0.724	0.713	-0.006	1666	9061
-45.653	-0.705	0.688	-0.031	1716	9067
-48.079	-0.699	0.627	-0.033	1589	9074
-49.840	-0.704	0.594	-0.022	1598	9080
-52.435	-0.715	0.550	-0.001	1368	9088
-53.167	-0.736	0.551	0.028	1352	9094
-53.039	-0.758	0.564	0.081	1564	9101
-52.353	-0.793	0.603	0.105	1479	9108
-51.110	-0.813	0.646	0.113	1340	9114
-50.160	-0.826	0.682	0.103	1394	9121
-49.501	-0.833	0.707	0.079	1649	9127
-48.736	-0.818	0.717	0.042	1613	9135
-48.783	-0.811	0.710	0.007	1479	9141
-50.174	-0.807	0.672	-0.033	1537	9148
-51.891	-0.780	0.609	-0.057	1513	9155
-53.716	-0.758	0.552	-0.071	1633	9161
-55.230	-0.740	0.509	-0.072	1635	9168
-54.664	-0.721	0.508	-0.057	1474	9175
-54.245	-0.717	0.516	-0.022	1336	9182
-53.985	-0.729	0.530	0.005	1349	9189
-52.858	-0.730	0.551	0.053	1388	9195
-50.814	-0.736	0.595	0.081	1431	9202
-49.017	-0.739	0.637	0.084	1467	9208
-48.170	-0.754	0.672	0.063	1505	9216
-47.843	-0.770	0.696	0.024	1545	9223
-47.307	-0.781	0.721	-0.008	1656	9229
-47.146	-0.794	0.736	-0.020	1706	9236
-48.217	-0.835	0.746	-0.002	1601	9242
-49.769	-0.875	0.740	-0.003	1480	9249
-51.611	-0.916	0.726	-0.015	1472	9255
-51.558	-0.883	0.700	-0.028	1499	9263
-51.133	-0.836	0.672	-0.050	1524	9270
-49.255	-0.762	0.652	-0.071	1548	9276
-45.714	-0.670	0.645	-0.107	1565	9283
-42.047	-0.596	0.652	-0.104	1583	9289
-39.010	-0.553	0.678	-0.079	1598	9296
-38.347	-0.567	0.714	-0.069	1612	9304
-40.468	-0.640	0.748	-0.051	1634	9310
-45.313	-0.761	0.752	-0.028	1659	9317
-50.148	-0.871	0.726	-0.047	1656	9323
-55.495	-0.938	0.638	-0.098	1670	9330
-59.191	-0.932	0.542	-0.122	1654	9336
-64.378	-0.868	0.397	-0.124	1631	9344
-68.411	-0.754	0.265	-0.138	1614	9351
-75.662	-0.671	0.137	-0.104	1592	9357
-79.556	-0.649	0.108	-0.051	1570	9364
-81.142	-0.756	0.115	-0.024	1553	9370
-80.366	-0.974	0.165	0.009	1536	9377
-76.185	-1.133	0.260	0.101	1520	9384
-68.619	-1.175	0.401	0.225	1504	9391
-59.342	-1.040	0.518	0.335	1449	9398
-52.850	-0.864	0.568	0.325	1420	9404
-46.672	-0.622	0.540	0.229	1397	9411
-45.288	-0.438	0.423	0.094	1371	9418
-40.077	-0.244	0.287	-0.042	1371	9424
-31.315	-0.111	0.164	-0.081	1376	9432
-5.169	-0.009	0.075	-0.062	1385	9438
11.793	0.015	0.058	-0.040	1391	9445
-18.895	-0.044	0.124	-0.033	1390	9451
-44.764	-0.198	0.197	-0.032	1398	9458
-54.077	-0.372	0.270	0.004	1383	9465
-54.323	-0.535	0.371	0.100	1346	9472
-51.784	-0.681	0.489	0.219	1308	9479
-45.827	-0.764	0.692	0.267	1278	9485
-43.956	-0.850	0.857	0.203	1270	9492
-43.528	-0.780	0.816	0.091	1281	9498
-46.559	-0.673	0.637	-0.024	1276	9505
-52.889	-0.503	0.336	-0.179	1269	9512
-63.054	-0.427	0.107	-0.188	1284	9519
-41.422	-0.292	-0.161	-0.289	1316	9526
-26.821	-0.201	-0.333	-0.218	1386	9532
-57.679	-0.233	-0.095	-0.113	1459	9539
-66.148	-0.358	0.124	-0.099	1499	9545
-57.493	-0.528	0.317	-0.112	1512	9552
-56.941	-0.789	0.488	-0.159	1524	9560
-50.910	-0.885	0.704	-0.145	1577	9566
-42.136	-0.742	0.820	0.010	1566	9573
-26.629	-0.483	0.945	0.189	1546	9579
-14.898	-0.271	0.981	0.266	1521	9586
-6.871	-0.141	1.154	0.172	1468	9592
4.605	0.100	1.232	0.102	1368	9600
18.874	0.379	1.100	0.139	1217	9607
21.147	0.448	1.144	0.187	1195	9613
18.187	0.409	1.237	0.143	1298	9620
10.099	0.235	1.321	-0.013	1368	9626
-10.597	-0.347	1.847	-0.152	1335	9633
-19.274	-0.688	1.959	-0.196	1359	9639
-28.743	-1.179	1.999	-0.789	1399	9647
-19.564	-0.771	1.999	-0.847	1413	9654
20.368	0.945	1.999	-1.577	1451	9660
-25.146	-1.015	1.999	-0.822	1494	9667
19.983	0.718	1.619	1.129	1517	9673
30.815	1.520	1.999	1.579	1516	9680
36.120	1.590	1.999	0.866	1519	9687
15.887	0.569	1.999	0.073	1554	9694
5.543	0.194	1.999	0.120	1589	9700
3.141	0.110	1.999	0.216	1628	9707
3.038	0.090	1.589	0.584	1671	9713
0.964	0.020	1.136	0.242	1714	9720
7.567	0.109	0.783	0.254	1734	9726
-8.326	-0.105	0.609	-0.385	1747	9734
-27.928	-0.230	0.349	-0.260	1774	9741
-37.550	-0.279	0.273	-0.239	1811	9747
18.487	0.108	0.312	0.090	1854	9754
-19.168	-0.086	-0.124	0.214	1855	9760
-9.020	-0.056	-0.233	0.262	1838	9767
-8.820	-0.044	-0.179	0.220	1822	9774
-22.225	-0.075	0.044	0.179	1819	9781
-17.719	-0.098	0.263	0.156	1805	9787
-20.541	-0.147	0.343	0.193	1764	9794
-8.480	-0.160	1.074	0.002	1714	9800
-23.882	-0.723	1.621	-0.189	1659	9807
-20.534	-0.433	1.093	-0.374	1616	9815
-18.173	-0.402	1.145	-0.438	1560	9821
-19.625	-0.516	1.425	-0.247	1503	9828
-18.366	-0.666	1.999	0.168	1497	9834
-2.437	-0.047	1.081	0.212	1481	9841
-12.477	-0.405	1.827	0.127	1460	9847
-12.460	-0.354	1.587	0.235	1464	9854
-4.848	-0.126	1.464	0.252	1475	9862
-3.903	-0.104	1.498	0.241	1498	9868
-4.349	-0.108	1.409	0.215	1509	9875
-0.375	-0.008	1.184	0.152	1521	9881
-6.722	-0.132	1.095	0.229	1526	9888
-2.147	-0.050	1.289	0.320	1527	9894
-12.429	-0.221	0.999	0.069	1516	9902
-20.321	-0.391	1.053	0.066	1502	9908
-23.197	-0.426	0.993	0.028	1506	9915
-23.399	-0.390	0.899	0.044	1501	9921
-27.920	-0.448	0.846	-0.017	1505	9928
-28.211	-0.422	0.785	-0.045	1521	9934
-27.363	-0.405	0.777	-0.095	1531	9942
-25.128	-0.393	0.827	-0.128	1541	9949
-21.958	-0.360	0.883	-0.140	1553	9955
-18.999	-0.321	0.922	-0.145	1558	9962
-17.141	-0.297	0.951	-0.147	1556	9968
-15.518	-0.277	0.991	-0.123	1560	9975
-13.893	-0.255	1.025	-0.103	1574	9981
-11.782	-0.221	1.053	-0.106	1553	9989
-10.871	-0.201	1.043	-0.098	1555	9996
-10.041	-0.182	1.021	-0.095	1561	10002
-10.128	-0.175	0.975	-0.088	1569	10009
-10.651	-0.170	0.899	-0.086	1577	10015
-11.000	-0.167	0.856	-0.067	1579	10022
-12.715	-0.176	0.776	-0.064	1570	10030
-13.785	-0.177	0.717	-0.072	1558	10036
-15.334	-0.185	0.668	-0.083	1547	10043
-16.912	-0.203	0.662	-0.089	1534	10049
-17.049	-0.221	0.712	-0.105	1522	10056
-17.292	-0.251	0.797	-0.122	1510	10063
-17.289	-0.271	0.860	-0.123	1501	10070
-17.103	-0.287	0.925	-0.124	1496	10077
-17.060	-0.301	0.973	-0.121	1489	10084
-16.587	-0.302	1.004	-0.136	1484	10090
-15.719	-0.291	1.027	-0.117	1479	10097
-15.155	-0.281	1.032	-0.113	1476	10103
-14.258	-0.257	1.004	-0.117	1471	10110
-14.559	-0.265	1.013	-0.113	1468	10118
-14.250	-0.257	1.004	-0.122	1466	10124
-13.869	-0.241	0.968	-0.134	1464	10131
-14.290	-0.249	0.968	-0.139	1465	10138
-13.591	-0.229	0.937	-0.128	1466	10144
-13.396	-0.217	0.902	-0.120	1468	10151
-12.921	-0.210	0.909	-0.104	1472	10158
-12.616	-0.207	0.919	-0.105	1475	10165
-11.796	-0.195	0.930	-0.102	1476	10172
-11.926	-0.203	0.956	-0.104	1478	10178
-11.653	-0.199	0.960	-0.107	1475	10185
-11.543	-0.204	0.992	-0.119	1480	10191
-12.283	-0.220	1.005	-0.093	1486	10199
-12.163	-0.212	0.977	-0.114	1490	10206
-13.154	-0.233	0.991	-0.122	1490	10212
-11.236	-0.192	0.968	-0.036	1489	10219
-12.783	-0.220	0.967	-0.057	1490	10226
-12.790	-0.222	0.976	-0.042	1489	10232
-12.333	-0.213	0.973	-0.045	1491	10240
-12.665	-0.219	0.973	-0.040	1491	10246
-12.744	-0.219	0.966	-0.052	1491	10253
-13.662	-0.235	0.967	-0.053	1490	10260
-14.191	-0.245	0.968	-0.055	1488	10266
-15.051	-0.267	0.990	-0.049	1484	10273
-15.742	-0.282	1.000	-0.050	1480	10279
-16.333	-0.296	1.009	-0.044	1478	10287
-16.924	-0.310	1.017	-0.040	1479	10294
-16.919	-0.312	1.023	-0.037	1482	10300
-17.293	-0.320	1.028	-0.033	1484	10307
-17.252	-0.317	1.021	-0.033	1484	10313
-17.162	-0.312	1.011	-0.049	1485	10320
-16.667	-0.300	1.000	-0.053	1487	10328
-16.635	-0.293	0.979	-0.063	1487	10334
-16.095	-0.279	0.966	-0.064	1487	10341
-15.708	-0.270	0.955	-0.079	1488	10348
-15.118	-0.260	0.958	-0.082	1487	10354
-14.892	-0.252	0.943	-0.088	1489	10361
-14.473	-0.245	0.945	-0.091	1488	10368
-14.475	-0.244	0.940	-0.100	1485	10375
-14.427	-0.245	0.948	-0.093	1482	10382
-14.026	-0.240	0.958	-0.084	1484	10388
-14.199	-0.243	0.957	-0.088	1483	10395
-14.422	-0.248	0.962	-0.071	1483	10401
-14.857	-0.259	0.974	-0.062	1485	10408
-15.003	-0.263	0.979	-0.058	1487	10416
-15.089	-0.267	0.987	-0.055	1489	10422
-14.929	-0.266	0.995	-0.048	1492	10429
-15.416	-0.274	0.994	-0.045	1494	10435
-15.523	-0.272	0.979	-0.053	1496	10442
-15.856	-0.278	0.979	-0.053	1496	10449
-15.710	-0.271	0.963	-0.066	1496	10456
-15.870	-0.276	0.970	-0.068	1497	10463
-16.100	-0.279	0.965	-0.073	1497	10470
-16.428	-0.282	0.953	-0.088	1497	10476
-16.010	-0.277	0.963	-0.084	1496	10483
-16.458	-0.289	0.975	-0.087	1499	10489
-16.926	-0.302	0.987	-0.092	1500	10497
-17.347	-0.312	0.996	-0.093	1502	10504
-16.867	-0.309	1.014	-0.092	1503	10510
-16.928	-0.311	1.016	-0.098	1504	10517
-16.210	-0.305	1.044	-0.093	1515	10523
-16.129	-0.303	1.042	-0.101	1537	10530
-16.734	-0.321	1.066	-0.068	1543	10537
-15.316	-0.289	1.053	-0.076	1550	10544
-15.961	-0.307	1.069	-0.077	1553	10551
-14.895	-0.282	1.059	-0.072	1550	10558
-15.308	-0.294	1.072	-0.060	1553	10564
-15.293	-0.284	1.034	-0.103	1589	10571
-14.938	-0.280	1.047	-0.088	1598	10577
-14.317	-0.256	0.997	-0.104	1588	10585
-15.414	-0.282	1.020	-0.092	1585	10592
-16.156	-0.288	0.988	-0.110	1594	10598
-15.293	-0.301	1.097	-0.085	1606	10605
-16.604	-0.303	1.009	-0.114	1612	10611
-16.811	-0.309	1.017	-0.099	1617	10618
-16.078	-0.300	1.035	-0.103	1624	10626
-16.594	-0.324	1.085	-0.081	1628	10632
-15.892	-0.309	1.082	-0.063	1639	10639
-16.190	-0.312	1.069	-0.088	1660	10646
-16.295	-0.316	1.078	-0.096	1676	10652
-15.888	-0.305	1.065	-0.104	1680	10659
-16.242	-0.308	1.049	-0.122	1681	10665
-16.424	-0.303	1.020	-0.124	1677	10673
-17.592	-0.311	0.972	-0.123	1679	10680
-16.650	-0.305	1.011	-0.128	1700	10686
-17.603	-0.317	0.989	-0.148	1700	10693
-19.432	-0.340	0.951	-0.152	1690	10700
-20.165	-0.353	0.950	-0.137	1684	10706
-21.236	-0.373	0.950	-0.137	1675	10714
-21.882	-0.386	0.952	-0.126	1665	10720
-22.157	-0.392	0.954	-0.120	1640	10727
-22.428	-0.399	0.963	-0.097	1616	10734
-22.395	-0.402	0.974	-0.073	1580	10740
-22.788	-0.417	0.990	-0.068	1543	10747
-23.036	-0.421	0.988	-0.056	1510	10754
-23.314	-0.419	0.971	-0.053	1477	10761
-23.813	-0.423	0.956	-0.063	1454	10768
-23.963	-0.426	0.956	-0.061	1444	10774
-25.061	-0.435	0.928	-0.055	1426	10781
-24.799	-0.435	0.939	-0.045	1405	10787
-24.368	-0.423	0.932	-0.060	1395	10795
-25.658	-0.445	0.925	-0.064	1410	10802
-25.581	-0.439	0.914	-0.085	1425	10808
-25.572	-0.441	0.919	-0.080	1427	10815
-25.589	-0.440	0.916	-0.082	1436	10821
-25.585	-0.438	0.910	-0.081	1455	10828
-25.190	-0.429	0.907	-0.088	1473	10835
-26.212	-0.442	0.895	-0.085	1494	10842
-27.313	-0.459	0.886	-0.073	1510	10849
-27.900	-0.458	0.862	-0.068	1524	10855
-28.879	-0.469	0.848	-0.062	1543	10862
-28.948	-0.471	0.849	-0.063	1564	10869
-29.873	-0.493	0.856	-0.061	1575	10875
-30.147	-0.498	0.855	-0.060	1587	10883
-30.267	-0.509	0.870	-0.055	1598	10890
-30.561	-0.523	0.885	-0.055	1613	10896
-29.808	-0.515	0.897	-0.040	1616	10903
-30.051	-0.518	0.894	-0.044	1621	10909
-29.936	-0.518	0.897	-0.049	1631	10916
-29.795	-0.517	0.901	-0.039	1631	10924
-29.703	-0.505	0.884	-0.047	1627	10930
-30.172	-0.509	0.874	-0.045	1641	10937
-30.167	-0.503	0.864	-0.042	1643	10943
-30.765	-0.506	0.849	-0.044	1636	10950
-30.791	-0.503	0.843	-0.045	1627	10957
-31.370	-0.510	0.835	-0.044	1616	10963
-31.764	-0.520	0.838	-0.045	1606	10971
-32.502	-0.536	0.840	-0.053	1587	10977
-33.236	-0.555	0.845	-0.055	1567	10984
-33.740	-0.571	0.854	-0.056	1559	10991
-33.742	-0.577	0.861	-0.068	1551	10997
-33.925	-0.586	0.867	-0.083	1543	11004
-34.430	-0.596	0.865	-0.081	1530	11011
-34.806	-0.602	0.862	-0.072	1524	11018
-35.237	-0.606	0.856	-0.060	1518	11025
-35.143	-0.603	0.855	-0.029	1494	11031
-35.204	-0.597	0.846	-0.004	1476	11038
-34.636	-0.577	0.835	0.030	1461	11044
-34.445	-0.567	0.826	0.042	1445	11052
-34.825	-0.561	0.804	0.058	1433	11059
-35.282	-0.556	0.784	0.042	1421	11065
-35.921	-0.552	0.761	0.037	1413	11072
-35.424	-0.540	0.759	0.026	1409	11078
-36.474	-0.557	0.753	0.007	1402	11085
-36.867	-0.557	0.742	-0.011	1395	11092
-37.256	-0.563	0.740	-0.030	1390	11099
-38.288	-0.584	0.738	-0.047	1386	11106
-39.202	-0.605	0.740	-0.056	1380	11112
-38.972	-0.609	0.751	-0.059	1383	11119
-40.158	-0.629	0.743	-0.057	1374	11126
-40.647	-0.633	0.735	-0.051	1363	11132
-41.006	-0.634	0.729	-0.024	1351	11140
-41.366	-0.634	0.720	0.006	1338	11146
-41.653	-0.641	0.720	0.026	1328	11153
-42.298	-0.637	0.699	0.028	1324	11159
-42.641	-0.631	0.684	0.045	1322	11166
-43.130	-0.629	0.670	0.044	1324	11173
-43.470	-0.634	0.667	0.046	1328	11180
-44.106	-0.640	0.659	0.031	1330	11187
-44.466	-0.648	0.660	0.025	1338	11193
-44.706	-0.666	0.673	0.006	1341	11200
-44.955	-0.676	0.677	-0.011	1347	11207
-44.950	-0.687	0.688	-0.018	1350	11213
-45.162	-0.701	0.696	-0.036	1359	11220
-44.261	-0.700	0.718	-0.032	1352	11227
-44.136	-0.714	0.735	-0.023	1355	11234
-43.816	-0.718	0.748	-0.006	1357	11241
-43.727	-0.709	0.741	0.004	1367	11247
-43.954	-0.714	0.740	0.017	1374	11254
-44.042	-0.704	0.728	0.027	1381	11260
-44.575	-0.707	0.717	0.034	1395	11268
-44.691	-0.698	0.705	0.032	1405	11275
-45.352	-0.705	0.696	0.016	1411	11281
-45.685	-0.702	0.686	0.002	1420	11288
-46.479	-0.715	0.679	-0.015	1421	11295
-46.155	-0.708	0.680	-0.021	1427	11301
-45.586	-0.715	0.699	-0.040	1439	11309
-45.843	-0.727	0.703	-0.058	1448	11315
-45.992	-0.738	0.710	-0.067	1453	11322
-46.235	-0.753	0.717	-0.079	1461	11329
-46.943	-0.773	0.719	-0.075	1467	11335
-47.224	-0.779	0.718	-0.068	1474	11342
-48.177	-0.786	0.701	-0.057	1489	11350
-49.050	-0.783	0.678	-0.051	1483	11356
-49.576	-0.785	0.667	-0.049	1484	11363
-49.856	-0.778	0.655	-0.039	1484	11370
-50.492	-0.772	0.636	-0.039	1486	11376
-50.725	-0.765	0.624	-0.040	1488	11383
-51.191	-0.763	0.612	-0.037	1479	11389
-50.962	-0.756	0.611	-0.044	1485	11397
-50.877	-0.758	0.614	-0.051	1482	11404
-50.543	-0.755	0.618	-0.063	1477	11410
-50.206	-0.748	0.619	-0.070	1495	11417
-50.365	-0.746	0.613	-0.076	1481	11424
-50.259	-0.746	0.616	-0.071	1468	11430
-51.107	-0.756	0.606	-0.063	1465	11438
-52.409	-0.772	0.592	-0.059	1456	11445
-53.766	-0.800	0.584	-0.050	1443	11451
-54.476	-0.792	0.563	-0.047	1440	11458
-55.424	-0.793	0.546	-0.026	1455	11464
-56.021	-0.805	0.542	-0.020	1481	11471
-55.498	-0.777	0.534	-0.011	1461	11479
-57.038	-0.788	0.511	-0.018	1455	11485
-51.295	-0.756	0.605	0.016	1473	11492
-57.816	-0.786	0.494	-0.024	1477	11499
-58.388	-0.784	0.481	-0.034	1477	11505
-58.649	-0.794	0.482	-0.035	1500	11512
-59.889	-0.811	0.469	-0.035	1513	11520
-61.237	-0.815	0.446	-0.034	1513	11526
-62.218	-0.828	0.436	-0.025	1504	11533
-63.108	-0.834	0.423	-0.010	1501	11540
-64.267	-0.839	0.404	-0.003	1501	11546
-65.211	-0.825	0.381	-0.014	1515	11553
-66.814	-0.832	0.355	-0.025	1522	11559
-67.230	-0.808	0.338	-0.027	1524	11567
-69.700	-0.815	0.299	-0.041	1525	11574
-70.211	-0.807	0.283	-0.063	1513	11580
-70.541	-0.813	0.278	-0.070	1507	11587
-71.128	-0.811	0.265	-0.082	1502	11594
-72.045	-0.837	0.263	-0.067	1503	11600
-37.717	-0.528	0.670	0.134	1506	11608
-51.220	-0.886	-0.664	-0.256	1509	11615
-71.501	-0.850	0.272	-0.081	1519	11621
-71.257	-0.869	0.280	-0.092	1527	11628
-70.996	-0.884	0.285	-0.106	1519	11635
-70.760	-0.904	0.299	-0.102	1527	11641
-69.096	-0.913	0.325	-0.126	1526	11649
-69.678	-0.934	0.315	-0.142	1538	11655
-68.176	-0.943	0.346	-0.152	1528	11662
-67.958	-0.950	0.352	-0.156	1538	11669
-67.989	-0.944	0.350	-0.153	1542	11675
-68.458	-0.928	0.337	-0.144	1532	11682
-70.008	-0.920	0.308	-0.132	1516	11689
-69.763	-0.908	0.309	-0.130	1518	11696
-71.663	-0.911	0.278	-0.117	1531	11703
-72.751	-0.920	0.265	-0.107	1525	11710
-73.276	-0.932	0.257	-0.111	1516	11716
-72.456	-0.925	0.273	-0.104	1523	11723
-73.939	-0.926	0.252	-0.087	1510	11730
-75.191	-0.922	0.227	-0.090	1498	11737
-73.168	-0.911	0.256	-0.103	1505	11744
-71.902	-0.897	0.268	-0.120	1500	11751
-74.640	-0.902	0.213	-0.127	1492	11757
-76.459	-0.918	0.190	-0.112	1502	11764
-77.431	-0.979	0.190	-0.106	1505	11771
-78.734	-1.024	0.186	-0.085	1510	11778
-80.719	-1.033	0.144	-0.089	1505	11785
-81.675	-1.037	0.129	-0.080	1516	11792
-82.249	-1.024	0.122	-0.067	1503	11798
-81.305	-0.988	0.134	-0.070	1497	11805
-81.853	-0.941	0.108	-0.080	1512	11811
-83.291	-0.903	0.063	-0.086	1522	11819
-82.481	-0.889	0.063	-0.099	1518	11826
-81.469	-0.892	0.045	-0.126	1500	11832
-80.624	-0.895	0.025	-0.146	1510	11839
-80.480	-0.904	0.020	-0.150	1539	11846
-80.953	-0.908	0.005	-0.145	1544	11852
-80.402	-0.936	0.000	-0.158	1528	11859
-80.229	-0.970	0.002	-0.167	1528	11867
-79.051	-0.924	0.001	-0.179	1527	11873
-78.231	-1.019	0.051	-0.206	1524	11880
-76.913	-1.023	0.089	-0.221	1523	11887
-74.746	-1.017	0.111	-0.254	1537	11893
-73.558	-1.003	0.120	-0.271	1523	11900
-72.241	-0.986	0.118	-0.293	1509	11907
-71.750	-0.982	0.102	-0.308	1526	11914
-72.045	-0.966	0.090	-0.300	1502	11921
-72.843	-0.970	0.074	-0.290	1477	11927
-73.861	-0.972	0.052	-0.276	1464	11934
-74.314	-0.959	0.038	-0.267	1463	11941
-75.338	-0.952	0.007	-0.249	1461	11948
-76.241	-0.950	-0.011	-0.232	1437	11955
-76.637	-0.942	-0.031	-0.222	1412	11962
-76.795	-0.946	-0.038	-0.219	1400	11968
-76.866	-0.949	-0.050	-0.216	1379	11975
-77.925	-0.968	-0.053	-0.200	1390	11982
-78.383	-0.980	-0.050	-0.195	1377	11988
-77.982	-0.995	-0.045	-0.207	1370	11996
-78.807	-0.998	-0.035	-0.194	1369	12003
-79.697	-0.998	-0.017	-0.181	1368	12009
-80.315	-0.996	-0.005	-0.170	1344	12016
-80.440	-0.992	0.006	-0.167	1330	12022
-80.281	-0.995	0.022	-0.169	1327	12029
-79.856	-0.989	0.038	-0.173	1316	12037
-79.524	-0.982	0.053	-0.174	1317	12043
-78.649	-0.966	0.075	-0.179	1326	12050
-78.360	-0.948	0.069	-0.183	1339	12057
-77.663	-0.930	0.071	-0.190	1342	12063
-77.685	-0.924	0.066	-0.190	1353	12070
-77.043	-0.932	0.079	-0.199	1379	12078
-76.612	-0.947	0.074	-0.213	1408	12084
-76.924	-0.981	0.076	-0.215	1440	12091
-77.150	-1.015	0.081	-0.217	1482	12098
-76.860	-1.021	0.080	-0.225	1536	12104
-76.870	-1.023	0.078	-0.226	1576	12111
-76.690	-1.002	0.066	-0.228	1605	12119
-76.080	-0.982	0.059	-0.236	1633	12125
-75.866	-0.974	0.044	-0.241	1672	12132
-75.173	-0.962	0.043	-0.251	1724	12138
-74.455	-0.947	0.038	-0.261	1742	12145
-74.654	-0.930	0.046	-0.251	1759	12152
-74.842	-0.918	0.042	-0.245	1778	12158
-75.164	-0.914	0.043	-0.238	1767	12166
-75.582	-0.917	0.033	-0.233	1771	12173
-76.226	-0.936	0.020	-0.229	1770	12179
-77.076	-0.967	0.009	-0.222	1768	12186
-77.852	-0.990	0.011	-0.213	1779	12193
-78.322	-1.010	0.026	-0.207	1772	12199
-79.355	-1.020	0.044	-0.187	1756	12207
-78.784	-1.009	0.072	-0.187	1770	12214
-78.350	-0.995	0.081	-0.188	