-81.931	-0.982	-0.053	-0.129	1509	22
-81.824	-0.973	-0.063	-0.125	1511	28
-81.411	-0.974	-0.074	-0.127	1511	35
-81.278	-0.980	-0.079	-0.128	1512	41
-80.782	-0.977	-0.091	-0.130	1509	49
-81.095	-0.982	-0.090	-0.125	1508	55
-80.921	-0.988	-0.090	-0.130	1507	62
-81.174	-0.989	-0.088	-0.126	1507	68
-81.232	-0.985	-0.082	-0.128	1506	75
-80.947	-0.984	-0.085	-0.132	1506	81
-81.927	-0.988	-0.072	-0.120	1506	89
-81.545	-0.980	-0.078	-0.123	1506	95
-81.533	-0.978	-0.069	-0.128	1506	102
-81.533	-0.976	-0.077	-0.123	1507	109
-81.860	-0.976	-0.069	-0.121	1507	115
-81.273	-0.978	-0.083	-0.125	1506	122
-81.133	-0.983	-0.080	-0.131	1508	129
-81.204	-0.979	-0.069	-0.135	1507	136
-81.032	-0.976	-0.076	-0.134	1511	142
-80.971	-0.974	-0.074	-0.136	1513	149
-80.897	-0.979	-0.082	-0.134	1511	155
-81.003	-0.979	-0.080	-0.133	1511	162
-81.046	-0.990	-0.085	-0.131	1511	169
-81.629	-1.007	-0.071	-0.130	1514	176
-80.987	-1.009	-0.078	-0.140	1513	183
-81.520	-1.018	-0.062	-0.139	1513	189
-81.579	-0.997	-0.056	-0.137	1515	196
-81.254	-0.979	-0.054	-0.141	1516	202
-81.259	-0.975	-0.052	-0.141	1517	209
-81.117	-0.961	-0.053	-0.141	1517	216
-80.319	-0.958	-0.068	-0.148	1515	223
-80.448	-0.971	-0.074	-0.146	1512	230
-80.431	-0.979	-0.070	-0.149	1511	236
-80.249	-0.988	-0.086	-0.146	1511	243
-80.704	-0.991	-0.092	-0.134	1510	249
-80.537	-0.988	-0.095	-0.135	1510	257
-80.439	-0.982	-0.103	-0.130	1512	263
-79.919	-0.984	-0.116	-0.131	1511	270
-79.983	-0.980	-0.112	-0.132	1512	276
-79.691	-0.977	-0.120	-0.131	1512	283
-79.613	-0.979	-0.126	-0.128	1512	290
-79.692	-0.983	-0.128	-0.125	1509	296
-79.674	-0.989	-0.129	-0.126	1508	304
-79.681	-0.986	-0.124	-0.130	1508	310
-79.852	-0.981	-0.117	-0.131	1509	317
-80.143	-0.975	-0.114	-0.125	1511	323
-80.155	-0.980	-0.113	-0.127	1509	330
-80.183	-0.973	-0.109	-0.128	1507	337
-80.323	-0.979	-0.104	-0.131	1507	344
-80.337	-0.979	-0.101	-0.133	1507	351
-80.443	-0.989	-0.105	-0.129	1506	357
-80.232	-0.987	-0.116	-0.124	1504	364
-80.333	-0.989	-0.117	-0.121	1503	370
-80.503	-0.979	-0.113	-0.118	1503	377
-80.387	-0.979	-0.118	-0.116	1502	385
-79.942	-0.978	-0.126	-0.119	1505	391
-80.190	-0.979	-0.121	-0.118	1505	398
-80.063	-0.978	-0.122	-0.120	1505	404
-80.432	-0.976	-0.120	-0.112	1501	411
-80.906	-0.979	-0.108	-0.113	1498	417
-80.795	-0.975	-0.103	-0.120	1495	424
-81.131	-0.976	-0.101	-0.114	1492	431
-80.387	-0.969	-0.107	-0.124	1491	438
-80.570	-0.979	-0.108	-0.121	1491	445
-80.816	-0.981	-0.103	-0.121	1492	451
-81.255	-0.990	-0.100	-0.115	1494	458
-80.935	-0.996	-0.108	-0.116	1492	464
-80.712	-0.997	-0.111	-0.119	1494	472
-80.820	-0.996	-0.117	-0.110	1492	478
-81.001	-0.995	-0.116	-0.106	1492	485
-80.991	-0.984	-0.111	-0.109	1492	491
-81.047	-0.986	-0.111	-0.108	1491	498
-80.637	-0.977	-0.118	-0.109	1491	505
-80.744	-0.978	-0.121	-0.104	1494	512
-80.417	-0.976	-0.129	-0.103	1492	519
-80.178	-0.988	-0.138	-0.102	1489	525
-81.113	-0.993	-0.123	-0.095	1490	532
-80.739	-1.000	-0.135	-0.092	1490	538
-79.965	-0.991	-0.142	-0.104	1490	545
-79.074	-0.989	-0.157	-0.108	1492	551
-78.416	-0.977	-0.165	-0.113	1492	559
-77.886	-0.963	-0.173	-0.113	1492	566
-77.575	-0.965	-0.185	-0.105	1491	572
-77.677	-0.974	-0.190	-0.095	1488	579
-78.324	-0.979	-0.182	-0.089	1488	585
-78.863	-0.990	-0.178	-0.080	1490	592
-80.598	-1.005	-0.148	-0.075	1493	599
-81.702	-1.012	-0.127	-0.075	1494	606
-82.814	-1.023	-0.100	-0.082	1501	612
-83.550	-1.017	-0.075	-0.087	1499	619
-83.461	-1.004	-0.058	-0.100	1500	626
-82.983	-0.996	-0.047	-0.113	1501	632
-82.866	-0.978	-0.035	-0.117	1501	640
-82.296	-0.969	-0.036	-0.126	1503	646
-81.728	-0.970	-0.038	-0.136	1503	653
-81.744	-0.975	-0.036	-0.137	1504	659
-81.342	-0.974	-0.050	-0.140	1506	666
-81.436	-0.981	-0.054	-0.138	1507	672
-81.451	-0.989	-0.054	-0.139	1509	679
-82.126	-0.990	-0.054	-0.126	1511	687
-82.125	-0.992	-0.057	-0.125	1513	693
-81.993	-0.987	-0.063	-0.124	1517	700
-82.285	-0.983	-0.058	-0.120	1518	706
-82.376	-0.970	-0.068	-0.110	1518	713
-82.157	-0.972	-0.066	-0.116	1516	719
-81.834	-0.971	-0.081	-0.113	1514	727
-81.393	-0.979	-0.091	-0.117	1513	734
-81.539	-0.976	-0.099	-0.106	1513	740
-80.460	-0.987	-0.123	-0.111	1512	747
-80.820	-0.987	-0.123	-0.102	1510	753
-80.486	-0.994	-0.133	-0.101	1507	760
-80.107	-0.984	-0.138	-0.103	1505	766
-80.141	-0.990	-0.140	-0.101	1503	774
-80.150	-0.983	-0.139	-0.100	1500	780
-80.191	-0.986	-0.135	-0.104	1499	787
-79.442	-0.981	-0.140	-0.118	1498	794
-79.448	-0.981	-0.139	-0.119	1498	800
-79.049	-0.979	-0.139	-0.129	1498	807
-79.111	-0.981	-0.141	-0.126	1499	814
-78.971	-0.979	-0.140	-0.130	1502	821
-79.633	-0.987	-0.136	-0.119	1504	827
-79.601	-0.986	-0.132	-0.124	1504	834
-79.401	-0.987	-0.139	-0.122	1504	840
-79.438	-0.978	-0.144	-0.112	1504	847
-79.855	-0.973	-0.138	-0.106	1504	855
-80.563	-0.973	-0.125	-0.103	1503	861
-80.205	-0.978	-0.126	-0.112	1504	868
-80.579	-0.979	-0.121	-0.108	1505	874
-80.743	-0.988	-0.119	-0.108	1507	881
-80.062	-0.985	-0.123	-0.121	1509	887
-80.108	-0.987	-0.128	-0.115	1510	894
-79.763	-0.984	-0.133	-0.118	1512	901
-79.992	-0.986	-0.126	-0.120	1513	908
-80.043	-0.979	-0.123	-0.120	1513	915
-80.270	-0.975	-0.119	-0.117	1513	921
-80.933	-0.974	-0.110	-0.109	1512	928
-81.302	-0.972	-0.110	-0.100	1516	934
-81.147	-0.975	-0.116	-0.098	1513	942
-81.041	-0.976	-0.117	-0.100	1512	948
-80.746	-0.977	-0.119	-0.105	1509	955
-80.917	-0.978	-0.116	-0.104	1506	961
-80.926	-0.988	-0.119	-0.104	1503	968
-80.697	-0.987	-0.119	-0.109	1501	975
-80.622	-0.987	-0.119	-0.111	1498	982
-81.012	-0.992	-0.116	-0.105	1497	989
-80.894	-0.991	-0.115	-0.109	1496	995
-81.082	-0.986	-0.105	-0.113	1495	1002
-81.375	-0.993	-0.103	-0.110	1493	1008
-81.346	-0.989	-0.104	-0.108	1490	1015
-81.235	-0.987	-0.101	-0.114	1488	1022
-81.428	-0.982	-0.092	-0.116	1488	1029
-81.108	-0.989	-0.105	-0.113	1487	1036
-80.809	-0.986	-0.109	-0.116	1487	1042
-80.598	-0.980	-0.111	-0.118	1487	1049
-80.746	-0.983	-0.111	-0.115	1486	1056
-80.562	-0.980	-0.113	-0.117	1485	1062
-80.375	-0.981	-0.119	-0.116	1485	1070
-80.219	-0.982	-0.125	-0.114	1486	1077
-80.462	-0.982	-0.119	-0.114	1483	1083
-80.610	-0.974	-0.118	-0.109	1484	1090
-80.418	-0.974	-0.118	-0.114	1483	1096
-80.681	-0.977	-0.110	-0.116	1482	1103
-80.915	-0.982	-0.104	-0.118	1481	1111
-80.869	-0.991	-0.104	-0.121	1479	1117
-81.343	-0.994	-0.091	-0.121	1479	1124
-81.142	-1.004	-0.093	-0.126	1479	1130
-81.396	-0.994	-0.088	-0.122	1480	1137
-81.245	-0.983	-0.087	-0.124	1480	1144
-81.139	-0.977	-0.087	-0.125	1480	1150
-80.511	-0.973	-0.094	-0.133	1481	1158
-80.790	-0.975	-0.097	-0.125	1483	1165
-80.542	-0.980	-0.102	-0.128	1485	1171
-80.709	-0.986	-0.100	-0.127	1484	1178
-80.955	-0.979	-0.101	-0.119	1483	1184
-80.781	-0.979	-0.107	-0.117	1482	1191
-80.930	-0.979	-0.104	-0.117	1482	1199
-81.327	-0.985	-0.098	-0.114	1482	1205
-80.838	-0.979	-0.094	-0.127	1481	1212
-81.281	-0.988	-0.090	-0.122	1482	1218
-81.266	-0.993	-0.089	-0.124	1483	1225
-81.018	-0.992	-0.088	-0.130	1483	1232
-80.994	-0.984	-0.088	-0.129	1484	1239
-81.270	-0.979	-0.079	-0.128	1486	1246
-80.815	-0.977	-0.087	-0.132	1487	1252
-81.049	-0.985	-0.085	-0.130	1488	1259
-81.225	-0.978	-0.086	-0.124	1488	1266
-81.346	-0.976	-0.086	-0.121	1488	1272
-81.558	-0.983	-0.091	-0.114	1488	1280
-81.016	-0.983	-0.094	-0.124	1488	1286
-81.101	-0.980	-0.092	-0.123	1488	1293
-81.106	-0.978	-0.095	-0.120	1490	1300
-81.209	-0.987	-0.097	-0.118	1492	1306
-81.127	-0.983	-0.092	-0.123	1495	1313
-81.060	-0.982	-0.100	-0.118	1494	1319
-81.087	-0.982	-0.105	-0.112	1494	1327
-80.773	-0.979	-0.105	-0.119	1494	1334
-80.666	-0.983	-0.111	-0.117	1494	1340
-80.642	-0.981	-0.109	-0.119	1494	1347
-81.129	-0.979	-0.102	-0.114	1495	1353
-81.182	-0.979	-0.098	-0.116	1493	1360
-81.132	-0.977	-0.094	-0.120	1493	1368
-81.422	-0.981	-0.088	-0.119	1493	1374
-81.838	-0.987	-0.085	-0.113	1492	1381
-82.533	-0.988	-0.075	-0.105	1493	1387
-82.002	-0.983	-0.079	-0.113	1494	1394
-81.809	-0.992	-0.083	-0.116	1494	1401
-82.305	-0.990	-0.074	-0.111	1495	1408
-82.281	-0.991	-0.075	-0.111	1496	1415
-82.609	-0.989	-0.077	-0.103	1496	1421
-83.030	-0.987	-0.072	-0.097	1498	1428
-82.576	-0.995	-0.083	-0.100	1500	1435
-82.371	-0.991	-0.089	-0.099	1499	1441
-82.122	-0.993	-0.098	-0.097	1499	1448
-82.382	-0.997	-0.091	-0.098	1498	1455
-82.154	-0.992	-0.098	-0.096	1497	1462
-81.760	-0.992	-0.099	-0.104	1497	1469
-81.236	-0.979	-0.100	-0.113	1497	1475
-81.827	-0.979	-0.091	-0.107	1497	1482
-82.374	-0.985	-0.083	-0.103	1496	1488
-82.202	-0.981	-0.078	-0.109	1495	1496
-82.630	-0.984	-0.068	-0.107	1493	1503
-82.493	-0.986	-0.065	-0.112	1492	1509
-82.490	-0.991	-0.077	-0.105	1491	1516
-82.183	-0.990	-0.082	-0.108	1489	1522
-82.106	-0.983	-0.080	-0.110	1488	1529
-82.068	-0.978	-0.085	-0.106	1488	1537
-82.308	-0.980	-0.080	-0.105	1486	1543
-82.255	-0.982	-0.082	-0.105	1486	1550
-82.456	-0.994	-0.085	-0.101	1486	1556
-82.059	-0.994	-0.089	-0.106	1486	1563
-81.892	-0.990	-0.088	-0.110	1486	1570
-82.010	-0.992	-0.085	-0.110	1487	1576
-82.461	-0.980	-0.074	-0.106	1490	1584
-82.388	-0.985	-0.076	-0.107	1494	1590
-82.126	-0.983	-0.078	-0.111	1496	1597
-82.058	-0.986	-0.078	-0.113	1498	1604
-81.368	-0.979	-0.082	-0.124	1499	1610
-81.671	-0.982	-0.079	-0.120	1500	1617
-81.213	-0.983	-0.088	-0.124	1500	1624
-81.338	-0.987	-0.092	-0.119	1501	1631
-81.705	-0.996	-0.077	-0.123	1503	1638
-81.861	-0.998	-0.080	-0.118	1503	1644
-82.254	-1.000	-0.067	-0.118	1504	1651
-82.112	-0.987	-0.065	-0.120	1503	1658
-81.908	-0.981	-0.069	-0.121	1504	1665
-81.110	-0.973	-0.074	-0.133	1504	1672
-81.339	-0.973	-0.071	-0.130	1505	1678
-81.444	-0.976	-0.068	-0.130	1506	1685
-81.493	-0.984	-0.069	-0.130	1503	1692
-81.473	-0.986	-0.082	-0.123	1504	1698
-81.635	-0.980	-0.084	-0.117	1505	1705
-81.586	-0.983	-0.082	-0.120	1509	1712
-81.675	-0.981	-0.083	-0.117	1504	1719
-81.441	-0.984	-0.081	-0.124	1503	1726
-81.151	-0.988	-0.084	-0.129	1499	1732
-81.475	-0.990	-0.090	-0.118	1496	1739
-81.533	-0.985	-0.087	-0.118	1494	1745
-81.811	-0.984	-0.078	-0.118	1493	1753
-81.346	-0.988	-0.079	-0.128	1493	1760
-82.049	-0.989	-0.079	-0.113	1495	1766
-81.874	-0.979	-0.073	-0.119	1493	1773
-81.660	-0.980	-0.067	-0.127	1492	1779
-82.074	-0.976	-0.060	-0.122	1492	1786
-82.066	-0.975	-0.062	-0.121	1497	1794
-82.492	-0.984	-0.056	-0.117	1495	1800
1.571	0.071	-2.000	1.660	1489	1807
-44.325	-2.000	0.439	-2.000	1486	1813
-61.613	-1.028	-0.007	-0.556	1482	1820
-73.282	-0.939	0.062	-0.275	1476	1827
-78.170	-0.916	0.150	0.119	1476	1833
-84.323	-0.949	0.011	-0.094	1480	1841
-77.046	-0.968	-0.089	-0.204	1483	1847
-75.583	-0.979	-0.072	-0.241	1483	1854
-76.924	-0.954	-0.041	-0.218	1486	1861
-82.393	-0.860	-0.098	-0.061	1486	1867
-82.101	-0.916	-0.114	0.056	1481	1874
-82.913	-1.056	-0.128	0.029	1475	1881
-82.629	-1.088	-0.131	-0.052	1474	1888
-82.719	-1.068	-0.076	-0.113	1468	1895
-82.913	-1.037	-0.003	-0.129	1466	1901
-82.334	-0.996	0.009	-0.134	1469	1908
-82.278	-0.978	-0.038	-0.127	1473	1914
-82.066	-0.975	-0.070	-0.116	1478	1922
-81.520	-0.970	-0.090	-0.113	1481	1929
-77.338	-0.992	-0.107	-0.195	1483	1935
-84.554	-0.942	-0.055	-0.071	1485	1942
-85.701	-0.959	-0.042	-0.059	1489	1948
-82.216	-1.006	-0.048	-0.129	1492	1955
-81.439	-1.001	-0.069	-0.134	1492	1963
-80.802	-0.998	-0.070	-0.146	1490	1969
-81.605	-0.992	-0.050	-0.138	1488	1976
-81.978	-0.979	-0.044	-0.131	1490	1983
-82.549	-0.974	-0.045	-0.119	1492	1989
-82.106	-0.976	-0.041	-0.129	1494	1996
-81.482	-0.981	-0.046	-0.140	1496	2002
-81.104	-0.982	-0.058	-0.143	1493	2010
-81.098	-0.978	-0.061	-0.141	1491	2017
-81.215	-0.981	-0.073	-0.133	1490	2023
-81.416	-0.986	-0.076	-0.128	1488	2030
-81.654	-0.984	-0.077	-0.122	1487	2036
35.743	1.596	-0.959	1.999	1483	2043
-13.998	-0.574	-1.143	-2.000	1479	2050
-47.226	-0.911	-0.072	-0.840	1476	2057
-71.821	-0.936	0.236	-0.196	1474	2064
-77.597	-1.074	0.235	0.021	1479	2070
-75.098	-1.057	0.145	-0.241	1486	2077
-74.638	-1.024	0.048	-0.277	1494	2084
-74.311	-0.994	0.057	-0.273	1499	2091
-75.455	-0.986	0.091	-0.239	1502	2098
-80.522	-0.915	0.036	-0.148	1507	2104
-84.917	-0.846	-0.037	-0.065	1510	2111
-74.636	-0.822	-0.194	-0.115	1507	2118
-74.694	-0.679	-0.132	-0.131	1501	2124
-78.679	-0.879	-0.176	-0.008	1497	2131
-84.451	-1.059	-0.095	-0.040	1495	2138
-86.983	-1.170	-0.012	-0.061	1493	2145
-85.576	-1.174	0.000	-0.091	1495	2152
-84.327	-1.119	-0.035	-0.105	1502	2158
-81.702	-1.061	-0.099	-0.119	1503	2165
-79.235	-0.974	-0.128	-0.134	1506	2171
-79.705	-0.932	-0.117	-0.122	1510	2179
-80.895	-0.919	-0.099	-0.109	1516	2186
-80.793	-0.933	-0.097	-0.116	1521	2192
-80.869	-0.976	-0.100	-0.121	1522	2199
-81.224	-1.012	-0.099	-0.121	1521	2205
-81.679	-1.025	-0.102	-0.110	1524	2212
-82.257	-1.028	-0.092	-0.105	1527	2220
-82.133	-1.011	-0.083	-0.112	1529	2226
-82.259	-0.996	-0.063	-0.120	1529	2233
-82.348	-0.985	-0.056	-0.120	1528	2239
-81.919	-0.977	-0.043	-0.132	1528	2246
-81.918	-0.968	-0.045	-0.130	1530	2253
-82.658	-0.970	-0.046	-0.116	1529	2259
-82.650	-0.982	-0.053	-0.115	1531	2267
-82.861	-0.987	-0.052	-0.112	1527	2273
-82.753	-0.990	-0.051	-0.115	1521	2280
-82.706	-0.986	-0.054	-0.114	1517	2287
-82.878	-0.989	-0.054	-0.111	1514	2293
-83.093	-0.984	-0.052	-0.107	1508	2300
-83.273	-0.985	-0.049	-0.105	1507	2307
-83.471	-0.992	-0.051	-0.102	1504	2314
-83.589	-0.980	-0.045	-0.101	1506	2321
-83.704	-0.986	-0.039	-0.102	1501	2327
-83.506	-0.989	-0.042	-0.104	1495	2334
-83.154	-0.993	-0.054	-0.106	1491	2340
-83.187	-1.002	-0.051	-0.108	1497	2348
-82.751	-0.989	-0.053	-0.114	1499	2355
-82.926	-0.996	-0.054	-0.111	1494	2361
-82.605	-0.996	-0.059	-0.115	1492	2368
-82.453	-0.992	-0.060	-0.117	1491	2374
-82.715	-0.987	-0.056	-0.113	1499	2381
-82.505	-0.983	-0.063	-0.113	1499	2388
-82.040	-0.984	-0.065	-0.121	1502	2395
-82.265	-0.985	-0.066	-0.116	1515	2402
-82.659	-0.993	-0.066	-0.109	1543	2409
-82.867	-0.992	-0.061	-0.108	1522	2415
-83.014	-0.990	-0.066	-0.102	1531	2422
-82.864	-0.984	-0.068	-0.103	1509	2428
-82.567	-0.986	-0.069	-0.108	1515	2436
-82.019	-0.989	-0.069	-0.120	1528	2443
-82.017	-0.994	-0.058	-0.127	1505	2449
-82.321	-0.991	-0.061	-0.119	1505	2456
-82.400	-0.992	-0.056	-0.120	1498	2462
-82.584	-0.993	-0.057	-0.116	1517	2469
-82.595	-0.981	-0.055	-0.115	1506	2477
-82.849	-0.985	-0.058	-0.109	1494	2483
-82.886	-0.983	-0.054	-0.110	1499	2490
-83.347	-0.979	-0.046	-0.104	1483	2496
-83.280	-0.986	-0.049	-0.105	1470	2503
-82.908	-0.985	-0.047	-0.113	1463	2510
-83.275	-0.986	-0.047	-0.106	1459	2516
-82.707	-0.990	-0.053	-0.115	1459	2524
-82.884	-0.983	-0.052	-0.111	1459	2530
-82.837	-0.978	-0.050	-0.112	1462	2537
-82.756	-0.978	-0.049	-0.114	1465	2544
-83.370	-0.986	-0.040	-0.107	1480	2550
-83.090	-0.994	-0.035	-0.115	1470	2557
-83.773	-0.999	-0.034	-0.104	1468	2564
-83.159	-0.995	-0.027	-0.116	1479	2571
-83.314	-0.992	-0.026	-0.113	1471	2578
-82.984	-0.993	-0.031	-0.118	1472	2584
-82.888	-0.991	-0.033	-0.119	1474	2591
-82.279	-0.982	-0.037	-0.128	1481	2597
-82.502	-0.982	-0.048	-0.120	1486	2605
-82.585	-0.985	-0.050	-0.118	1497	2612
-82.203	-0.981	-0.052	-0.124	1500	2618
-82.081	-0.988	-0.053	-0.127	1506	2625
-81.923	-0.981	-0.053	-0.129	1510	2631
-82.379	-0.985	-0.050	-0.122	1504	2638
-82.694	-0.984	-0.047	-0.117	1512	2646
-83.056	-0.984	-0.047	-0.110	1516	2652
-82.955	-0.980	-0.048	-0.111	1518	2659
-83.514	-0.991	-0.049	-0.102	1518	2665
-82.978	-0.982	-0.052	-0.109	1528	2672
-83.167	-0.995	-0.052	-0.107	1529	2679
-83.160	-0.994	-0.056	-0.105	1550	2685
-82.996	-0.988	-0.055	-0.108	1535	2693
-82.853	-0.990	-0.061	-0.108	1518	2699
-82.342	-0.984	-0.062	-0.117	1525	2706
-82.075	-0.990	-0.069	-0.119	1515	2713
-82.099	-0.986	-0.067	-0.119	1517	2719
-81.827	-0.988	-0.077	-0.119	1532	2726
-81.821	-0.993	-0.080	-0.118	1520	2734
-81.855	-0.992	-0.087	-0.112	1532	2740
-82.535	-0.992	-0.073	-0.107	1559	2747
-83.189	-0.994	-0.062	-0.102	1542	2753
-82.570	-0.981	-0.060	-0.113	1560	2760
-82.812	-0.980	-0.052	-0.112	1586	2767
-82.664	-0.980	-0.058	-0.112	1542	2774
-82.570	-0.975	-0.058	-0.113	1546	2781
-82.708	-0.986	-0.056	-0.113	1573	2787
-82.359	-0.991	-0.053	-0.122	1544	2794
-82.289	-0.987	-0.057	-0.121	1519	2801
-82.815	-0.991	-0.053	-0.113	1528	2807
-82.666	-0.988	-0.062	-0.111	1544	2814
-82.456	-0.989	-0.059	-0.117	1532	2821
-82.897	-0.997	-0.044	-0.116	1568	2828
-83.381	-0.998	-0.028	-0.112	1552	2835
-84.171	-0.993	-0.013	-0.101	1572	2841
-84.826	-0.981	-0.001	-0.089	1599	2848
-84.447	-0.975	0.002	-0.095	1594	2854
-83.052	-0.970	-0.002	-0.118	1590	2862
-81.909	-0.962	-0.003	-0.137	1616	2869
-81.927	-0.964	0.001	-0.137	1606	2875
-82.000	-0.966	0.001	-0.136	1629	2882
-82.461	-0.982	-0.006	-0.130	1612	2888
-83.025	-0.996	-0.014	-0.121	1613	2895
-83.971	-0.999	-0.015	-0.104	1593	2903
-84.211	-1.000	-0.013	-0.101	1563	2909
-84.252	-1.005	-0.011	-0.101	1549	2916
-83.952	-1.005	0.002	-0.106	1562	2922
-83.627	-1.017	0.008	-0.113	1564	2929
-83.037	-1.017	0.006	-0.124	1571	2936
-82.812	-1.000	0.006	-0.126	1582	2942
-82.413	-0.980	0.014	-0.130	1637	2950
-82.477	-0.958	0.012	-0.126	1610	2956
-82.145	-0.949	0.005	-0.131	1592	2963
-81.414	-0.951	-0.004	-0.144	1563	2970
-81.088	-0.966	-0.005	-0.151	1574	2976
-81.814	-0.980	-0.011	-0.141	1554	2983
-81.363	-0.994	-0.014	-0.150	1555	2990
-82.299	-1.004	0.001	-0.136	1574	2997
-83.010	-1.004	0.003	-0.123	1580	3004
-83.565	-0.997	0.006	-0.112	1538	3010
-83.019	-0.987	0.014	-0.120	1556	3017
-83.104	-0.985	0.003	-0.119	1557	3023
-82.995	-0.978	-0.001	-0.120	1585	3031
-83.227	-0.984	-0.013	-0.116	1549	3037
-82.565	-0.984	-0.012	-0.128	1614	3044
-82.172	-0.983	-0.020	-0.134	1563	3051
-81.918	-0.984	-0.018	-0.139	1593	3057
-81.762	-0.983	-0.032	-0.139	1557	3064
-81.291	-0.985	-0.032	-0.147	1540	3072
-81.325	-0.987	-0.035	-0.146	1562	3078
-82.418	-0.980	-0.030	-0.127	1550	3085
-82.950	-0.979	-0.016	-0.120	1536	3091
-83.075	-0.981	-0.004	-0.119	1535	3098
-83.160	-0.975	0.013	-0.116	1513	3105
-83.682	-0.972	0.016	-0.106	1542	3111
-83.313	-0.975	0.036	-0.108	1576	3119
-81.860	-0.990	0.052	-0.132	1522	3125
-81.409	-0.999	0.060	-0.139	1546	3132
-81.333	-1.003	0.066	-0.138	1514	3139
-80.943	-1.003	0.074	-0.142	1508	3145
-81.245	-0.994	0.076	-0.133	1519	3152
-81.218	-0.996	0.063	-0.141	1515	3159
-82.054	-0.989	0.047	-0.130	1515	3166
-82.542	-0.976	0.051	-0.117	1498	3173
-82.399	-0.973	0.054	-0.118	1474	3179
-82.386	-0.964	0.060	-0.114	1466	3186
-82.388	-0.960	0.065	-0.110	1491	3192
-82.504	-0.965	0.076	-0.102	1467	3200
-81.856	-0.979	0.089	-0.108	1430	3207
-81.140	-0.992	0.099	-0.119	1444	3213
-80.399	-0.999	0.104	-0.133	1447	3220
-80.102	-1.008	0.109	-0.138	1431	3226
-80.196	-1.013	0.105	-0.140	1445	3233
-80.233	-0.998	0.111	-0.131	1493	3240
-80.619	-0.982	0.104	-0.125	1450	3247
-80.484	-0.978	0.092	-0.136	1468	3254
-81.513	-0.978	0.066	-0.130	1468	3260
-81.497	-0.974	0.060	-0.133	1451	3267
-81.559	-0.972	0.061	-0.131	1496	3274
-82.630	-0.972	0.048	-0.116	1438	3280
-82.423	-0.974	0.051	-0.119	1452	3288
-82.180	-0.979	0.061	-0.120	1456	3294
-81.746	-0.974	0.069	-0.123	1498	3301
-81.616	-0.983	0.078	-0.122	1457	3308
-81.279	-0.984	0.089	-0.122	1472	3314
-80.476	-0.998	0.097	-0.137	1480	3321
-80.649	-0.995	0.092	-0.136	1513	3328
-80.321	-0.994	0.095	-0.141	1492	3335
-80.545	-0.992	0.090	-0.139	1519	3342
-80.874	-0.986	0.088	-0.132	1511	3348
-80.526	-0.979	0.085	-0.140	1476	3355
-80.273	-0.969	0.090	-0.140	1469	3361
-79.842	-0.963	0.096	-0.144	1464	3368
-80.186	-0.953	0.102	-0.130	1495	3376
-79.503	-0.954	0.108	-0.140	1516	3382
-79.735	-0.964	0.113	-0.133	1484	3389
-79.304	-0.975	0.115	-0.144	1480	3395
-79.634	-0.981	0.110	-0.142	1525	3402
-79.084	-0.982	0.111	-0.153	1523	3409
-79.271	-0.980	0.114	-0.146	1555	3416
-79.846	-0.981	0.105	-0.141	1563	3423
-79.978	-0.980	0.106	-0.137	1528	3429
-80.364	-0.975	0.103	-0.130	1585	3436
-80.103	-0.970	0.118	-0.121	1568	3443
-79.666	-0.966	0.122	-0.127	1547	3449
-79.472	-0.963	0.131	-0.122	1515	3457
-78.605	-0.968	0.146	-0.130	1452	3464
-78.117	-0.979	0.150	-0.141	1493	3470
-78.498	-0.982	0.149	-0.133	1443	3477
-78.499	-0.985	0.148	-0.135	1486	3483
-78.638	-0.991	0.148	-0.133	1515	3490
-79.079	-0.995	0.139	-0.133	1487	3497
-79.559	-0.995	0.138	-0.121	1464	3504
-79.685	-0.985	0.136	-0.117	1461	3511
-79.797	-0.974	0.138	-0.108	1471	3517
-79.890	-0.958	0.133	-0.107	1438	3524
-79.579	-0.951	0.136	-0.110	1510	3531
-79.854	-0.944	0.133	-0.104	1493	3537
-79.771	-0.942	0.132	-0.107	1520	3545
-80.379	-0.972	0.129	-0.103	1471	3551
-80.545	-0.984	0.134	-0.095	1537	3558
-80.420	-1.007	0.135	-0.104	1501	3565
-80.237	-1.021	0.140	-0.106	1490	3571
-79.313	-1.017	0.156	-0.111	1500	3578
-78.467	-1.021	0.169	-0.122	1569	3585
-76.797	-1.013	0.200	-0.128	1457	3592
-76.151	-1.000	0.212	-0.126	1444	3599
-75.138	-0.988	0.229	-0.127	1466	3605
-74.147	-0.976	0.239	-0.140	1422	3612
-74.203	-0.967	0.236	-0.138	1430	3618
-74.905	-0.974	0.227	-0.133	1452	3625
-75.404	-0.974	0.222	-0.123	1447	3633
-76.727	-0.973	0.197	-0.117	1458	3639
-78.171	-0.972	0.173	-0.107	1488	3646
-79.255	-0.973	0.146	-0.112	1453	3652
-79.392	-0.970	0.128	-0.129	1433	3659
-79.835	-0.972	0.105	-0.139	1407	3666
-79.941	-0.973	0.096	-0.144	1426	3673
-79.932	-0.974	0.092	-0.146	1449	3680
-79.875	-0.981	0.095	-0.147	1457	3686
-79.858	-0.987	0.109	-0.139	1433	3693
-79.849	-0.989	0.117	-0.133	1462	3700
-79.651	-0.973	0.120	-0.131	1416	3706
-79.305	-0.970	0.135	-0.124	1467	3714
-78.591	-0.952	0.142	-0.130	1421	3721
-78.580	-0.957	0.147	-0.125	1485	3727
-78.478	-0.967	0.156	-0.120	1483	3734
-78.777	-0.970	0.156	-0.112	1436	3740
-78.933	-0.973	0.151	-0.115	1463	3747
-78.790	-0.980	0.150	-0.123	1511	3755
-79.169	-0.988	0.144	-0.123	1482	3761
-79.141	-0.996	0.145	-0.125	1440	3768
-78.829	-0.996	0.149	-0.128	1447	3774
-78.300	-0.992	0.163	-0.125	1405	3781
-77.526	-0.986	0.177	-0.128	1454	3788
-77.609	-0.983	0.185	-0.112	1455	3794
-77.098	-0.976	0.194	-0.110	1463	3802
-77.099	-0.974	0.194	-0.109	1482	3808
-77.215	-0.974	0.191	-0.110	1479	3815
-77.116	-0.978	0.190	-0.117	1444	3822
-77.474	-0.972	0.181	-0.118	1452	3828
-78.242	-0.970	0.165	-0.116	1478	3835
-79.004	-0.972	0.155	-0.107	1540	3842
-79.753	-0.975	0.140	-0.107	1466	3849
-80.014	-0.974	0.133	-0.108	1489	3856
-80.157	-0.985	0.134	-0.106	1460	3862
-80.420	-0.979	0.129	-0.104	1497	3869
-79.841	-0.980	0.137	-0.110	1466	3875
-79.621	-0.985	0.144	-0.109	1458	3883
-79.345	-0.983	0.146	-0.114	1474	3890
-78.734	-0.980	0.156	-0.117	1486	3896
-78.157	-0.976	0.167	-0.118	1481	3903
-77.504	-0.972	0.181	-0.117	1469	3909
-77.585	-0.975	0.185	-0.109	1463	3916
-77.054	-0.979	0.194	-0.113	1462	3923
-77.184	-0.976	0.188	-0.117	1448	3930
-77.302	-0.973	0.185	-0.118	1472	3937
-76.981	-0.968	0.184	-0.128	1443	3943
-77.508	-0.971	0.178	-0.121	1443	3950
-77.796	-0.972	0.169	-0.125	1477	3957
-77.783	-0.974	0.172	-0.122	1493	3963
-78.225	-0.975	0.160	-0.125	1499	3971
-78.501	-0.981	0.157	-0.123	1455	3978
-78.079	-0.988	0.164	-0.129	1481	3984
-78.098	-0.980	0.166	-0.123	1471	3991
-78.306	-0.978	0.167	-0.114	1502	3997
-78.018	-0.973	0.174	-0.111	1457	4004
-77.630	-0.967	0.182	-0.109	1462	4012
-77.434	-0.969	0.183	-0.115	1446	4018
-77.285	-0.974	0.185	-0.119	1502	4025
-77.057	-0.975	0.187	-0.124	1450	4031
-77.396	-0.978	0.183	-0.120	1460	4038
-77.605	-0.973	0.181	-0.114	1523	4045
-77.529	-0.972	0.183	-0.113	1503	4051
-78.123	-0.970	0.169	-0.114	1469	4059
-78.559	-0.968	0.161	-0.111	1472	4065
-79.124	-0.967	0.149	-0.110	1450	4072
-79.441	-0.975	0.144	-0.111	1476	4079
-79.154	-0.974	0.147	-0.114	1480	4085
-79.132	-0.973	0.151	-0.109	1484	4092
-78.831	-0.979	0.160	-0.108	1482	4099
-79.277	-0.974	0.148	-0.109	1528	4106
-78.621	-0.968	0.153	-0.120	1480	4113
-78.891	-0.966	0.151	-0.114	1480	4119
-78.567	-0.966	0.148	-0.127	1475	4126
-78.221	-0.965	0.159	-0.123	1530	4133
-78.158	-0.960	0.165	-0.115	1489	4140
-78.177	-0.966	0.172	-0.106	1493	4147
-77.557	-0.969	0.181	-0.114	1495	4153
-77.529	-0.973	0.182	-0.115	1549	4160
-77.106	-0.972	0.195	-0.106	1594	4167
-77.514	-0.980	0.196	-0.093	1482	4173
-76.799	-0.989	0.211	-0.097	1558	4180
-76.532	-0.991	0.217	-0.097	1586	4187
-76.155	-0.985	0.219	-0.105	1548	4194
-76.270	-0.973	0.215	-0.102	1527	4201
-76.805	-0.967	0.203	-0.101	1531	4207
-76.253	-0.955	0.210	-0.103	1509	4214
-77.082	-0.948	0.194	-0.098	1492	4220
-77.217	-0.957	0.191	-0.103	1503	4228
-77.505	-0.970	0.193	-0.094	1482	4235
-78.137	-0.979	0.188	-0.082	1479	4241
-77.550	-0.987	0.203	-0.079	1553	4248
-76.763	-0.995	0.222	-0.075	1520	4254
-75.972	-0.989	0.229	-0.092	1525	4261
-75.337	-0.991	0.242	-0.093	1610	4269
-75.202	-0.984	0.242	-0.095	1503	4275
-74.778	-0.982	0.241	-0.115	1528	4282
-74.747	-0.976	0.240	-0.114	1458	4288
-74.238	-0.961	0.244	-0.118	1476	4295
-74.145	-0.953	0.248	-0.108	1440	4302
-74.364	-0.962	0.245	-0.111	1496	4308
-75.042	-0.964	0.235	-0.104	1442	4316
-75.706	-0.974	0.223	-0.109	1496	4322
-76.632	-0.981	0.207	-0.107	1467	4329
-76.926	-0.987	0.205	-0.103	1436	4336
-76.392	-0.981	0.212	-0.107	1532	4342
-75.700	-0.978	0.228	-0.102	1449	4349
-74.663	-0.961	0.240	-0.108	1483	4356
-74.057	-0.953	0.248	-0.112	1468	4363
-73.462	-0.938	0.251	-0.121	1488	4370
-73.628	-0.934	0.245	-0.123	1487	4376
-73.844	-0.945	0.246	-0.120	1430	4383
-74.384	-0.953	0.238	-0.119	1480	4389
-75.329	-0.956	0.222	-0.116	1486	4397
-76.532	-0.959	0.199	-0.114	1493	4404
-77.846	-0.974	0.181	-0.106	1469	4410
-78.150	-0.975	0.176	-0.104	1534	4417
-78.537	-0.980	0.175	-0.095	1452	4423
-78.028	-0.979	0.184	-0.097	1500	4430
-77.589	-0.986	0.194	-0.097	1459	4438
-76.920	-0.976	0.203	-0.101	1475	4444
-76.658	-0.971	0.208	-0.099	1523	4451
-75.829	-0.961	0.222	-0.099	1479	4457
-76.028	-0.956	0.218	-0.096	1491	4464
-75.928	-0.955	0.221	-0.093	1470	4471
-75.968	-0.948	0.217	-0.096	1472	4477
-76.603	-0.949	0.207	-0.091	1502	4485
-76.963	-0.951	0.200	-0.092	1512	4491
-76.984	-0.974	0.208	-0.086	1467	4498
-77.580	-0.977	0.196	-0.088	1465	4505
-77.155	-0.988	0.201	-0.102	1513	4511
-77.201	-0.984	0.201	-0.098	1515	4518
-77.301	-0.980	0.203	-0.087	1498	4525
-77.072	-0.977	0.207	-0.086	1488	4532
-76.631	-0.960	0.211	-0.087	1492	4539
-75.982	-0.964	0.224	-0.089	1495	4545
-75.316	-0.965	0.236	-0.090	1486	4552
-74.901	-0.964	0.242	-0.095	1521	4558
-74.617	-0.958	0.247	-0.092	1540	4566
-74.634	-0.971	0.247	-0.101	1575	4573
-74.983	-0.963	0.235	-0.106	1526	4579
-75.301	-0.973	0.231	-0.107	1425	4586
-75.502	-0.975	0.227	-0.110	1545	4592
-75.482	-0.979	0.229	-0.107	1484	4599
-75.402	-0.977	0.231	-0.105	1436	4606
-74.959	-0.970	0.238	-0.105	1499	4613
-75.130	-0.969	0.236	-0.102	1506	4620
-75.101	-0.971	0.238	-0.100	1442	4626
-74.701	-0.956	0.244	-0.094	1488	4633
-74.043	-0.948	0.253	-0.098	1482	4640
-73.546	-0.937	0.259	-0.098	1468	4646
-73.632	-0.936	0.257	-0.098	1476	4654
-73.976	-0.940	0.253	-0.095	1515	4660
-74.588	-0.949	0.243	-0.097	1478	4667
-75.045	-0.951	0.235	-0.096	1516	4674
-75.870	-0.966	0.223	-0.098	1508	4680
-76.683	-0.967	0.205	-0.102	1481	4687
-77.052	-0.971	0.199	-0.101	1478	4694
-77.067	-0.978	0.201	-0.100	1467	4701
-76.138	-0.980	0.217	-0.107	1474	4708
-75.847	-0.978	0.225	-0.102	1491	4714
-75.404	-0.983	0.236	-0.099	1485	4721
-74.552	-0.982	0.253	-0.099	1491	4727
-73.931	-0.973	0.264	-0.095	1512	4734
-73.427	-0.962	0.271	-0.091	1468	4742
-73.001	-0.939	0.272	-0.091	1477	4748
-73.687	-0.937	0.257	-0.096	1462	4755
-74.408	-0.931	0.242	-0.094	1528	4761
-75.242	-0.941	0.228	-0.099	1509	4768
-76.244	-0.955	0.213	-0.097	1562	4775
-76.750	-0.965	0.206	-0.096	1502	4782
-77.149	-0.974	0.203	-0.090	1525	4789
-76.757	-0.978	0.211	-0.092	1460	4795
-76.722	-0.984	0.216	-0.086	1500	4802
-76.051	-0.976	0.227	-0.086	1464	4809
-75.297	-0.974	0.240	-0.087	1534	4815
-74.357	-0.961	0.253	-0.092	1455	4823
-73.863	-0.953	0.262	-0.087	1462	4829
-73.081	-0.946	0.274	-0.087	1482	4836
-73.254	-0.939	0.271	-0.082	1590	4843
-73.343	-0.940	0.269	-0.084	1540	4849
-74.180	-0.948	0.254	-0.088	1620	4856
-74.130	-0.947	0.255	-0.087	1559	4862
-74.594	-0.959	0.247	-0.094	1449	4870
-74.600	-0.966	0.247	-0.099	1424	4877
-74.554	-0.971	0.249	-0.100	1514	4883
-74.727	-0.974	0.246	-0.101	1503	4890
-74.351	-0.972	0.253	-0.101	1499	4896
-74.056	-0.975	0.261	-0.098	1432	4903
-73.545	-0.977	0.273	-0.092	1449	4911
-72.983	-0.967	0.282	-0.089	1551	4917
-72.296	-0.963	0.289	-0.104	1551	4924
-71.235	-0.959	0.309	-0.104	1493	4930
-70.935	-0.946	0.310	-0.105	1506	4937
-70.347	-0.937	0.318	-0.103	1515	4944
-70.238	-0.934	0.316	-0.111	1567	4951
-71.431	-0.940	0.299	-0.103	1528	4958
-72.398	-0.950	0.284	-0.101	1449	4964
-73.374	-0.961	0.271	-0.096	1426	4971
-73.631	-0.970	0.268	-0.098	1464	4978
-74.037	-0.972	0.263	-0.091	1485	4984
-73.807	-0.971	0.272	-0.072	1436	4992
-73.327	-0.969	0.281	-0.071	1461	4998
-72.532	-0.960	0.291	-0.081	1421	5005
-71.992	-0.956	0.303	-0.070	1477	5012
-71.586	-0.951	0.307	-0.079	1511	5018
-71.444	-0.951	0.311	-0.074	1493	5025
-71.652	-0.952	0.308	-0.071	1485	5031
-71.938	-0.952	0.301	-0.077	1557	5039
-73.033	-0.949	0.278	-0.080	1484	5046
-74.290	-0.937	0.250	-0.083	1455	5052
-75.559	-0.941	0.219	-0.104	1459	5059
-77.070	-0.941	0.180	-0.120	1469	5065
-77.855	-0.951	0.165	-0.121	1432	5072
-78.626	-0.963	0.163	-0.104	1520	5080
-78.215	-0.970	0.178	-0.097	1475	5086
-76.883	-0.970	0.209	-0.086	1479	5093
-75.789	-0.971	0.232	-0.080	1451	5099
-74.616	-0.962	0.255	-0.071	1471	5106
-73.420	-0.953	0.276	-0.064	1505	5113
-72.339	-0.941	0.294	-0.059	1495	5120
-71.555	-0.935	0.303	-0.074	1553	5127
-71.744	-0.946	0.300	-0.087	1483	5133
-72.525	-0.950	0.287	-0.084	1470	5140
-73.417	-0.955	0.270	-0.091	1477	5147
-74.632	-0.968	0.250	-0.091	1534	5153
-75.445	-0.969	0.233	-0.094	1488	5160
-75.330	-0.964	0.238	-0.083	1458	5168
-74.627	-0.956	0.251	-0.078	1488	5174
-73.707	-0.947	0.266	-0.078	1455	5181
-72.604	-0.938	0.280	-0.089	1460	5187
-71.982	-0.950	0.297	-0.086	1534	5194
-71.127	-0.949	0.312	-0.091	1471	5200
-71.590	-0.958	0.306	-0.091	1499	5208
-72.020	-0.970	0.300	-0.096	1534	5215
-73.294	-0.976	0.279	-0.088	1547	5221
-74.807	-0.968	0.250	-0.081	1482	5228
-75.835	-0.955	0.226	-0.085	1512	5234
-76.365	-0.938	0.211	-0.085	1546	5241
-76.656	-0.933	0.202	-0.090	1501	5249
-76.613	-0.935	0.202	-0.093	1499	5255
-75.526	-0.944	0.225	-0.095	1496	5262
-75.199	-0.950	0.238	-0.079	1438	5268
-73.463	-0.959	0.271	-0.089	1429	5275
-72.159	-0.965	0.298	-0.088	1478	5282
-70.899	-0.968	0.325	-0.081	1528	5288
-69.720	-0.953	0.342	-0.085	1455	5296
-68.887	-0.940	0.354	-0.083	1447	5303
-68.840	-0.928	0.350	-0.082	1491	5309
-69.188	-0.916	0.337	-0.088	1559	5316
-70.227	-0.913	0.315	-0.091	1534	5322
-71.249	-0.917	0.296	-0.097	1467	5329
-73.365	-0.938	0.267	-0.086	1496	5337
-74.523	-0.957	0.250	-0.088	1508	5343
-75.320	-0.973	0.235	-0.098	1444	5350
-75.765	-0.977	0.229	-0.096	1471	5356
-75.337	-0.975	0.238	-0.091	1467	5363
-74.723	-0.975	0.253	-0.083	1462	5370
-73.832	-0.965	0.271	-0.067	1499	5377
-72.450	-0.954	0.293	-0.072	1464	5384
-71.210	-0.953	0.313	-0.083	1465	5390
-69.662	-0.948	0.341	-0.086	1496	5397
-69.062	-0.938	0.346	-0.096	1578	5404
-68.805	-0.941	0.348	-0.111	1474	5410
-69.531	-0.935	0.327	-0.121	1449	5417
-70.939	-0.930	0.296	-0.125	1540	5424
-72.348	-0.933	0.271	-0.122	1538	5431
-73.744	-0.933	0.237	-0.133	1486	5438
-75.347	-0.938	0.216	-0.116	1574	5444
-74.877	-0.950	0.229	-0.115	1515	5451
-74.675	-0.960	0.239	-0.109	1478	5457
-74.381	-0.973	0.255	-0.095	1513	5465
-73.209	-0.958	0.275	-0.088	1536	5472
-70.420	-0.948	0.330	-0.069	1439	5478
-69.073	-0.938	0.354	-0.060	1471	5485
-67.615	-0.932	0.379	-0.061	1497	5491
-67.004	-0.926	0.387	-0.069	1518	5498
-66.996	-0.924	0.387	-0.065	1528	5506
-67.083	-0.917	0.384	-0.055	1571	5512
-67.675	-0.916	0.371	-0.062	1508	5519
-69.182	-0.915	0.343	-0.060	1670	5525
-71.303	-0.929	0.308	-0.064	1490	5532
-73.075	-0.943	0.278	-0.070	1560	5539
-73.952	-0.967	0.269	-0.072	1494	5545
-74.594	-0.979	0.260	-0.072	1454	5553
-74.252	-0.992	0.266	-0.088	1468	5559
-73.573	-0.997	0.284	-0.075	1454	5566
-72.504	-0.993	0.309	-0.053	1433	5573
-70.910	-0.979	0.337	-0.034	1432	5579
-69.265	-0.956	0.359	-0.043	1498	5586
-68.133	-0.933	0.371	-0.049	1485	5593
-67.152	-0.908	0.376	-0.071	1488	5600
-67.163	-0.889	0.369	-0.062	1550	5607
-68.453	-0.882	0.341	-0.071	1499	5613
-70.994	-0.897	0.303	-0.063	1536	5620
-73.384	-0.920	0.267	-0.065	1590	5626
-75.429	-0.943	0.236	-0.065	1424	5634
-76.104	-0.969	0.229	-0.072	1377	5641
-76.290	-0.979	0.227	-0.075	1401	5647
-76.135	-0.985	0.233	-0.068	1495	5654
-74.812	-0.984	0.258	-0.070	1463	5660
-73.158	-0.988	0.291	-0.069	1413	5667
-70.736	-0.980	0.337	-0.063	1438	5675
-68.765	-0.945	0.362	-0.061	1489	5681
-67.545	-0.916	0.374	-0.059	1467	5688
-66.999	-0.892	0.370	-0.079	1596	5694
-68.860	-0.887	0.330	-0.093	1489	5701
-70.989	-0.895	0.293	-0.096	1479	5708
-73.446	-0.911	0.257	-0.086	1453	5714
-76.228	-0.934	0.217	-0.073	1532	5722
-78.267	-0.953	0.187	-0.063	1541	5728
-78.305	-0.967	0.190	-0.062	1475	5735
-77.513	-0.975	0.208	-0.058	1489	5742
-75.201	-0.963	0.247	-0.061	1453	5748
-72.501	-0.952	0.293	-0.065	1546	5755
-69.583	-0.937	0.341	-0.073	1474	5762
-67.274	-0.923	0.378	-0.081	1536	5769
-65.358	-0.920	0.412	-0.091	1457	5776
-64.748	-0.917	0.421	-0.100	1460	5782
-65.525	-0.923	0.410	-0.091	1564	5789
-65.684	-0.926	0.407	-0.096	1469	5795
-66.485	-0.934	0.397	-0.084	1464	5803
-67.699	-0.947	0.383	-0.066	1564	5810
-68.033	-0.950	0.377	-0.069	1467	5816
-68.914	-0.945	0.358	-0.066	1449	5823
-68.817	-0.940	0.359	-0.061	1480	5829
-68.865	-0.938	0.358	-0.054	1486	5836
-68.552	-0.924	0.359	-0.051	1509	5843
-68.775	-0.922	0.353	-0.063	1464	5850
-68.519	-0.921	0.356	-0.065	1448	5857
-69.057	-0.921	0.347	-0.063	1590	5863
-69.907	-0.928	0.333	-0.065	1499	5870
-71.043	-0.930	0.314	-0.056	1574	5877
-71.710	-0.933	0.304	-0.053	1541	5883
-72.215	-0.938	0.294	-0.063	1571	5891
-72.516	-0.946	0.291	-0.064	1503	5897
-71.811	-0.937	0.300	-0.069	1439	5904
-71.214	-0.947	0.314	-0.070	1473	5911
-70.252	-0.949	0.333	-0.072	1424	5917
-69.411	-0.957	0.352	-0.075	1443	5924
-69.125	-0.948	0.354	-0.076	1520	5931
-68.000	-0.941	0.373	-0.074	1504	5938
-67.238	-0.925	0.383	-0.063	1484	5945
-66.697	-0.917	0.389	-0.070	1500	5951
-66.614	-0.910	0.387	-0.073	1492	5958
-66.964	-0.906	0.374	-0.093	1539	5964
-67.454	-0.917	0.371	-0.085	1544	5971
-68.229	-0.912	0.354	-0.088	1490	5979
-69.450	-0.919	0.332	-0.092	1503	5985
-70.857	-0.932	0.309	-0.097	1463	5992
-71.164	-0.938	0.307	-0.091	1503	5998
-71.359	-0.935	0.307	-0.073	1537	6005
-69.658	-0.941	0.341	-0.075	1432	6012
-68.391	-0.939	0.365	-0.071	1463	6019
-66.588	-0.926	0.394	-0.076	1458	6026
-65.288	-0.922	0.417	-0.078	1491	6032
-64.225	-0.911	0.433	-0.080	1486	6039
-64.209	-0.901	0.430	-0.071	1501	6046
-64.978	-0.905	0.417	-0.068	1521	6052
-66.627	-0.910	0.389	-0.061	1534	6060
-67.989	-0.915	0.365	-0.059	1513	6066
-70.253	-0.926	0.328	-0.053	1482	6073
-71.410	-0.936	0.311	-0.051	1494	6080
-72.709	-0.943	0.289	-0.052	1518	6086
-72.836	-0.939	0.284	-0.059	1492	6093
-72.093	-0.936	0.295	-0.066	1416	6099
-70.840	-0.928	0.315	-0.066	1476	6107
-70.352	-0.935	0.326	-0.070	1429	6114
-69.291	-0.931	0.346	-0.065	1482	6120
-68.200	-0.917	0.360	-0.068	1524	6127
-67.547	-0.905	0.368	-0.066	1601	6133
-67.415	-0.896	0.368	-0.057	1516	6140
-67.732	-0.899	0.363	-0.061	1582	6148
-67.799	-0.905	0.365	-0.056	1452	6154
-68.315	-0.914	0.358	-0.061	1633	6161
-68.744	-0.928	0.353	-0.077	1503	6167
-69.557	-0.940	0.341	-0.082	1448	6174
-69.467	-0.949	0.346	-0.083	1466	6181
-69.544	-0.946	0.346	-0.071	1487	6188
-69.149	-0.941	0.353	-0.065	1525	6195
-67.770	-0.932	0.374	-0.071	1378	6201
-66.016	-0.924	0.405	-0.068	1377	6208
-64.554	-0.912	0.431	-0.054	1468	6215
-64.275	-0.913	0.437	-0.055	1570	6221
-63.997	-0.913	0.442	-0.052	1500	6228
-64.707	-0.917	0.428	-0.069	1491	6235
-66.201	-0.914	0.397	-0.067	1506	6242
-68.201	-0.916	0.361	-0.061	1649	6249
-70.022	-0.921	0.328	-0.066	1487	6255
-71.004	-0.920	0.308	-0.075	1483	6262
-70.994	-0.924	0.305	-0.092	1478	6268
-70.940	-0.935	0.312	-0.085	1547	6276
-70.422	-0.932	0.324	-0.068	1475	6283
-68.353	-0.928	0.364	-0.054	1426	6289
-66.314	-0.921	0.400	-0.054	1503	6296
-64.542	-0.918	0.434	-0.055	1548	6302
-63.271	-0.912	0.456	-0.055	1421	6309
-61.989	-0.896	0.474	-0.056	1435	6317
-62.240	-0.898	0.469	-0.063	1632	6323
-64.008	-0.895	0.432	-0.063	1473	6330
-64.997	-0.886	0.407	-0.069	1545	6336
-67.297	-0.893	0.368	-0.063	1549	6343
-69.400	-0.913	0.337	-0.065	1486	6350
-71.117	-0.922	0.311	-0.055	1587	6356
-71.960	-0.933	0.298	-0.060	1575	6364
-71.864	-0.939	0.300	-0.069	1478	6370
-70.410	-0.935	0.324	-0.074	1525	6377
-69.366	-0.929	0.343	-0.069	1517	6384
-67.553	-0.928	0.377	-0.069	1503	6390
-65.686	-0.913	0.405	-0.077	1437	6397
-64.682	-0.915	0.426	-0.078	1391	6404
-63.308	-0.899	0.444	-0.084	1554	6411
-63.721	-0.902	0.438	-0.079	1481	6417
-63.565	-0.891	0.437	-0.074	1514	6424
-64.521	-0.891	0.420	-0.062	1550	6431
-66.249	-0.896	0.392	-0.044	1434	6437
-67.780	-0.905	0.367	-0.044	1493	6445
-69.132	-0.916	0.347	-0.042	1472	6452
-69.576	-0.925	0.342	-0.042	1561	6458
-70.530	-0.919	0.322	-0.041	1479	6465
-70.289	-0.925	0.328	-0.046	1432	6471
-70.027	-0.932	0.334	-0.056	1466	6478
-69.738	-0.925	0.338	-0.049	1512	6486
-68.877	-0.925	0.354	-0.052	1557	6492
-67.639	-0.921	0.375	-0.054	1497	6499
-66.569	-0.918	0.396	-0.043	1422	6505
-65.250	-0.918	0.421	-0.044	1483	6512
-64.404	-0.914	0.437	-0.034	1509	6519
-63.594	-0.906	0.449	-0.026	1577	6525
-63.761	-0.904	0.444	-0.035	1414	6533
-63.512	-0.907	0.449	-0.051	1561	6539
-63.569	-0.918	0.453	-0.054	1512	6546
-64.168	-0.917	0.438	-0.069	1423	6552
-64.890	-0.921	0.425	-0.076	1435	6559
-65.357	-0.913	0.410	-0.085	1373	6566
-65.978	-0.904	0.394	-0.087	1538	6573
-66.683	-0.906	0.386	-0.062	1511	6580
-66.753	-0.915	0.390	-0.052	1528	6586
-67.145	-0.915	0.384	-0.038	1462	6593
-66.229	-0.916	0.401	-0.041	1436	6600
-65.916	-0.914	0.407	-0.033	1563	6606
-65.642	-0.915	0.413	-0.031	1502	6614
-66.069	-0.915	0.404	-0.038	1510	6620
-66.160	-0.908	0.399	-0.039	1450	6627
-66.411	-0.901	0.393	-0.028	1490	6634
-67.240	-0.903	0.377	-0.039	1451	6640
-67.561	-0.901	0.369	-0.048	1485	6647
-67.483	-0.904	0.372	-0.046	1562	6653
-66.860	-0.903	0.383	-0.050	1432	6661
-66.996	-0.910	0.384	-0.045	1534	6668
-66.691	-0.903	0.386	-0.052	1485	6674
-66.541	-0.911	0.392	-0.055	1439	6681
-66.059	-0.915	0.403	-0.049	1442	6687
-65.166	-0.918	0.421	-0.058	1506	6694
-64.559	-0.919	0.434	-0.056	1456	6702
-63.435	-0.911	0.452	-0.056	1493	6708
-63.746	-0.913	0.447	-0.053	1552	6715
-63.780	-0.896	0.438	-0.052	1440	6721
-64.265	-0.900	0.431	-0.054	1455	6728
-64.885	-0.897	0.417	-0.056	1489	6735
-64.888	-0.896	0.418	-0.043	1498	6742
-66.559	-0.898	0.387	-0.047	1488	6749
-67.257	-0.894	0.370	-0.058	1512	6755
-68.091	-0.899	0.357	-0.056	1485	6762
-68.797	-0.915	0.351	-0.056	1564	6769
-68.553	-0.920	0.356	-0.060	1419	6775
-67.797	-0.925	0.373	-0.058	1520	6782
-66.861	-0.922	0.392	-0.043	1569	6789
-66.121	-0.921	0.406	-0.034	1449	6796
-65.086	-0.910	0.422	-0.027	1408	6803
-63.859	-0.901	0.441	-0.029	1514	6809
-63.363	-0.886	0.443	-0.028	1560	6816
-62.707	-0.884	0.455	-0.029	1506	6822
-63.080	-0.883	0.446	-0.042	1545	6830
-64.325	-0.896	0.427	-0.057	1429	6837
-65.304	-0.906	0.409	-0.079	1534	6843
-65.640	-0.916	0.403	-0.097	1599	6850
-66.518	-0.921	0.387	-0.103	1454	6856
-66.894	-0.927	0.386	-0.087	1480	6863
-66.067	-0.936	0.407	-0.081	1537	6870
-66.133	-0.930	0.406	-0.064	1583	6877
-65.602	-0.924	0.415	-0.058	1596	6884
-64.473	-0.899	0.428	-0.039	1426	6890
-63.539	-0.891	0.442	-0.028	1458	6897
-63.165	-0.878	0.443	-0.026	1453	6903
-63.049	-0.866	0.439	-0.029	1489	6910
-62.719	-0.857	0.441	-0.026	1554	6918
-63.554	-0.859	0.427	-0.024	1670	6924
-64.969	-0.874	0.407	-0.027	1524	6931
-67.012	-0.894	0.378	-0.029	1492	6937
-68.702	-0.901	0.349	-0.044	1567	6944
-69.447	-0.912	0.338	-0.053	1382	6951
-70.136	-0.920	0.327	-0.059	1419	6958
-69.069	-0.919	0.348	-0.052	1358	6965
-67.948	-0.921	0.371	-0.038	1340	6971
-66.864	-0.916	0.391	-0.024	1475	6978
-66.079	-0.913	0.404	-0.024	1481	6985
-64.393	-0.906	0.434	-0.025	1425	6991
-63.039	-0.891	0.452	-0.028	1473	6999
-62.315	-0.877	0.459	-0.032	1442	7005
-61.939	-0.869	0.462	-0.036	1574	7012
-62.546	-0.878	0.454	-0.043	1513	7019
-63.393	-0.886	0.441	-0.045	1472	7025
-64.735	-0.901	0.422	-0.055	1512	7032
-65.162	-0.916	0.420	-0.059	1524	7038
-65.737	-0.929	0.414	-0.062	1542	7046
-65.394	-0.936	0.425	-0.056	1520	7053
-65.224	-0.921	0.422	-0.052	1466	7059
-65.335	-0.922	0.422	-0.035	1561	7066
-64.618	-0.907	0.430	-0.025	1571	7072
-63.546	-0.896	0.445	-0.016	1553	7079
-62.182	-0.893	0.471	-0.016	1400	7087
-61.565	-0.885	0.479	-0.023	1412	7093
-61.942	-0.882	0.470	-0.017	1481	7100
-62.225	-0.874	0.460	-0.019	1478	7106
-63.390	-0.866	0.434	-0.018	1495	7113
-65.033	-0.863	0.401	-0.021	1563	7119
-66.522	-0.873	0.378	-0.031	1607	7127
-67.976	-0.884	0.355	-0.038	1475	7134
-68.388	-0.901	0.354	-0.043	1467	7140
-68.065	-0.908	0.361	-0.057	1693	7147
-67.690	-0.920	0.373	-0.058	1529	7153
-66.423	-0.924	0.398	-0.062	1631	7160
-64.944	-0.922	0.428	-0.053	1415	7168
-63.207	-0.918	0.460	-0.058	1435	7174
-61.996	-0.916	0.484	-0.052	1579	7181
-60.407	-0.896	0.507	-0.042	1477	7187
-59.317	-0.882	0.521	-0.043	1357	7194
-59.398	-0.873	0.515	-0.042	1545	7201
-60.489	-0.865	0.487	-0.049	1455	7207
-61.437	-0.858	0.466	-0.037	1425	7215
-63.167	-0.851	0.430	-0.022	1423	7221
-64.212	-0.854	0.411	-0.032	1398	7228
-65.689	-0.851	0.383	-0.033	1581	7235
-67.039	-0.868	0.367	-0.021	1498	7241
-68.363	-0.895	0.354	-0.016	1433	7248
-69.043	-0.903	0.345	-0.029	1614	7255
-68.976	-0.921	0.352	-0.041	1598	7262
-68.424	-0.919	0.360	-0.047	1585	7269
-66.985	-0.915	0.386	-0.048	1447	7275
-64.929	-0.901	0.419	-0.048	1505	7282
-62.421	-0.878	0.456	-0.048	1488	7288
-60.981	-0.875	0.483	-0.044	1478	7296
-59.686	-0.865	0.503	-0.055	1569	7303
-59.565	-0.868	0.508	-0.048	1485	7309
-59.394	-0.867	0.511	-0.048	1524	7316
-59.817	-0.870	0.504	-0.047	1350	7322
-60.017	-0.886	0.509	-0.048	1389	7329
-60.600	-0.886	0.497	-0.045	1542	7336
-60.490	-0.893	0.504	-0.036	1476	7343
-61.618	-0.894	0.482	-0.019	1478	7350
-61.485	-0.889	0.482	-0.020	1441	7356
-61.979	-0.901	0.479	-0.014	1483	7363
-62.080	-0.887	0.470	-0.013	1455	7370
-62.402	-0.884	0.462	-0.009	1630	7376
-62.534	-0.876	0.455	-0.016	1394	7384
-63.262	-0.879	0.442	-0.019	1547	7390
-63.533	-0.877	0.436	-0.030	1576	7397
-63.072	-0.869	0.440	-0.030	1483	7404
-63.649	-0.861	0.426	-0.027	1552	7410
-64.050	-0.854	0.415	-0.017	1519	7417
-63.646	-0.849	0.420	-0.021	1512	7424
-63.847	-0.850	0.417	-0.013	1276	7431
-63.330	-0.861	0.433	-0.005	1348	7437
-63.223	-0.867	0.438	-0.010	1466	7444
-61.866	-0.879	0.470	-0.015	1510	7451
-60.354	-0.888	0.505	-0.019	1635	7457
-59.379	-0.886	0.523	-0.029	1484	7464
-58.145	-0.886	0.549	-0.041	1617	7471
-57.656	-0.873	0.551	-0.048	1374	7478
-57.569	-0.872	0.551	-0.061	1384	7485
-58.077	-0.882	0.542	-0.090	1523	7491
-57.860	-0.885	0.547	-0.100	1484	7498
-56.984	-0.884	0.567	-0.089	1387	7504
-56.372	-0.878	0.578	-0.082	1553	7512
-56.673	-0.877	0.573	-0.063	1397	7519
-57.171	-0.866	0.558	-0.037	1574	7525
-57.429	-0.851	0.543	-0.021	1464	7532
-57.802	-0.836	0.526	-0.004	1486	7538
-58.902	-0.824	0.497	0.010	1474	7545
-59.962	-0.819	0.474	0.012	1386	7553
-60.859	-0.816	0.455	0.009	1562	7559
-61.274	-0.814	0.446	0.009	1415	7566
-61.749	-0.831	0.446	0.016	1319	7572
-61.023	-0.847	0.469	0.011	1516	7579
-61.097	-0.872	0.481	0.005	1464	7586
-60.191	-0.892	0.511	-0.008	1464	7592
-59.773	-0.900	0.523	-0.035	1593	7600
-59.717	-0.896	0.521	-0.039	1495	7606
-58.480	-0.894	0.546	-0.048	1486	7613
-58.325	-0.879	0.541	-0.037	1486	7620
-58.000	-0.868	0.541	-0.040	1475	7626
-58.071	-0.854	0.531	-0.025	1532	7633
-58.213	-0.845	0.523	-0.008	1374	7640
-57.963	-0.842	0.526	0.021	1565	7647
-57.305	-0.844	0.541	0.024	1448	7653
-57.050	-0.850	0.550	0.031	1550	7660
-56.583	-0.857	0.564	0.038	1557	7667
-56.761	-0.862	0.564	0.027	1490	7673
-58.121	-0.882	0.548	0.025	1426	7681
-59.190	-0.907	0.541	0.004	1603	7687
-60.039	-0.928	0.534	-0.025	1486	7694
-60.380	-0.933	0.528	-0.045	1585	7701
-60.975	-0.915	0.505	-0.054	1420	7707
-61.280	-0.894	0.485	-0.064	1608	7714
-61.787	-0.868	0.460	-0.073	1341	7720
-62.377	-0.816	0.424	-0.054	1378	7728
-62.854	-0.792	0.404	-0.038	1463	7735
-62.641	-0.768	0.396	-0.023	1442	7741
-62.637	-0.761	0.394	-0.011	1505	7748
-61.665	-0.773	0.417	0.008	1389	7754
-59.890	-0.797	0.462	0.014	1305	7761
-59.477	-0.844	0.497	0.020	1499	7768
-57.861	-0.880	0.553	0.007	1527	7775
-55.829	-0.902	0.612	-0.018	1508	7782
-54.233	-0.927	0.666	-0.046	1507	7788
-52.407	-0.930	0.712	-0.074	1471	7795
-51.781	-0.907	0.709	-0.088	1503	7801
-52.761	-0.884	0.664	-0.102	1521	7809
-53.723	-0.854	0.618	-0.102	1522	7816
-55.049	-0.835	0.573	-0.109	1495	7822
-57.117	-0.821	0.522	-0.095	1589	7829
-58.102	-0.799	0.492	-0.070	1522	7835
-58.879	-0.785	0.473	-0.036	1627	7842
-60.341	-0.796	0.453	-0.009	1572	7849
-61.334	-0.810	0.442	0.014	1578	7856
-62.171	-0.836	0.440	0.027	1519	7863
-61.975	-0.845	0.448	0.035	1400	7869
-61.929	-0.855	0.455	0.032	1370	7876
-62.422	-0.854	0.445	0.021	1440	7883
-62.594	-0.855	0.443	0.013	1277	7889
-62.576	-0.860	0.446	0.011	1285	7897
-61.476	-0.864	0.470	0.000	1444	7903
-60.522	-0.876	0.495	-0.006	1475	7910
-58.708	-0.876	0.532	-0.015	1485	7916
-57.516	-0.876	0.558	-0.011	1437	7923
-56.338	-0.874	0.582	-0.006	1488	7930
-54.709	-0.855	0.605	-0.006	1642	7937
-54.368	-0.844	0.604	-0.019	1580	7944
-53.722	-0.832	0.609	-0.040	1413	7950
-53.063	-0.828	0.620	-0.056	1461	7957
-52.863	-0.823	0.620	-0.064	1612	7964
-53.268	-0.836	0.619	-0.076	1564	7970
-53.394	-0.843	0.622	-0.070	1555	7977
-54.348	-0.861	0.615	-0.057	1496	7984
-56.077	-0.882	0.591	-0.052	1433	7991
-57.404	-0.896	0.571	-0.039	1565	7998
-58.073	-0.894	0.556	-0.035	1501	8004
-58.368	-0.882	0.543	-0.016	1543	8011
-58.998	-0.861	0.518	0.002	1542	8017
-59.687	-0.839	0.490	0.015	1438	8025
-60.029	-0.810	0.466	0.031	1569	8031
-60.846	-0.785	0.438	0.021	1632	8038
-61.275	-0.772	0.423	0.021	1453	8045
-61.649	-0.778	0.420	0.007	1435	8051
-61.017	-0.788	0.437	-0.004	1526	8058
-61.330	-0.833	0.455	-0.020	1456	8065
-61.507	-0.860	0.467	-0.014	1488	8072
-61.002	-0.880	0.487	-0.020	1618	8079
-61.277	-0.914	0.500	-0.030	1556	8085
-60.722	-0.916	0.513	-0.030	1514	8092
-60.595	-0.923	0.519	-0.040	1512	8098
-59.380	-0.906	0.535	-0.036	1471	8105
-58.496	-0.894	0.546	-0.044	1498	8113
-57.529	-0.874	0.555	-0.041	1588	8119
-56.480	-0.848	0.561	-0.032	1541	8126
-54.822	-0.803	0.565	-0.021	1578	8132
-54.960	-0.790	0.554	-0.019	1559	8139
-54.618	-0.774	0.550	-0.014	1454	8145
-54.779	-0.766	0.540	-0.022	1491	8153
-55.026	-0.778	0.544	-0.023	1500	8160
-54.954	-0.792	0.555	-0.030	1554	8166
-56.879	-0.828	0.539	-0.036	1612	8173
-58.611	-0.853	0.519	-0.041	1577	8179
-59.202	-0.868	0.516	-0.044	1469	8186
-59.236	-0.872	0.518	-0.040	1585	8194
-59.650	-0.869	0.508	-0.033	1447	8200
-59.881	-0.855	0.496	-0.014	1355	8207
-60.956	-0.845	0.469	-0.018	1363	8213
-61.030	-0.835	0.462	-0.018	1425	8220
-60.753	-0.834	0.467	-0.014	1511	8227
-59.655	-0.826	0.483	-0.016	1516	8233
-59.891	-0.839	0.486	-0.011	1639	8241
-59.528	-0.837	0.492	-0.016	1550	8247
-59.730	-0.839	0.489	-0.019	1480	8254
-60.100	-0.845	0.485	-0.020	1518	8261
-59.772	-0.847	0.493	-0.013	1535	8267
-60.126	-0.849	0.487	-0.013	1590	8274
-59.715	-0.850	0.496	-0.009	1471	8281
-59.351	-0.851	0.504	-0.011	1474	8288
-58.624	-0.851	0.519	-0.013	1621	8294
-58.101	-0.848	0.527	-0.017	1597	8301
-57.646	-0.852	0.539	-0.021	1578	8308
-56.736	-0.852	0.558	-0.033	1498	8314
-55.839	-0.846	0.571	-0.055	1555	8322
-55.937	-0.847	0.568	-0.068	1582	8328
-56.309	-0.847	0.560	-0.074	1570	8335
-56.250	-0.838	0.556	-0.068	1480	8342
-55.854	-0.822	0.555	-0.058	1589	8348
-56.012	-0.816	0.549	-0.042	1534	8355
-54.889	-0.809	0.568	-0.014	1443	8361
-54.599	-0.813	0.578	0.001	1525	8369
-54.473	-0.809	0.577	0.015	1468	8376
-54.481	-0.808	0.576	0.019	1473	8382
-55.960	-0.821	0.555	0.011	1479	8389
-56.952	-0.830	0.540	0.000	1376	8395
-58.381	-0.830	0.511	-0.018	1515	8402
-59.446	-0.824	0.484	-0.046	1591	8409
-60.991	-0.825	0.452	-0.070	1362	8416
-62.323	-0.815	0.422	-0.070	1338	8423
-63.160	-0.819	0.410	-0.061	1463	8429
-63.744	-0.822	0.403	-0.043	1622	8436
-63.176	-0.833	0.421	-0.017	1568	8442
-60.928	-0.838	0.466	-0.002	1641	8450
-59.269	-0.848	0.504	0.005	1511	8457
-56.665	-0.839	0.552	0.002	1561	8463
-54.881	-0.826	0.581	0.003	1470	8470
-52.752	-0.807	0.613	-0.008	1344	8476
-51.340	-0.808	0.646	-0.027	1438	8483
-50.204	-0.808	0.672	-0.035	1624	8491
-49.722	-0.819	0.692	-0.052	1413	8497
-49.198	-0.815	0.702	-0.050	1482	8504
-49.495	-0.830	0.707	-0.054	1579	8510
-50.500	-0.841	0.691	-0.049	1445	8517
-51.476	-0.832	0.661	-0.041	1373	8523
-52.061	-0.815	0.635	-0.034	1618	8530
-53.474	-0.810	0.600	-0.005	1522	8538
-55.017	-0.797	0.558	0.003	1658	8544
-55.781	-0.790	0.537	0.014	1471	8551
-56.704	-0.793	0.521	0.018	1348	8557
-56.982	-0.797	0.518	0.017	1563	8564
-56.988	-0.803	0.521	0.008	1416	8571
-57.148	-0.805	0.520	0.010	1304	8578
-56.869	-0.813	0.530	0.005	1500	8585
-56.596	-0.814	0.537	-0.004	1482	8591
-57.061	-0.832	0.539	0.000	1481	8598
-56.729	-0.832	0.546	-0.006	1355	8604
-56.650	-0.836	0.550	-0.020	1390	8611
-55.463	-0.822	0.565	-0.023	1606	8619
-54.695	-0.805	0.569	-0.024	1486	8625
-53.978	-0.794	0.577	-0.014	1521	8632
-53.763	-0.797	0.584	-0.006	1589	8638
-53.387	-0.794	0.590	0.010	1462	8645
-53.164	-0.794	0.595	0.002	1481	8652
-52.806	-0.798	0.605	-0.003	1375	8658
-52.139	-0.803	0.624	-0.004	1482	8666
-52.196	-0.805	0.624	-0.018	1388	8672
-52.502	-0.813	0.623	-0.037	1419	8679
-53.043	-0.816	0.612	-0.049	1426	8686
-53.332	-0.816	0.604	-0.072	1480	8692
-53.722	-0.803	0.584	-0.078	1346	8699
-53.650	-0.788	0.575	-0.074	1420	8706
-53.472	-0.761	0.561	-0.058	1453	8713
-53.673	-0.750	0.550	-0.043	1568	8720
-53.709	-0.742	0.545	-0.010	1570	8726
-54.346	-0.746	0.535	0.008	1626	8733
-54.660	-0.752	0.532	0.032	1590	8739
-55.216	-0.757	0.523	0.049	1542	8747
-54.968	-0.777	0.542	0.057	1488	8753
-54.563	-0.789	0.560	0.047	1407	8760
-54.273	-0.828	0.595	0.033	1347	8767
-52.678	-0.842	0.642	0.016	1566	8773
-51.187	-0.857	0.689	-0.019	1502	8780
-49.616	-0.866	0.734	-0.060	1369	8786
-48.257	-0.868	0.771	-0.070	1424	8794
-47.469	-0.856	0.782	-0.073	1491	8801
-47.262	-0.827	0.762	-0.063	1488	8807
-47.111	-0.798	0.740	-0.036	1490	8814
-47.256	-0.758	0.700	-0.016	1525	8820
-46.519	-0.717	0.680	0.010	1596	8827
-47.448	-0.700	0.642	0.039	1686	8835
-48.338	-0.699	0.621	0.036	1689	8841
-50.087	-0.721	0.603	0.021	1630	8848
-52.595	-0.751	0.574	0.008	1561	8854
-54.865	-0.793	0.558	-0.021	1390	8861
-55.812	-0.813	0.552	-0.030	1376	8867
-56.809	-0.825	0.539	-0.028	1344	8875
-57.729	-0.814	0.514	-0.025	1342	8882
-59.152	-0.807	0.481	-0.018	1324	8888
-60.020	-0.794	0.458	0.003	1428	8895
-60.188	-0.784	0.448	0.031	1471	8901
-58.702	-0.767	0.460	0.075	1477	8908
-54.998	-0.748	0.515	0.098	1507	8915
-51.179	-0.726	0.574	0.105	1569	8922
-49.370	-0.715	0.607	0.085	1669	8929
-48.216	-0.714	0.637	0.039	1634	8935
-47.899	-0.731	0.660	-0.032	1529	8942
-47.525	-0.759	0.688	-0.093	1482	8949
-47.916	-0.798	0.700	-0.170	1484	8955
-48.014	-0.819	0.705	-0.216	1501	8963
-49.456	-0.831	0.675	-0.224	1527	8969
-51.249	-0.822	0.624	-0.215	1548	8976
-52.815	-0.811	0.586	-0.187	1568	8983
-54.510	-0.788	0.548	-0.125	1585	8989
-56.004	-0.776	0.518	-0.079	1613	8996
-55.941	-0.755	0.510	-0.023	1617	9003
-55.979	-0.739	0.499	0.004	1625	9010
-56.238	-0.700	0.466	0.046	1632	9016
-60.420	-0.685	0.386	0.047	1638	9023
-68.250	-0.754	0.299	0.034	1638	9030
-66.910	-0.669	0.285	0.005	1641	9036
-67.641	-0.702	0.288	-0.021	1634	9043
-66.178	-0.791	0.348	-0.033	1616	9050
-62.694	-0.886	0.452	-0.068	1597	9057
-61.079	-1.010	0.548	-0.105	1580	9064
-59.125	-1.067	0.632	-0.090	1560	9070
-57.379	-1.058	0.677	-0.015	1536	9077
-56.303	-1.009	0.672	0.033	1509	9083
-52.916	-0.918	0.688	0.094	1486	9091
-49.780	-0.811	0.672	0.136	1464	9098
-44.502	-0.710	0.700	0.178	1444	9104
-37.310	-0.569	0.723	0.189	1432	9111
-31.815	-0.459	0.726	0.145	1426	9117
-27.843	-0.373	0.702	0.076	1421	9124
-27.763	-0.345	0.654	-0.027	1420	9131
-29.168	-0.333	0.591	-0.083	1421	9138
-32.157	-0.353	0.547	-0.124	1425	9144
-35.846	-0.371	0.504	-0.100	1452	9151
-37.982	-0.396	0.505	-0.041	1407	9158
-39.234	-0.429	0.522	0.052	1400	9164
-43.957	-0.496	0.501	0.117	1393	9171
-50.906	-0.604	0.455	0.183	1374	9178
-57.581	-0.688	0.365	0.239	1367	9185
-63.309	-0.764	0.272	0.271	1362	9191
-67.647	-0.787	0.181	0.269	1364	9198
-72.370	-0.779	0.114	0.220	1371	9205
-80.203	-0.759	0.059	0.117	1367	9211
-83.683	-0.790	0.080	0.035	1368	9219
-79.646	-0.798	0.139	-0.045	1372	9225
-68.318	-0.800	0.317	-0.020	1383	9232
-61.159	-0.620	0.312	-0.138	1372	9239
-49.747	-0.507	0.413	-0.116	1367	9245
-39.437	-0.396	0.458	-0.146	1360	9252
-30.208	-0.285	0.465	-0.154	1357	9259
-24.453	-0.216	0.438	-0.182	1363	9266
-23.042	-0.181	0.399	-0.145	1359	9272
-27.187	-0.224	0.424	-0.100	1362	9279
-31.798	-0.298	0.464	-0.125	1378	9285
-39.491	-0.462	0.530	-0.182	1383	9292
-48.398	-0.623	0.486	-0.264	1409	9299
-59.058	-0.726	0.370	-0.229	1508	9306
-61.330	-0.704	0.369	-0.109	1619	9313
-45.871	-0.519	0.491	0.108	1656	9319
-27.292	-0.508	0.946	0.271	1664	9326
-15.974	-0.347	1.207	0.099	1638	9333
-6.561	-0.172	1.490	0.112	1598	9339
0.000	0.000	1.910	0.118	1578	9346
2.267	0.079	1.998	0.012	1585	9353
17.128	0.618	1.999	-0.165	1607	9359
9.068	0.329	1.999	-0.506	1620	9366
18.475	0.662	1.867	-0.664	1707	9373
4.934	0.188	1.999	-0.878	1873	9379
-7.794	-0.285	1.999	-0.587	2038	9387
-15.449	-0.553	1.999	0.064	2047	9393
-4.206	-0.142	1.897	0.327	2022	9400
-1.616	-0.043	1.508	0.212	1971	9406
-2.012	-0.055	1.538	0.242	1901	9413
-6.279	-0.165	1.500	0.007	1840	9419
-8.525	-0.231	1.537	-0.146	1780	9426
-8.825	-0.232	1.493	-0.106	1731	9433
-6.751	-0.177	1.493	0.002	1688	9440
-8.804	-0.218	1.405	0.050	1645	9446
-10.029	-0.240	1.358	-0.012	1607	9453
-5.948	-0.133	1.271	-0.104	1579	9459
-4.474	-0.094	1.196	-0.065	1555	9466
-4.744	-0.090	1.076	-0.117	1535	9473
-5.597	-0.092	0.918	-0.187	1516	9480
-6.721	-0.099	0.818	-0.176	1510	9487
-6.008	-0.086	0.804	-0.145	1506	9493
-12.603	-0.161	0.715	-0.092	1502	9500
-17.798	-0.214	0.665	-0.039	1497	9506
-27.120	-0.324	0.632	0.039	1493	9513
-32.680	-0.396	0.611	0.080	1491	9520
-33.262	-0.429	0.646	0.103	1487	9527
-30.767	-0.413	0.687	0.101	1480	9533
-28.949	-0.394	0.708	0.070	1470	9540
-24.814	-0.354	0.763	0.054	1463	9547
-22.228	-0.328	0.802	0.043	1457	9553
-21.263	-0.312	0.802	-0.046	1444	9561
-20.817	-0.301	0.785	-0.097	1431	9567
-20.252	-0.306	0.818	-0.129	1419	9574
-21.010	-0.324	0.832	-0.143	1407	9580
-21.079	-0.326	0.835	-0.138	1395	9587
-21.123	-0.323	0.823	-0.149	1388	9593
-20.694	-0.323	0.847	-0.124	1383	9601
-20.144	-0.305	0.813	-0.168	1381	9608
-20.495	-0.325	0.858	-0.142	1382	9614
-19.483	-0.312	0.866	-0.173	1381	9621
-18.463	-0.306	0.898	-0.176	1379	9627
-16.959	-0.290	0.929	-0.205	1377	9634
-15.342	-0.275	0.985	-0.191	1375	9640
-14.032	-0.262	1.033	-0.171	1371	9648
-13.340	-0.248	1.034	-0.157	1370	9655
-12.623	-0.236	1.046	-0.141	1372	9661
-12.389	-0.238	1.075	-0.144	1378	9668
-12.841	-0.252	1.095	-0.152	1384	9674
-13.543	-0.270	1.109	-0.146	1391	9681
-14.902	-0.295	1.101	-0.130	1402	9688
-15.776	-0.312	1.095	-0.132	1413	9695
-16.821	-0.326	1.071	-0.128	1423	9702
-17.153	-0.327	1.053	-0.123	1431	9708
-18.457	-0.342	1.018	-0.115	1440	9715
-18.898	-0.346	1.002	-0.126	1449	9721
-18.987	-0.342	0.986	-0.118	1457	9729
-20.053	-0.350	0.948	-0.135	1465	9735
-19.690	-0.346	0.956	-0.139	1473	9742
-19.384	-0.340	0.959	-0.115	1482	9749
-18.919	-0.322	0.932	-0.127	1489	9755
-18.403	-0.310	0.921	-0.133	1497	9762
-17.553	-0.299	0.937	-0.124	1505	9768
-16.691	-0.290	0.960	-0.119	1510	9776
-16.782	-0.290	0.954	-0.121	1515	9782
-15.840	-0.277	0.971	-0.115	1518	9789
-15.202	-0.267	0.974	-0.121	1521	9796
-15.363	-0.270	0.973	-0.128	1523	9802
-14.928	-0.260	0.967	-0.121	1525	9809
-14.959	-0.261	0.967	-0.133	1525	9816
-15.456	-0.264	0.944	-0.133	1525	9823
-15.171	-0.253	0.921	-0.148	1524	9829
-15.725	-0.257	0.899	-0.152	1523	9836
-16.051	-0.261	0.896	-0.133	1521	9843
-16.110	-0.262	0.895	-0.145	1519	9849
-16.466	-0.270	0.900	-0.145	1516	9857
-16.536	-0.271	0.899	-0.146	1514	9863
-16.988	-0.280	0.906	-0.143	1513	9870
-16.936	-0.282	0.915	-0.147	1511	9876
-16.986	-0.286	0.926	-0.143	1510	9883
-16.888	-0.287	0.935	-0.145	1508	9890
-16.924	-0.286	0.929	-0.147	1507	9896
-17.021	-0.285	0.919	-0.152	1505	9904
-17.034	-0.287	0.925	-0.151	1503	9910
-17.325	-0.296	0.938	-0.145	1502	9917
-19.728	-0.324	0.890	-0.161	1500	9923
-18.887	-0.326	0.942	-0.145	1499	9930
-19.818	-0.348	0.954	-0.143	1499	9937
-19.789	-0.342	0.938	-0.153	1500	9944
-18.727	-0.325	0.945	-0.163	1501	9951
-18.182	-0.323	0.973	-0.150	1503	9957
-17.592	-0.314	0.982	-0.136	1503	9964
-17.432	-0.315	0.995	-0.138	1504	9970
-17.808	-0.322	0.994	-0.135	1503	9977
-17.904	-0.328	1.006	-0.141	1502	9985
-18.742	-0.344	1.001	-0.156	1501	9991
-18.690	-0.351	1.026	-0.144	1500	9998
-18.953	-0.344	0.987	-0.165	1500	10004
-19.284	-0.339	0.951	-0.183	1499	10011
-18.906	-0.327	0.939	-0.173	1499	10018
-19.262	-0.327	0.922	-0.163	1499	10024
-18.584	-0.311	0.911	-0.151	1498	10032
-18.735	-0.312	0.910	-0.144	1497	10038
-18.703	-0.315	0.921	-0.142	1496	10045
-18.828	-0.313	0.910	-0.130	1494	10052
-18.449	-0.312	0.926	-0.122	1492	10058
-18.193	-0.303	0.912	-0.129	1491	10065
-17.847	-0.297	0.914	-0.121	1488	10072
-18.023	-0.296	0.900	-0.128	1486	10079
-18.807	-0.303	0.877	-0.146	1486	10086
-18.994	-0.303	0.868	-0.141	1485	10092
-19.694	-0.312	0.858	-0.144	1485	10099
-20.426	-0.319	0.847	-0.136	1484	10106
-21.093	-0.331	0.847	-0.141	1483	10113
-21.304	-0.335	0.846	-0.150	1481	10120
-22.157	-0.350	0.845	-0.153	1480	10126
-22.004	-0.362	0.881	-0.167	1479	10133
-22.179	-0.371	0.893	-0.179	1480	10140
-22.096	-0.382	0.922	-0.187	1482	10146
-22.165	-0.390	0.938	-0.189	1484	10153
-22.025	-0.392	0.944	-0.213	1488	10160
-21.634	-0.395	0.977	-0.189	1494	10167
-21.677	-0.392	0.970	-0.174	1500	10174
-20.766	-0.377	0.979	-0.170	1503	10180
-19.850	-0.363	0.995	-0.149	1506	10187
-19.382	-0.347	0.973	-0.158	1511	10194
-18.717	-0.337	0.985	-0.134	1513	10201
-18.346	-0.331	0.986	-0.154	1514	10208
-18.736	-0.341	0.991	-0.165	1516	10214
-18.108	-0.335	1.007	-0.188	1520	10221
-18.610	-0.354	1.032	-0.191	1520	10228
-19.445	-0.370	1.027	-0.209	1516	10234
-19.745	-0.380	1.036	-0.216	1512	10242
-20.404	-0.387	1.012	-0.239	1507	10248
-20.619	-0.393	1.023	-0.203	1509	10255
-20.909	-0.396	1.018	-0.190	1511	10262
-21.402	-0.402	1.006	-0.205	1511	10268
-21.855	-0.397	0.974	-0.185	1513	10275
-21.838	-0.397	0.976	-0.179	1515	10281
-21.214	-0.382	0.969	-0.171	1515	10289
-21.948	-0.395	0.967	-0.154	1515	10296
-21.196	-0.379	0.965	-0.154	1519	10302
-20.305	-0.364	0.974	-0.146	1521	10309
-20.091	-0.355	0.962	-0.139	1520	10316
-19.607	-0.345	0.957	-0.144	1517	10322
-19.494	-0.343	0.956	-0.153	1515	10330
-19.836	-0.349	0.956	-0.142	1519	10336
-20.114	-0.356	0.962	-0.148	1521	10343
-20.580	-0.371	0.976	-0.158	1523	10350
-21.726	-0.395	0.977	-0.163	1528	10356
-21.838	-0.406	0.996	-0.188	1536	10363
-22.846	-0.429	0.996	-0.208	1543	10370
-23.720	-0.439	0.979	-0.202	1552	10377
-24.145	-0.441	0.963	-0.206	1560	10384
-24.993	-0.453	0.948	-0.214	1576	10390
-25.952	-0.457	0.915	-0.211	1582	10397
-25.797	-0.448	0.905	-0.201	1591	10403
-25.832	-0.446	0.901	-0.193	1596	10411
-26.500	-0.445	0.873	-0.188	1605	10418
-26.866	-0.447	0.866	-0.171	1606	10424
-27.101	-0.447	0.859	-0.159	1602	10431
-26.830	-0.446	0.866	-0.168	1597	10438
-27.156	-0.449	0.861	-0.158	1590	10444
-28.200	-0.472	0.866	-0.153	1582	10451
-28.188	-0.475	0.873	-0.148	1582	10458
-28.512	-0.482	0.878	-0.134	1585	10465
-28.343	-0.481	0.882	-0.138	1570	10472
-28.113	-0.482	0.893	-0.137	1555	10478
-28.341	-0.488	0.896	-0.133	1545	10485
-28.322	-0.496	0.911	-0.131	1534	10491
-28.468	-0.489	0.895	-0.118	1526	10499
-28.802	-0.492	0.887	-0.123	1517	10506
-29.069	-0.496	0.883	-0.131	1508	10512
-29.542	-0.502	0.876	-0.131	1501	10519
-29.742	-0.502	0.867	-0.141	1495	10525
-30.748	-0.517	0.857	-0.138	1491	10532
-30.556	-0.512	0.854	-0.146	1493	10540
-31.244	-0.523	0.850	-0.150	1497	10546
-31.162	-0.523	0.852	-0.155	1502	10553
-31.253	-0.522	0.848	-0.150	1505	10560
-32.097	-0.530	0.834	-0.139	1512	10566
-31.685	-0.524	0.838	-0.141	1520	10573
-32.246	-0.529	0.827	-0.141	1530	10579
-32.623	-0.528	0.814	-0.134	1533	10587
-33.155	-0.530	0.802	-0.127	1536	10594
-33.986	-0.534	0.783	-0.120	1540	10600
-34.718	-0.543	0.773	-0.126	1535	10607
-34.847	-0.540	0.767	-0.118	1538	10613
-35.540	-0.554	0.765	-0.127	1537	10620
-35.699	-0.559	0.766	-0.135	1535	10628
-36.298	-0.569	0.765	-0.127	1530	10634
-36.067	-0.569	0.771	-0.126	1525	10641
-36.074	-0.573	0.775	-0.134	1518	10647
-36.349	-0.584	0.782	-0.134	1512	10654
-36.869	-0.603	0.791	-0.141	1504	10661
-36.887	-0.613	0.807	-0.131	1498	10668
-36.808	-0.616	0.813	-0.128	1495	10675
-37.119	-0.626	0.818	-0.120	1492	10681
-37.259	-0.634	0.825	-0.115	1491	10688
-37.415	-0.640	0.829	-0.108	1492	10695
-37.542	-0.639	0.824	-0.106	1496	10701
-37.663	-0.639	0.820	-0.108	1499	10708
-37.698	-0.641	0.821	-0.112	1501	10716
-38.099	-0.645	0.814	-0.111	1503	10722
-38.192	-0.654	0.824	-0.111	1503	10729
-38.649	-0.661	0.819	-0.110	1503	10735
-38.754	-0.670	0.826	-0.118	1503	10742
-38.725	-0.672	0.829	-0.121	1503	10749
-38.756	-0.673	0.829	-0.123	1502	10756
-38.399	-0.661	0.825	-0.122	1502	10763
-37.829	-0.652	0.832	-0.116	1505	10769
-37.722	-0.636	0.814	-0.110	1507	10776
-37.362	-0.618	0.803	-0.105	1510	10783
-37.203	-0.612	0.800	-0.104	1513	10789
-37.605	-0.603	0.775	-0.104	1515	10797
-37.808	-0.605	0.773	-0.104	1517	10803
-38.244	-0.605	0.763	-0.092	1513	10810
-39.132	-0.614	0.749	-0.095	1507	10817
-39.696	-0.618	0.739	-0.090	1502	10823
-40.779	-0.628	0.722	-0.096	1494	10830
-41.366	-0.634	0.714	-0.092	1487	10836
-42.289	-0.644	0.701	-0.095	1480	10844
-43.078	-0.651	0.689	-0.100	1472	10851
-44.881	-0.671	0.667	-0.095	1466	10857
-45.392	-0.679	0.664	-0.085	1463	10864
-46.289	-0.688	0.652	-0.080	1458	10871
-47.026	-0.700	0.648	-0.071	1453	10877
-47.958	-0.709	0.637	-0.058	1451	10885
-48.756	-0.709	0.619	-0.056	1446	10891
-49.747	-0.718	0.606	-0.039	1442	10898
-50.399	-0.726	0.600	-0.028	1442	10905
-51.230	-0.731	0.587	-0.025	1437	10911
-51.330	-0.737	0.590	-0.016	1433	10918
-51.666	-0.744	0.588	-0.024	1428	10926
-51.923	-0.747	0.585	-0.020	1428	10932
-52.045	-0.756	0.589	-0.029	1431	10939
-51.810	-0.758	0.596	-0.022	1437	10946
-51.547	-0.763	0.605	-0.015	1441	10952
-51.567	-0.765	0.606	-0.020	1441	10959
-51.071	-0.761	0.614	-0.017	1440	10966
-50.783	-0.762	0.621	-0.025	1440	10973
-50.296	-0.758	0.629	-0.021	1438	10980
-50.791	-0.761	0.620	-0.025	1447	10986
-50.860	-0.770	0.626	-0.020	1454	10993
-51.344	-0.774	0.619	-0.020	1452	11000
-52.364	-0.784	0.604	-0.016	1451	11006
-53.196	-0.795	0.595	-0.007	1460	11014
-53.613	-0.794	0.585	-0.012	1472	11021
-54.657	-0.802	0.568	-0.016	1485	11027
-55.380	-0.807	0.557	-0.017	1500	11034
-56.189	-0.813	0.544	-0.015	1498	11040
-56.342	-0.810	0.539	0.000	1495	11047
-56.269	-0.802	0.535	0.014	1499	11055
-55.732	-0.795	0.541	0.025	1506	11061
-55.672	-0.787	0.536	0.038	1504	11068
-56.061	-0.787	0.528	0.038	1505	11075
-56.276	-0.799	0.531	0.046	1511	11081
