-80.811	-0.980	-0.075	-0.140	1505	22
-80.820	-0.981	-0.075	-0.140	1505	28
-80.677	-0.984	-0.070	-0.146	1505	35
-81.397	-0.987	-0.066	-0.134	1504	41
-81.369	-0.983	-0.058	-0.138	1504	49
-81.760	-0.987	-0.058	-0.131	1505	55
-81.916	-0.988	-0.051	-0.131	1505	62
-82.240	-0.986	-0.047	-0.126	1504	68
-81.931	-0.980	-0.047	-0.131	1503	75
-82.017	-0.980	-0.048	-0.129	1503	81
-82.219	-0.979	-0.048	-0.125	1503	89
-82.541	-0.981	-0.043	-0.121	1503	95
-82.713	-0.980	-0.039	-0.119	1502	102
-82.421	-0.978	-0.045	-0.122	1502	109
-82.536	-0.985	-0.039	-0.123	1501	115
-82.487	-0.982	-0.030	-0.126	1501	122
-82.406	-0.993	-0.030	-0.129	1502	129
-82.514	-0.992	-0.020	-0.129	1501	136
-82.841	-1.002	-0.026	-0.123	1500	142
-83.412	-1.000	-0.022	-0.113	1501	149
-83.281	-0.993	-0.014	-0.116	1501	155
-83.225	-0.994	-0.015	-0.117	1501	162
-82.890	-0.995	-0.022	-0.122	1501	169
-83.077	-0.989	-0.026	-0.117	1501	176
-82.955	-0.993	-0.033	-0.118	1501	183
-83.246	-0.988	-0.036	-0.111	1500	189
-82.351	-0.987	-0.047	-0.124	1500	196
-82.513	-0.985	-0.046	-0.121	1501	202
-82.505	-0.991	-0.051	-0.120	1502	209
-82.428	-0.989	-0.056	-0.119	1501	216
-82.165	-0.984	-0.057	-0.123	1501	223
-82.556	-0.979	-0.056	-0.115	1501	230
-82.416	-0.978	-0.059	-0.116	1501	236
-82.285	-0.985	-0.067	-0.115	1502	243
-82.044	-0.986	-0.069	-0.119	1502	249
-82.269	-0.992	-0.066	-0.117	1502	257
-81.744	-0.993	-0.078	-0.121	1502	263
-82.419	-0.995	-0.073	-0.110	1502	270
-82.466	-0.990	-0.067	-0.112	1502	276
-81.963	-0.988	-0.069	-0.121	1501	283
-81.560	-0.984	-0.077	-0.124	1501	290
-81.328	-0.979	-0.077	-0.128	1502	296
-81.058	-0.982	-0.079	-0.133	1502	304
-81.237	-0.982	-0.081	-0.128	1502	310
-81.424	-0.982	-0.071	-0.130	1502	317
-82.062	-0.991	-0.068	-0.120	1502	323
-81.815	-0.987	-0.067	-0.125	1503	330
-81.594	-0.986	-0.078	-0.123	1503	336
-82.166	-0.997	-0.064	-0.121	1503	344
-82.216	-0.987	-0.062	-0.120	1504	351
-81.768	-0.993	-0.065	-0.128	1503	357
-81.828	-0.982	-0.062	-0.127	1502	364
-81.121	-0.984	-0.072	-0.136	1501	370
-81.055	-0.980	-0.075	-0.135	1501	377
-80.714	-0.978	-0.086	-0.135	1501	384
-80.459	-0.976	-0.086	-0.140	1502	391
-81.082	-0.982	-0.089	-0.126	1501	398
-80.745	-0.984	-0.093	-0.131	1500	404
-80.734	-0.990	-0.095	-0.131	1501	411
-80.793	-0.988	-0.094	-0.130	1501	417
-80.799	-0.988	-0.091	-0.132	1502	424
-81.050	-0.980	-0.088	-0.127	1502	431
-80.922	-0.974	-0.098	-0.121	1502	438
-81.205	-0.976	-0.099	-0.114	1501	444
-80.859	-0.974	-0.101	-0.120	1501	451
-80.846	-0.979	-0.104	-0.119	1501	458
-80.953	-0.980	-0.107	-0.113	1502	464
-80.791	-0.984	-0.109	-0.116	1501	472
-80.798	-0.991	-0.105	-0.121	1501	478
-80.999	-0.991	-0.104	-0.117	1500	485
-80.940	-0.988	-0.106	-0.116	1500	491
-80.743	-0.987	-0.112	-0.115	1501	498
-80.546	-0.987	-0.113	-0.119	1501	504
-80.184	-0.979	-0.115	-0.124	1502	512
-80.123	-0.976	-0.120	-0.120	1502	519
-80.352	-0.977	-0.110	-0.124	1503	525
-79.766	-0.971	-0.108	-0.138	1503	532
-80.072	-0.978	-0.102	-0.138	1503	538
-80.651	-0.978	-0.098	-0.128	1503	545
-80.979	-0.980	-0.093	-0.125	1503	551
-81.078	-0.989	-0.091	-0.126	1504	559
-81.744	-0.991	-0.079	-0.120	1503	565
-81.719	-0.992	-0.083	-0.118	1501	572
-81.735	-0.988	-0.087	-0.114	1500	579
-81.527	-0.991	-0.090	-0.117	1501	585
-81.583	-0.983	-0.089	-0.115	1502	592
-80.868	-0.976	-0.107	-0.114	1502	599
-80.786	-0.976	-0.107	-0.116	1502	606
-80.425	-0.975	-0.119	-0.113	1501	612
-79.888	-0.975	-0.132	-0.113	1502	619
-79.901	-0.979	-0.130	-0.116	1502	626
-79.861	-0.986	-0.132	-0.117	1503	632
-80.451	-0.989	-0.128	-0.106	1503	640
-80.952	-0.989	-0.115	-0.107	1502	646
-80.885	-0.984	-0.120	-0.103	1502	653
-80.831	-0.985	-0.118	-0.106	1502	659
-80.881	-0.985	-0.109	-0.114	1502	666
-81.144	-0.988	-0.108	-0.109	1502	672
-81.454	-0.983	-0.104	-0.105	1502	679
-81.427	-0.985	-0.102	-0.108	1502	687
-81.729	-0.983	-0.100	-0.103	1501	693
-81.586	-0.978	-0.096	-0.108	1501	700
-81.790	-0.985	-0.091	-0.109	1501	706
-82.073	-0.981	-0.087	-0.105	1501	713
-81.873	-0.983	-0.083	-0.113	1500	719
-82.048	-0.990	-0.086	-0.108	1500	727
-82.035	-0.988	-0.093	-0.103	1501	733
-82.184	-0.989	-0.088	-0.104	1501	740
-81.895	-0.985	-0.095	-0.104	1502	747
-81.708	-0.990	-0.102	-0.103	1501	753
-81.948	-0.981	-0.096	-0.101	1501	760
-81.454	-0.983	-0.104	-0.105	1501	766
-81.798	-0.982	-0.103	-0.098	1501	774
-82.037	-0.978	-0.096	-0.098	1501	780
-82.216	-0.985	-0.093	-0.098	1501	787
-81.410	-0.983	-0.102	-0.108	1500	793
-81.393	-0.990	-0.104	-0.108	1500	800
-81.620	-0.994	-0.101	-0.106	1500	807
-82.260	-1.002	-0.092	-0.101	1499	814
-82.060	-0.995	-0.088	-0.107	1498	821
-82.150	-0.988	-0.077	-0.112	1498	827
-82.334	-0.988	-0.081	-0.105	1499	834
-81.821	-0.993	-0.080	-0.118	1499	840
-82.097	-0.991	-0.075	-0.115	1499	847
-82.243	-0.990	-0.073	-0.113	1499	854
-82.712	-0.991	-0.070	-0.105	1499	861
-82.780	-0.994	-0.070	-0.104	1499	868
-82.630	-0.986	-0.070	-0.106	1498	874
-82.281	-0.992	-0.069	-0.115	1498	881
-82.234	-0.987	-0.077	-0.110	1499	887
-81.873	-0.984	-0.079	-0.116	1498	894
-82.342	-0.990	-0.068	-0.114	1498	901
-82.618	-0.994	-0.066	-0.110	1497	908
-82.592	-0.992	-0.063	-0.112	1497	914
-82.846	-0.986	-0.062	-0.107	1497	921
-82.966	-0.991	-0.057	-0.108	1497	928
-82.926	-0.985	-0.055	-0.109	1497	934
-82.935	-0.991	-0.050	-0.112	1497	942
-82.965	-0.988	-0.050	-0.111	1497	948
-82.817	-0.988	-0.052	-0.113	1497	955
-82.694	-0.992	-0.052	-0.116	1497	961
-82.474	-0.985	-0.061	-0.115	1498	968
-82.493	-0.985	-0.063	-0.113	1498	974
-82.008	-0.982	-0.080	-0.112	1498	982
-82.061	-0.983	-0.080	-0.111	1499	989
-81.630	-0.985	-0.084	-0.118	1499	995
-81.713	-0.984	-0.088	-0.113	1499	1002
-81.639	-0.988	-0.097	-0.108	1499	1008
-81.546	-0.985	-0.101	-0.106	1498	1015
-81.267	-0.979	-0.098	-0.114	1498	1022
-81.614	-0.984	-0.099	-0.106	1499	1029
-81.551	-0.990	-0.103	-0.105	1498	1036
-81.785	-0.990	-0.100	-0.103	1499	1042
-82.030	-0.994	-0.091	-0.105	1500	1049
-81.773	-0.983	-0.086	-0.113	1501	1056
-81.398	-0.985	-0.087	-0.121	1501	1062
-80.704	-0.986	-0.092	-0.133	1501	1070
-80.941	-0.979	-0.088	-0.129	1501	1076
-81.874	-0.979	-0.073	-0.119	1501	1083
-81.969	-0.974	-0.073	-0.116	1500	1090
-82.155	-0.987	-0.067	-0.118	1499	1096
-82.048	-0.985	-0.058	-0.125	1499	1103
-82.509	-0.989	-0.045	-0.122	1501	1110
-82.541	-0.993	-0.039	-0.124	1502	1117
-83.233	-0.995	-0.042	-0.110	1503	1124
-82.211	-0.993	-0.063	-0.120	1502	1130
-82.110	-0.991	-0.073	-0.116	1503	1137
-82.075	-0.985	-0.071	-0.117	1503	1143
-82.624	-0.983	-0.063	-0.110	1504	1150
-82.790	-0.980	-0.057	-0.110	1504	1158
-83.186	-0.979	-0.053	-0.104	1503	1164
-83.473	-0.974	-0.052	-0.099	1503	1171
-82.978	-0.973	-0.059	-0.104	1503	1177
-82.400	-0.979	-0.074	-0.107	1502	1184
-81.845	-0.985	-0.093	-0.106	1502	1191
-82.114	-0.994	-0.091	-0.104	1502	1198
-81.675	-0.997	-0.098	-0.108	1501	1205
-81.461	-0.996	-0.098	-0.113	1501	1211
-81.304	-0.991	-0.094	-0.119	1501	1218
-81.450	-0.987	-0.090	-0.118	1500	1225
-80.866	-0.980	-0.088	-0.131	1500	1231
-80.290	-0.981	-0.095	-0.139	1501	1239
-80.872	-0.979	-0.089	-0.130	1501	1245
-80.189	-0.979	-0.099	-0.138	1502	1252
-80.268	-0.982	-0.096	-0.139	1501	1259
-79.827	-0.990	-0.101	-0.146	1500	1265
-79.704	-0.989	-0.105	-0.146	1501	1272
-79.903	-0.988	-0.104	-0.142	1502	1278
-80.055	-0.979	-0.106	-0.135	1502	1286
-79.786	-0.979	-0.111	-0.137	1503	1293
-79.587	-0.974	-0.109	-0.142	1503	1299
-79.515	-0.967	-0.109	-0.142	1503	1306
-79.369	-0.968	-0.111	-0.144	1503	1313
-79.621	-0.969	-0.114	-0.136	1504	1319
-79.329	-0.974	-0.120	-0.139	1505	1327
-79.460	-0.971	-0.119	-0.136	1505	1333
-79.463	-0.973	-0.116	-0.139	1505	1340
-79.874	-0.970	-0.112	-0.132	1505	1347
-80.146	-0.973	-0.110	-0.128	1505	1353
-80.276	-0.974	-0.104	-0.131	1505	1360
-80.321	-0.977	-0.105	-0.129	1505	1368
-80.670	-0.978	-0.100	-0.126	1505	1374
-80.184	-0.979	-0.107	-0.131	1506	1381
-80.146	-0.983	-0.107	-0.133	1505	1387
-79.771	-0.984	-0.120	-0.131	1506	1394
-79.966	-0.996	-0.119	-0.130	1507	1401
-79.876	-0.983	-0.118	-0.130	1508	1408
-79.621	-0.980	-0.124	-0.130	1508	1415
-79.562	-0.979	-0.130	-0.125	1508	1421
-79.477	-0.979	-0.134	-0.123	1508	1428
-79.241	-0.975	-0.136	-0.126	1507	1435
-79.433	-0.976	-0.137	-0.120	1508	1441
-79.408	-0.976	-0.134	-0.124	1509	1448
-79.688	-0.973	-0.131	-0.119	1509	1455
-79.531	-0.976	-0.130	-0.125	1509	1462
-79.730	-0.979	-0.124	-0.127	1510	1469
-80.158	-0.983	-0.118	-0.123	1510	1475
-80.279	-0.988	-0.107	-0.131	1509	1482
-80.522	-0.991	-0.103	-0.130	1509	1488
-80.617	-0.993	-0.102	-0.129	1511	1496
-80.608	-0.991	-0.103	-0.128	1511	1503
-80.522	-0.983	-0.106	-0.125	1511	1509
-80.284	-0.987	-0.109	-0.129	1510	1516
-80.241	-0.976	-0.107	-0.129	1510	1523
-79.869	-0.975	-0.118	-0.128	1510	1529
-80.286	-0.970	-0.110	-0.124	1510	1537
-79.895	-0.973	-0.124	-0.121	1509	1543
-79.392	-0.974	-0.126	-0.132	1508	1550
-79.446	-0.979	-0.130	-0.128	1509	1557
-79.435	-0.981	-0.133	-0.126	1509	1563
-79.519	-0.989	-0.131	-0.128	1509	1570
-79.732	-0.995	-0.125	-0.130	1509	1576
-80.309	-0.999	-0.118	-0.123	1509	1584
-80.377	-0.998	-0.117	-0.122	1509	1591
-80.917	-0.989	-0.110	-0.113	1509	1597
-81.569	-0.994	-0.098	-0.110	1508	1604
-81.315	-0.995	-0.088	-0.124	1508	1610
-81.358	-0.998	-0.083	-0.127	1507	1617
-80.731	-0.989	-0.092	-0.133	1507	1625
-80.509	-0.985	-0.095	-0.135	1507	1631
-79.625	-0.974	-0.102	-0.146	1507	1638
-78.844	-0.972	-0.112	-0.155	1507	1645
-78.733	-0.972	-0.118	-0.153	1508	1651
-78.556	-0.970	-0.120	-0.155	1507	1658
-78.534	-0.975	-0.126	-0.152	1507	1665
-78.240	-0.976	-0.140	-0.147	1507	1672
-77.820	-0.979	-0.145	-0.154	1507	1679
-77.725	-0.984	-0.156	-0.146	1507	1685
-77.692	-0.982	-0.159	-0.144	1507	1692
-77.563	-0.981	-0.161	-0.145	1507	1698
-77.187	-0.982	-0.167	-0.148	1508	1705
-77.279	-0.978	-0.165	-0.146	1507	1713
-77.328	-0.974	-0.156	-0.153	1507	1719
-77.107	-0.974	-0.168	-0.146	1507	1726
-77.744	-0.971	-0.156	-0.142	1508	1733
-77.742	-0.969	-0.159	-0.138	1508	1739
-77.254	-0.968	-0.156	-0.153	1509	1746
-77.332	-0.968	-0.152	-0.155	1508	1753
-77.889	-0.977	-0.140	-0.156	1509	1760
-78.001	-0.969	-0.127	-0.162	1509	1767
-78.392	-0.974	-0.121	-0.159	1508	1773
-78.732	-0.973	-0.113	-0.157	1509	1780
-78.453	-0.975	-0.114	-0.163	1510	1786
-79.034	-0.972	-0.113	-0.150	1509	1794
-79.823	-0.980	-0.108	-0.139	1509	1801
-80.508	-0.977	-0.098	-0.131	1508	1807
-80.590	-0.976	-0.103	-0.125	1508	1814
-79.976	-0.960	-0.110	-0.129	1507	1820
-79.150	-0.947	-0.117	-0.139	1508	1827
-78.903	-0.937	-0.118	-0.141	1508	1835
-78.299	-0.928	-0.130	-0.142	1508	1841
-76.856	-0.932	-0.151	-0.156	1508	1848
-77.002	-0.943	-0.161	-0.146	1507	1855
-76.883	-0.956	-0.167	-0.147	1506	1861
-77.676	-0.975	-0.168	-0.131	1507	1868
-77.731	-0.974	-0.171	-0.125	1509	1874
-77.100	-0.976	-0.180	-0.133	1508	1882
-77.304	-0.974	-0.177	-0.130	1509	1889
-77.778	-0.977	-0.177	-0.116	1509	1895
-78.650	-0.972	-0.164	-0.105	1508	1902
-79.409	-0.956	-0.148	-0.100	1507	1908
-80.045	-0.948	-0.135	-0.098	1507	1915
-79.418	-0.947	-0.141	-0.107	1507	1923
-78.632	-0.946	-0.143	-0.126	1507	1929
-78.408	-0.947	-0.145	-0.130	1506	1936
-77.859	-0.951	-0.151	-0.138	1505	1942
-77.713	-0.961	-0.151	-0.145	1506	1949
-77.920	-0.960	-0.159	-0.130	1507	1956
-77.713	-0.957	-0.169	-0.122	1507	1963
-77.991	-0.968	-0.170	-0.116	1507	1970
-78.065	-0.977	-0.174	-0.111	1509	1976
-78.109	-0.979	-0.179	-0.103	1509	1983
-78.494	-0.980	-0.179	-0.089	1510	1990
-78.523	-0.985	-0.181	-0.086	1511	1996
-78.537	-0.982	-0.176	-0.094	1510	2003
-78.643	-0.987	-0.179	-0.086	1510	2010
-78.593	-0.977	-0.174	-0.093	1512	2017
-78.638	-0.972	-0.173	-0.091	1511	2024
-78.507	-0.967	-0.174	-0.092	1509	2030
-78.583	-0.967	-0.176	-0.085	1507	2037
-78.923	-0.972	-0.177	-0.070	1509	2044
-79.407	-0.972	-0.168	-0.069	1510	2051
-80.793	-0.976	-0.149	-0.052	1510	2058
-81.544	-0.979	-0.136	-0.053	1508	2064
-81.864	-0.972	-0.129	-0.052	1506	2071
-81.744	-0.974	-0.132	-0.051	1505	2078
-81.067	-0.967	-0.141	-0.058	1504	2084
-80.614	-0.966	-0.154	-0.041	1504	2092
-78.970	-0.957	-0.183	-0.038	1503	2098
-77.867	-0.931	-0.199	-0.019	1504	2105
-76.682	-0.914	-0.216	-0.016	1506	2112
-76.104	-0.894	-0.221	-0.013	1507	2118
-76.110	-0.890	-0.219	-0.023	1509	2125
-76.074	-0.902	-0.222	-0.030	1511	2131
-76.913	-0.928	-0.211	-0.045	1510	2139
-77.469	-0.970	-0.209	-0.053	1510	2146
-77.788	-0.996	-0.208	-0.057	1511	2152
-77.337	-1.021	-0.222	-0.059	1514	2159
-77.063	-1.055	-0.237	-0.049	1517	2165
-76.146	-1.041	-0.254	-0.038	1518	2172
-75.513	-1.021	-0.263	-0.025	1518	2180
-74.844	-0.988	-0.266	-0.033	1517	2186
-74.716	-0.979	-0.265	-0.040	1516	2193
-73.298	-0.980	-0.289	-0.055	1513	2199
-72.148	-0.978	-0.311	-0.052	1511	2206
-72.018	-0.991	-0.319	-0.039	1515	2213
-72.554	-1.003	-0.314	-0.021	1519	2220
-72.695	-1.016	-0.316	-0.003	1521	2227
-72.575	-1.027	-0.322	-0.011	1521	2233
-73.203	-1.030	-0.311	-0.017	1520	2240
-73.289	-1.028	-0.309	-0.009	1519	2247
-74.043	-1.021	-0.292	0.007	1515	2253
-74.299	-1.005	-0.282	0.012	1511	2260
-74.606	-0.997	-0.274	0.008	1510	2267
-75.380	-0.992	-0.259	0.004	1511	2274
-76.416	-0.979	-0.236	0.013	1512	2281
-77.130	-0.981	-0.224	0.017	1509	2287
-77.134	-0.980	-0.224	0.012	1505	2294
-77.748	-0.980	-0.213	-0.003	1503	2300
-77.286	-0.982	-0.221	-0.021	1502	2308
-77.220	-0.996	-0.224	-0.032	1500	2315
-77.116	-0.987	-0.225	-0.023	1499	2321
-77.057	-1.002	-0.229	-0.028	1500	2328
-77.691	-1.016	-0.218	-0.041	1501	2334
-77.250	-1.010	-0.224	-0.047	1500	2341
-77.072	-1.016	-0.230	-0.035	1502	2349
-77.441	-1.015	-0.221	-0.049	1505	2355
-78.228	-1.013	-0.205	-0.050	1506	2362
-77.117	-0.989	-0.221	-0.050	1507	2369
-76.772	-0.982	-0.224	-0.058	1508	2375
-75.964	-0.970	-0.230	-0.075	1511	2382
-75.399	-0.974	-0.238	-0.087	1512	2388
-75.411	-0.985	-0.232	-0.108	1513	2396
-75.845	-0.979	-0.223	-0.106	1512	2403
-77.150	-0.971	-0.198	-0.099	1512	2409
-78.467	-0.963	-0.170	-0.099	1514	2416
-79.590	-0.971	-0.142	-0.108	1512	2422
-79.875	-0.955	-0.121	-0.120	1512	2429
-80.130	-0.967	-0.110	-0.127	1512	2437
-80.209	-0.979	-0.111	-0.127	1516	2443
-80.317	-1.000	-0.117	-0.124	1521	2450
-81.090	-1.031	-0.118	-0.110	1526	2456
-82.239	-1.061	-0.116	-0.086	1529	2463
-83.711	-1.057	-0.111	-0.034	1529	2470
-83.030	-1.031	-0.126	0.005	1528	2477
-82.752	-1.003	-0.125	0.025	1524	2484
-81.182	-0.986	-0.148	0.037	1518	2490
-80.019	-0.989	-0.171	0.033	1514	2497
-80.299	-1.012	-0.170	0.032	1512	2504
-80.454	-1.030	-0.165	0.053	1511	2510
-81.803	-1.061	-0.148	0.036	1509	2518
-83.124	-1.066	-0.127	0.021	1508	2524
-83.572	-1.066	-0.120	-0.003	1509	2531
-83.693	-1.063	-0.116	-0.018	1510	2538
-83.404	-1.049	-0.117	-0.031	1511	2544
-83.140	-1.020	-0.115	-0.042	1511	2551
-82.611	-0.988	-0.122	-0.039	1510	2557
-81.842	-0.959	-0.127	-0.053	1508	2565
-81.165	-0.944	-0.130	-0.068	1506	2572
-80.612	-0.928	-0.135	-0.073	1503	2578
-79.940	-0.927	-0.136	-0.093	1500	2585
-79.670	-0.925	-0.134	-0.103	1499	2591
-79.963	-0.938	-0.123	-0.111	1498	2598
-79.851	-0.954	-0.127	-0.114	1497	2606
-80.135	-0.957	-0.116	-0.119	1496	2612
-80.053	-0.969	-0.118	-0.122	1495	2619
-79.286	-0.969	-0.122	-0.137	1496	2626
-78.349	-0.973	-0.127	-0.155	1496	2632
-77.500	-0.971	-0.136	-0.167	1494	2639
-76.286	-0.963	-0.159	-0.173	1493	2646
-75.163	-0.954	-0.179	-0.179	1492	2653
-74.523	-0.933	-0.195	-0.169	1491	2660
-73.406	-0.932	-0.210	-0.182	1491	2666
-72.723	-0.921	-0.225	-0.178	1491	2673
-72.171	-0.922	-0.230	-0.187	1491	2679
-72.063	-0.919	-0.229	-0.190	1491	2686
-71.583	-0.921	-0.231	-0.201	1490	2694
-71.664	-0.936	-0.233	-0.204	1491	2700
-72.809	-0.938	-0.222	-0.187	1492	2707
-73.300	-0.942	-0.209	-0.190	1492	2714
-74.788	-0.955	-0.180	-0.187	1492	2720
-75.900	-0.959	-0.158	-0.182	1492	2727
-76.299	-0.966	-0.136	-0.192	1493	2734
-76.529	-0.966	-0.124	-0.195	1494	2741
-76.935	-0.962	-0.104	-0.197	1493	2748
-76.653	-0.963	-0.099	-0.206	1494	2754
-76.751	-0.959	-0.101	-0.202	1495	2761
-76.551	-0.959	-0.106	-0.203	1495	2767
-75.972	-0.958	-0.120	-0.207	1495	2775
-75.559	-0.954	-0.140	-0.202	1495	2782
-75.508	-0.951	-0.160	-0.187	1495	2788
-74.801	-0.948	-0.179	-0.186	1495	2795
-74.249	-0.936	-0.191	-0.182	1495	2801
-73.640	-0.932	-0.207	-0.179	1495	2808
-73.096	-0.929	-0.225	-0.171	1495	2816
-72.585	-0.930	-0.227	-0.184	1495	2822
-73.591	-0.927	-0.222	-0.159	1496	2829
-73.305	-0.940	-0.224	-0.172	1497	2835
-73.937	-0.942	-0.214	-0.167	1499	2842
-74.867	-0.951	-0.205	-0.155	1500	2849
-75.709	-0.950	-0.190	-0.149	1500	2855
-76.600	-0.960	-0.175	-0.147	1500	2863
-77.396	-0.959	-0.160	-0.143	1501	2869
-78.411	-0.964	-0.134	-0.146	1501	2876
-78.543	-0.978	-0.123	-0.155	1502	2883
-78.695	-0.979	-0.112	-0.160	1502	2889
-78.839	-0.984	-0.105	-0.163	1500	2896
-79.470	-0.985	-0.089	-0.160	1500	2903
-79.975	-0.981	-0.083	-0.152	1501	2910
-80.538	-0.978	-0.071	-0.146	1501	2917
-79.838	-0.975	-0.078	-0.156	1500	2923
-79.596	-0.979	-0.073	-0.164	1499	2930
-79.436	-0.974	-0.071	-0.167	1499	2937
-79.596	-0.989	-0.062	-0.171	1499	2944
-79.702	-0.996	-0.060	-0.171	1499	2951
-79.591	-0.990	-0.060	-0.172	1499	2957
-80.128	-0.981	-0.057	-0.161	1498	2964
-79.554	-0.977	-0.057	-0.171	1499	2971
-79.079	-0.975	-0.069	-0.175	1498	2977
-78.415	-0.971	-0.069	-0.187	1496	2984
-78.728	-0.971	-0.087	-0.173	1494	2991
-78.976	-0.978	-0.082	-0.172	1492	2998
-78.885	-0.978	-0.070	-0.179	1492	3005
-79.511	-0.989	-0.055	-0.175	1492	3011
-79.139	-0.984	-0.052	-0.182	1491	3018
-78.593	-0.987	-0.062	-0.189	1489	3024
-78.233	-0.979	-0.062	-0.194	1486	3032
-78.572	-0.969	-0.065	-0.185	1485	3039
-79.438	-0.959	-0.066	-0.166	1485	3045
-79.889	-0.949	-0.067	-0.155	1486	3052
-80.313	-0.952	-0.068	-0.147	1486	3058
-80.156	-0.954	-0.077	-0.146	1485	3065
-80.004	-0.964	-0.075	-0.152	1486	3073
-79.863	-0.970	-0.077	-0.155	1487	3079
-79.748	-0.977	-0.065	-0.164	1486	3086
-80.462	-0.981	-0.065	-0.151	1484	3093
-80.827	-0.985	-0.055	-0.149	1482	3099
-80.606	-0.991	-0.053	-0.155	1485	3106
-80.209	-0.990	-0.060	-0.160	1489	3112
-79.844	-0.981	-0.070	-0.161	1490	3120
-78.932	-0.982	-0.088	-0.171	1490	3127
-78.251	-0.987	-0.104	-0.177	1492	3133
-78.180	-0.980	-0.103	-0.178	1495	3140
-78.898	-0.979	-0.090	-0.170	1495	3146
-80.066	-0.972	-0.085	-0.147	1495	3153
-80.329	-0.977	-0.077	-0.147	1493	3161
-80.041	-0.968	-0.079	-0.150	1494	3167
-80.152	-0.974	-0.077	-0.150	1496	3174
-79.581	-0.968	-0.087	-0.155	1496	3180
-79.883	-0.978	-0.085	-0.152	1497	3187
-79.465	-0.975	-0.083	-0.161	1499	3194
-79.552	-0.979	-0.085	-0.159	1498	3201
-78.820	-0.981	-0.082	-0.176	1496	3208
-79.478	-0.985	-0.079	-0.165	1495	3214
-79.409	-0.988	-0.070	-0.171	1495	3221
-79.419	-0.987	-0.069	-0.171	1496	3228
-79.832	-0.983	-0.060	-0.166	1497	3234
-79.998	-0.974	-0.057	-0.162	1496	3241
-80.482	-0.976	-0.060	-0.152	1495	3248
-80.394	-0.973	-0.055	-0.155	1495	3255
-79.994	-0.978	-0.066	-0.159	1494	3262
-79.653	-0.986	-0.067	-0.167	1493	3268
-79.398	-0.987	-0.070	-0.171	1494	3275
-79.823	-0.996	-0.066	-0.166	1494	3282
-80.412	-1.001	-0.071	-0.153	1494	3289
-80.058	-0.994	-0.079	-0.155	1493	3296
-80.018	-0.981	-0.085	-0.150	1493	3302
-79.791	-0.976	-0.091	-0.150	1493	3309
-79.265	-0.973	-0.095	-0.158	1493	3316
-79.125	-0.976	-0.104	-0.156	1493	3322
-78.899	-0.972	-0.117	-0.150	1494	3330
-78.971	-0.973	-0.119	-0.147	1494	3336
-79.027	-0.975	-0.124	-0.143	1492	3343
-78.960	-0.979	-0.127	-0.143	1492	3350
-79.152	-0.977	-0.134	-0.131	1493	3356
-78.884	-0.975	-0.129	-0.142	1493	3363
-78.794	-0.978	-0.129	-0.145	1492	3369
-78.902	-0.980	-0.121	-0.149	1490	3377
-79.287	-0.978	-0.120	-0.141	1492	3384
-79.705	-0.982	-0.112	-0.139	1492	3390
-79.600	-0.984	-0.108	-0.145	1492	3397
-79.738	-0.984	-0.099	-0.148	1492	3404
-79.841	-0.984	-0.094	-0.149	1495	3410
-79.665	-0.980	-0.087	-0.156	1496	3418
-79.972	-0.976	-0.088	-0.148	1495	3424
-80.329	-0.978	-0.091	-0.140	1494	3431
-80.372	-0.980	-0.095	-0.137	1493	3438
-80.427	-0.984	-0.100	-0.133	1493	3444
-80.246	-0.994	-0.103	-0.137	1494	3451
-80.416	-0.990	-0.102	-0.133	1494	3458
-80.350	-0.982	-0.107	-0.128	1495	3465
-80.150	-0.979	-0.118	-0.122	1494	3472
-79.415	-0.976	-0.130	-0.128	1493	3478
-79.205	-0.981	-0.133	-0.132	1494	3485
-78.893	-0.979	-0.131	-0.141	1495	3491
-79.104	-0.979	-0.136	-0.131	1495	3499
-79.117	-0.978	-0.138	-0.128	1494	3506
-79.700	-0.981	-0.132	-0.120	1495	3512
-79.927	-0.984	-0.129	-0.118	1494	3519
-79.505	-0.980	-0.127	-0.130	1491	3525
-80.001	-0.984	-0.116	-0.129	1492	3532
-80.457	-0.977	-0.106	-0.125	1494	3539
-80.633	-0.974	-0.100	-0.126	1495	3546
-80.495	-0.976	-0.102	-0.128	1493	3553
-80.122	-0.980	-0.100	-0.139	1493	3560
-80.277	-0.993	-0.099	-0.139	1493	3566
-80.533	-0.994	-0.094	-0.137	1493	3573
-80.430	-0.991	-0.092	-0.140	1491	3579
-80.360	-0.992	-0.090	-0.143	1491	3587
-80.558	-0.980	-0.089	-0.137	1492	3594
-80.173	-0.979	-0.089	-0.145	1493	3600
-79.953	-0.975	-0.090	-0.147	1492	3607
-79.681	-0.975	-0.102	-0.146	1490	3613
-79.763	-0.977	-0.106	-0.141	1491	3620
-79.627	-0.977	-0.110	-0.141	1492	3628
-79.892	-0.987	-0.108	-0.139	1492	3634
-79.642	-0.980	-0.112	-0.140	1490	3641
-79.633	-0.980	-0.111	-0.141	1491	3647
-79.564	-0.986	-0.111	-0.144	1494	3654
-79.247	-0.981	-0.115	-0.146	1494	3661
-79.749	-0.978	-0.108	-0.140	1492	3667
-79.845	-0.978	-0.115	-0.132	1490	3675
-79.944	-0.977	-0.112	-0.132	1491	3681
-79.949	-0.978	-0.106	-0.137	1491	3688
-80.104	-0.986	-0.104	-0.137	1491	3695
-80.196	-0.983	-0.104	-0.135	1492	3701
-80.027	-0.985	-0.106	-0.137	1493	3708
-79.668	-0.981	-0.109	-0.142	1492	3716
-79.330	-0.976	-0.117	-0.142	1493	3722
-78.330	-0.979	-0.131	-0.154	1494	3729
-78.815	-0.977	-0.127	-0.146	1495	3735
-78.939	-0.976	-0.130	-0.140	1496	3742
-78.683	-0.974	-0.133	-0.143	1496	3749
-78.750	-0.973	-0.132	-0.142	1497	3756
-79.224	-0.976	-0.120	-0.142	1496	3763
-79.604	-0.979	-0.110	-0.142	1495	3769
-79.641	-0.977	-0.107	-0.143	1494	3776
-79.773	-0.977	-0.104	-0.143	1494	3783
-79.773	-0.980	-0.101	-0.146	1494	3789
-79.895	-0.980	-0.100	-0.144	1495	3796
-79.889	-0.974	-0.098	-0.144	1496	3803
-79.905	-0.978	-0.103	-0.141	1496	3810
-79.628	-0.978	-0.105	-0.145	1496	3817
-79.727	-0.979	-0.105	-0.143	1496	3823
-79.780	-0.979	-0.103	-0.144	1496	3830
-80.095	-0.984	-0.102	-0.139	1496	3837
-80.207	-0.987	-0.098	-0.140	1497	3844
-80.200	-0.991	-0.098	-0.141	1497	3851
-80.023	-0.985	-0.096	-0.145	1496	3857
-80.049	-0.983	-0.096	-0.144	1496	3864
-80.110	-0.983	-0.094	-0.144	1495	3871
-79.782	-0.976	-0.102	-0.144	1495	3877
-79.569	-0.976	-0.103	-0.147	1495	3885
-79.231	-0.970	-0.103	-0.153	1496	3891
-79.456	-0.972	-0.107	-0.146	1496	3898
-79.655	-0.974	-0.107	-0.142	1495	3905
-79.786	-0.974	-0.112	-0.135	1495	3911
-79.641	-0.978	-0.116	-0.136	1496	3918
-79.824	-0.975	-0.110	-0.136	1496	3924
-79.849	-0.979	-0.104	-0.141	1496	3932
-79.912	-0.975	-0.093	-0.146	1495	3939
-79.861	-0.979	-0.099	-0.145	1495	3945
-80.262	-0.971	-0.091	-0.140	1495	3952
-80.049	-0.977	-0.089	-0.146	1495	3958
-57.899	-1.237	-0.035	-0.775	1496	3965
-76.281	-1.170	0.151	-0.242	1496	3973
-62.245	-0.884	-0.183	-0.428	1494	3979
-76.051	-0.923	-0.174	-0.149	1494	3986
-84.816	-1.025	-0.072	-0.059	1494	3993
-77.070	-0.986	-0.127	-0.187	1494	3999
-77.442	-0.980	-0.110	-0.188	1496	4006
-77.096	-0.975	-0.106	-0.196	1497	4013
-76.566	-0.938	-0.148	-0.168	1499	4020
-76.763	-0.878	-0.176	-0.108	1499	4027
-77.584	-0.885	-0.175	-0.086	1499	4033
-78.733	-0.975	-0.153	-0.119	1498	4040
-79.695	-1.021	-0.096	-0.159	1498	4046
-80.495	-1.041	-0.062	-0.163	1498	4054
-82.032	-1.033	-0.041	-0.139	1497	4061
-81.540	-1.014	-0.052	-0.142	1497	4067
-80.700	-0.991	-0.059	-0.151	1496	4074
-79.633	-0.979	-0.086	-0.157	1495	4080
-79.504	-0.974	-0.092	-0.155	1495	4087
-79.563	-0.968	-0.096	-0.150	1496	4094
-79.370	-0.973	-0.101	-0.152	1496	4101
-78.910	-0.976	-0.104	-0.160	1496	4108
-79.043	-0.979	-0.100	-0.161	1497	4114
-79.905	-0.975	-0.090	-0.148	1497	4121
-81.167	-0.977	-0.080	-0.129	1497	4128
-80.507	-0.975	-0.077	-0.144	1498	4134
-80.704	-0.980	-0.079	-0.140	1498	4142
-80.464	-0.983	-0.068	-0.150	1498	4148
-80.806	-0.975	-0.075	-0.139	1498	4155
-81.031	-0.982	-0.067	-0.140	1498	4162
-80.420	-0.975	-0.082	-0.143	1497	4168
-80.582	-0.981	-0.082	-0.141	1496	4175
-80.362	-0.981	-0.088	-0.142	1495	4183
-80.248	-0.985	-0.090	-0.144	1494	4189
-79.780	-0.984	-0.086	-0.155	1495	4196
-79.633	-0.981	-0.092	-0.154	1496	4202
-79.573	-0.990	-0.094	-0.156	1497	4209
-79.462	-0.981	-0.104	-0.150	1497	4216
-80.120	-0.982	-0.102	-0.138	1497	4222
-80.066	-0.972	-0.099	-0.139	1497	4230
-79.960	-0.977	-0.101	-0.141	1498	4236
-80.272	-0.971	-0.102	-0.132	1499	4243
-80.255	-0.979	-0.091	-0.142	1500	4250
-80.303	-0.977	-0.090	-0.141	1499	4256
-80.124	-0.978	-0.090	-0.145	1497	4263
-79.971	-0.978	-0.092	-0.146	1497	4270
-80.453	-0.982	-0.090	-0.139	1498	4277
-80.458	-0.980	-0.086	-0.141	1498	4284
-80.281	-0.980	-0.095	-0.139	1498	4290
-80.024	-0.982	-0.095	-0.145	1498	4297
-79.867	-0.990	-0.104	-0.144	1499	4303
-80.050	-0.991	-0.097	-0.145	1500	4311
-80.017	-0.986	-0.098	-0.144	1499	4318
-80.386	-0.983	-0.094	-0.138	1498	4324
-80.136	-0.981	-0.097	-0.141	1499	4331
-80.655	-0.979	-0.087	-0.136	1499	4337
-80.496	-0.978	-0.087	-0.139	1499	4344
-42.611	-2.000	0.859	1.997	1499	4352
-44.976	-2.000	0.081	-2.000	1499	4358
-68.014	-1.069	-0.432	0.009	1499	4365
-84.140	-1.028	0.082	-0.066	1499	4371
-81.749	-1.024	-0.006	-0.148	1498	4378
-73.408	-0.993	0.004	-0.296	1496	4385
-75.828	-0.975	0.003	-0.246	1498	4391
-76.356	-0.975	-0.032	-0.234	1499	4399
-76.687	-0.954	-0.083	-0.210	1500	4405
-76.541	-0.897	-0.149	-0.154	1500	4412
-76.659	-0.825	-0.181	-0.075	1500	4419
-72.490	-0.780	-0.240	0.054	1500	4425
-79.016	-0.925	-0.172	-0.052	1500	4432
-79.340	-1.028	-0.123	-0.149	1500	4439
-80.478	-1.070	-0.068	-0.166	1500	4446
-82.127	-1.065	-0.037	-0.143	1500	4453
-83.360	-1.054	-0.020	-0.121	1499	4459
-81.955	-1.021	-0.036	-0.140	1498	4466
-80.500	-0.997	-0.063	-0.154	1498	4472
-79.680	-0.981	-0.085	-0.157	1498	4480
-79.171	-0.975	-0.099	-0.158	1499	4487
-78.590	-0.964	-0.117	-0.155	1499	4493
-78.306	-0.970	-0.126	-0.156	1500	4500
-78.531	-0.970	-0.122	-0.154	1500	4506
-79.078	-0.963	-0.119	-0.143	1500	4513
-79.569	-0.973	-0.102	-0.147	1500	4520
-80.607	-0.980	-0.079	-0.142	1500	4527
-80.872	-0.981	-0.067	-0.143	1499	4534
-81.427	-0.996	-0.058	-0.139	1500	4540
-81.191	-0.987	-0.063	-0.140	1500	4547
-81.271	-0.998	-0.059	-0.142	1500	4554
-81.287	-0.993	-0.061	-0.140	1498	4560
-80.911	-0.993	-0.057	-0.148	1498	4568
-80.462	-0.985	-0.063	-0.153	1498	4575
-80.458	-0.979	-0.073	-0.147	1499	4581
-80.499	-0.981	-0.070	-0.148	1499	4588
-80.401	-0.974	-0.075	-0.146	1498	4594
-80.096	-0.976	-0.078	-0.151	1498	4601
-79.404	-0.969	-0.092	-0.156	1499	4609
-79.051	-0.969	-0.096	-0.161	1500	4615
-79.705	-0.975	-0.092	-0.151	1499	4622
-79.953	-0.979	-0.099	-0.143	1499	4628
-80.447	-0.979	-0.092	-0.137	1499	4635
-80.192	-0.979	-0.088	-0.145	1500	4642
-80.268	-0.981	-0.088	-0.144	1500	4648
-80.088	-0.982	-0.088	-0.147	1499	4656
-80.289	-0.977	-0.092	-0.140	1498	4662
-79.698	-0.979	-0.092	-0.152	1498	4669
-79.483	-0.979	-0.088	-0.159	1498	4676
-79.765	-0.979	-0.090	-0.152	1498	4682
-79.597	-0.984	-0.091	-0.156	1498	4689
-79.486	-0.987	-0.096	-0.156	1500	4696
-79.413	-0.988	-0.102	-0.154	1500	4703
-79.931	-0.983	-0.104	-0.141	1501	4710
-79.857	-0.980	-0.107	-0.139	1501	4716
-80.002	-0.975	-0.111	-0.131	1500	4723
-80.114	-0.978	-0.105	-0.134	1500	4729
-79.859	-0.977	-0.112	-0.134	1500	4737
-79.458	-0.976	-0.117	-0.139	1500	4744
-79.990	-0.976	-0.108	-0.134	1500	4750
-79.661	-0.977	-0.109	-0.141	1498	4757
-79.778	-0.975	-0.116	-0.132	1499	4764
-79.567	-0.977	-0.113	-0.140	1499	4770
-79.586	-0.976	-0.107	-0.144	1498	4777
-79.957	-0.973	-0.104	-0.138	1498	4784
-80.285	-0.977	-0.102	-0.133	1499	4791
-80.319	-0.976	-0.098	-0.135	1499	4798
-80.573	-0.980	-0.090	-0.136	1498	4804
-80.373	-0.986	-0.086	-0.144	1499	4811
-80.108	-0.989	-0.088	-0.148	1499	4817
-80.662	-0.992	-0.081	-0.142	1500	4825
-80.874	-0.993	-0.077	-0.140	1499	4832
-81.082	-0.988	-0.080	-0.133	1499	4838
-81.133	-0.991	-0.072	-0.137	1499	4845
-81.107	-0.986	-0.075	-0.135	1500	4851
-80.939	-0.984	-0.077	-0.137	1500	4858
-80.088	-0.984	-0.087	-0.148	1499	4866
-80.220	-0.979	-0.089	-0.144	1498	4872
-79.578	-0.974	-0.096	-0.151	1496	4879
-79.516	-0.974	-0.104	-0.147	1496	4885
-79.022	-0.974	-0.114	-0.150	1496	4892
-78.643	-0.970	-0.120	-0.153	1496	4899
-78.386	-0.975	-0.129	-0.153	1497	4905
-78.760	-0.970	-0.133	-0.140	1497	4913
-78.544	-0.968	-0.138	-0.140	1497	4919
-78.381	-0.964	-0.139	-0.142	1498	4926
-78.140	-0.961	-0.137	-0.148	1498	4933
-78.043	-0.965	-0.133	-0.155	1497	4939
-78.194	-0.970	-0.128	-0.157	1496	4946
-78.812	-0.972	-0.122	-0.148	1497	4954
-78.613	-0.974	-0.117	-0.157	1498	4960
-79.195	-0.985	-0.119	-0.146	1497	4967
-78.788	-0.983	-0.124	-0.150	1498	4973
-78.992	-0.987	-0.123	-0.147	1499	4980
-78.852	-0.993	-0.119	-0.155	1500	4987
-78.760	-0.989	-0.123	-0.153	1499	4994
-78.825	-0.989	-0.126	-0.149	1499	5001
-79.375	-0.988	-0.123	-0.139	1500	5008
-79.049	-0.979	-0.129	-0.139	1501	5014
-78.617	-0.978	-0.141	-0.138	1499	5021
-77.996	-0.972	-0.151	-0.141	1498	5027
-77.657	-0.967	-0.163	-0.135	1499	5035
-77.076	-0.968	-0.172	-0.141	1500	5042
-77.203	-0.972	-0.178	-0.131	1499	5048
-76.898	-0.973	-0.183	-0.134	1499	5055
-77.013	-0.971	-0.182	-0.131	1500	5061
-77.062	-0.973	-0.180	-0.133	1500	5068
-77.465	-0.975	-0.180	-0.121	1499	5075
-77.893	-0.982	-0.169	-0.126	1500	5082
-78.157	-0.978	-0.160	-0.128	1501	5089
-78.553	-0.980	-0.148	-0.132	1502	5095
-78.453	-0.979	-0.149	-0.133	1501	5102
-78.842	-0.978	-0.142	-0.131	1500	5109
-78.917	-0.977	-0.134	-0.137	1499	5115
-79.354	-0.975	-0.123	-0.136	1498	5123
-79.182	-0.971	-0.122	-0.140	1498	5129
-79.594	-0.974	-0.115	-0.137	1498	5136
-79.199	-0.974	-0.110	-0.149	1498	5143
-79.594	-0.972	-0.112	-0.139	1498	5149
-79.934	-0.986	-0.109	-0.137	1497	5156
-79.761	-0.985	-0.110	-0.140	1497	5164
-79.567	-0.980	-0.120	-0.135	1497	5170
-79.803	-0.988	-0.118	-0.133	1497	5177
-79.282	-0.976	-0.123	-0.138	1497	5183
-79.095	-0.972	-0.129	-0.136	1498	5190
-78.874	-0.971	-0.127	-0.143	1499	5197
-78.789	-0.969	-0.133	-0.139	1499	5203
-78.705	-0.972	-0.135	-0.140	1498	5211
-78.306	-0.979	-0.137	-0.149	1497	5217
-78.352	-0.982	-0.137	-0.149	1497	5224
-78.117	-0.982	-0.139	-0.153	1498	5231
-78.377	-0.989	-0.134	-0.153	1499	5237
-78.351	-0.979	-0.135	-0.150	1498	5244
-78.739	-0.976	-0.131	-0.144	1498	5252
-78.896	-0.979	-0.123	-0.147	1498	5258
-78.817	-0.975	-0.124	-0.147	1498	5265
-78.688	-0.974	-0.120	-0.153	1499	5271
-79.068	-0.976	-0.122	-0.144	1499	5278
-79.233	-0.971	-0.124	-0.137	1499	5285
-78.933	-0.975	-0.138	-0.132	1498	5292
-78.650	-0.980	-0.141	-0.138	1498	5299
-78.074	-0.978	-0.146	-0.146	1498	5305
-78.445	-0.979	-0.141	-0.143	1497	5312
-78.690	-0.974	-0.137	-0.139	1498	5319
-78.828	-0.977	-0.130	-0.143	1499	5325
-79.136	-0.977	-0.125	-0.140	1498	5332
-79.572	-0.977	-0.121	-0.133	1498	5340
-79.769	-0.973	-0.111	-0.136	1499	5346
-79.903	-0.971	-0.104	-0.138	1499	5353
-79.957	-0.973	-0.104	-0.138	1499	5359
-79.810	-0.977	-0.100	-0.145	1499	5366
-79.975	-0.976	-0.103	-0.139	1499	5373
-80.242	-0.984	-0.093	-0.142	1498	5380
-80.426	-0.994	-0.096	-0.138	1498	5387
-80.594	-0.994	-0.092	-0.137	1498	5393
-80.660	-0.993	-0.088	-0.138	1498	5400
-80.607	-0.992	-0.083	-0.142	1498	5407
-80.853	-0.982	-0.086	-0.133	1498	5413
-80.593	-0.977	-0.085	-0.138	1498	5421
-80.631	-0.976	-0.085	-0.137	1497	5427
-80.567	-0.972	-0.089	-0.135	1498	5434
-80.276	-0.974	-0.093	-0.139	1499	5441
-80.454	-0.979	-0.095	-0.135	1500	5447
-80.318	-0.990	-0.101	-0.136	1500	5454
-80.496	-0.995	-0.101	-0.133	1500	5462
-80.327	-0.994	-0.106	-0.132	1499	5468
-80.274	-0.996	-0.115	-0.126	1498	5475
-80.081	-0.989	-0.114	-0.130	1498	5481
-80.267	-0.983	-0.106	-0.131	1498	5488
-79.978	-0.980	-0.106	-0.137	1499	5495
-80.079	-0.976	-0.117	-0.124	1499	5501
-79.629	-0.972	-0.111	-0.139	1500	5509
-79.837	-0.972	-0.110	-0.135	1500	5515
-80.036	-0.972	-0.104	-0.136	1500	5522
-80.232	-0.974	-0.104	-0.132	1500	5529
-80.310	-0.975	-0.102	-0.132	1501	5535
-80.241	-0.975	-0.104	-0.132	1500	5542
-80.243	-0.966	-0.104	-0.130	1500	5549
-80.221	-0.971	-0.105	-0.130	1499	5556
-80.252	-0.969	-0.106	-0.128	1500	5563
-80.075	-0.967	-0.104	-0.134	1500	5569
-80.070	-0.972	-0.103	-0.136	1500	5576
-80.206	-0.974	-0.105	-0.131	1500	5582
-80.832	-0.977	-0.095	-0.126	1500	5590
-80.928	-0.980	-0.086	-0.131	1500	5597
-81.319	-0.977	-0.073	-0.130	1501	5603
-80.928	-0.976	-0.078	-0.135	1501	5610
-81.318	-0.970	-0.063	-0.134	1501	5617
-81.152	-0.975	-0.062	-0.139	1501	5623
-80.514	-0.976	-0.067	-0.148	1501	5630
-80.522	-0.986	-0.071	-0.148	1500	5637
-80.253	-0.995	-0.069	-0.156	1500	5644
-80.354	-1.005	-0.073	-0.154	1500	5651
-80.813	-1.009	-0.081	-0.142	1500	5657
-81.233	-1.008	-0.079	-0.134	1500	5664
-81.153	-1.006	-0.086	-0.131	1500	5670
-80.618	-0.999	-0.097	-0.134	1499	5678
-80.630	-0.987	-0.100	-0.129	1499	5685
-80.445	-0.979	-0.102	-0.130	1499	5691
-80.768	-0.976	-0.104	-0.120	1498	5698
-80.244	-0.975	-0.109	-0.127	1498	5704
-80.133	-0.973	-0.108	-0.130	1498	5711
-79.787	-0.974	-0.122	-0.126	1498	5719
-79.789	-0.978	-0.124	-0.125	1498	5725
-79.891	-0.980	-0.128	-0.119	1498	5732
-79.665	-0.982	-0.134	-0.119	1496	5739
-79.667	-0.979	-0.135	-0.117	1496	5745
-79.893	-0.975	-0.131	-0.114	1496	5752
-79.798	-0.979	-0.126	-0.123	1496	5758
-79.693	-0.978	-0.118	-0.133	1496	5766
-79.793	-0.976	-0.117	-0.131	1497	5773
-80.363	-0.986	-0.110	-0.126	1496	5779
-80.854	-0.986	-0.097	-0.126	1495	5786
-81.285	-0.990	-0.098	-0.116	1495	5792
-81.561	-0.987	-0.088	-0.117	1495	5799
-81.903	-0.982	-0.076	-0.117	1495	5807
-81.957	-0.983	-0.066	-0.122	1495	5813
-81.453	-0.992	-0.073	-0.130	1494	5820
-81.688	-0.990	-0.060	-0.132	1494	5826
-81.627	-0.991	-0.063	-0.132	1493	5833
-81.928	-0.992	-0.059	-0.128	1493	5840
-82.549	-0.990	-0.051	-0.119	1493	5847
-82.378	-0.982	-0.049	-0.122	1492	5854
-82.357	-0.980	-0.044	-0.124	1492	5861
-82.402	-0.984	-0.051	-0.121	1493	5867
-82.284	-0.984	-0.054	-0.122	1494	5874
-82.099	-0.985	-0.058	-0.124	1494	5880
-81.801	-0.983	-0.057	-0.130	1494	5888
-81.592	-0.988	-0.072	-0.127	1493	5895
-81.797	-0.988	-0.068	-0.125	1492	5901
-81.485	-0.992	-0.070	-0.131	1491	5908
-81.232	-0.985	-0.068	-0.136	1492	5914
-81.074	-0.984	-0.070	-0.138	1493	5921
-80.809	-0.981	-0.084	-0.135	1492	5928
-80.401	-0.983	-0.084	-0.144	1493	5935
-80.697	-0.980	-0.089	-0.134	1493	5942
-80.453	-0.981	-0.097	-0.134	1493	5948
-80.407	-0.975	-0.103	-0.129	1494	5955
-80.310	-0.976	-0.112	-0.123	1494	5962
-79.809	-0.972	-0.112	-0.134	1493	5968
-80.034	-0.972	-0.115	-0.126	1495	5976
-79.793	-0.974	-0.113	-0.134	1497	5982
-79.635	-0.980	-0.117	-0.136	1498	5989
-79.746	-0.986	-0.119	-0.133	1497	5996
-79.987	-0.986	-0.118	-0.128	1498	6002
-79.987	-0.983	-0.115	-0.130	1499	6009
-80.563	-0.979	-0.105	-0.124	1499	6016
-80.672	-0.983	-0.099	-0.128	1500	6023
-81.157	-0.980	-0.098	-0.117	1501	6030
-81.235	-0.980	-0.092	-0.120	1501	6036
-81.278	-0.980	-0.097	-0.115	1501	6043
-81.253	-0.978	-0.092	-0.119	1501	6050
-81.156	-0.985	-0.093	-0.122	1501	6056
-81.226	-0.983	-0.093	-0.120	1502	6064
-80.805	-0.979	-0.095	-0.127	1502	6070
-80.712	-0.980	-0.090	-0.133	1502	6077
-80.617	-0.994	-0.097	-0.133	1502	6084
-80.812	-0.986	-0.090	-0.132	1502	6090
-81.250	-0.996	-0.086	-0.127	1501	6097
-80.681	-0.994	-0.086	-0.139	1501	6104
-81.244	-0.997	-0.085	-0.128	1501	6111
-81.168	-0.997	-0.086	-0.129	1501	6118
-81.045	-0.988	-0.086	-0.130	1500	6124
-80.952	-0.982	-0.093	-0.126	1501	6131
-81.254	-0.977	-0.093	-0.118	1500	6137
-80.912	-0.972	-0.099	-0.120	1500	6145
-80.638	-0.975	-0.104	-0.122	1500	6152
-80.622	-0.969	-0.099	-0.126	1500	6158
-80.640	-0.970	-0.105	-0.120	1500	6165
-80.698	-0.977	-0.104	-0.121	1500	6171
-80.620	-0.979	-0.108	-0.120	1499	6178
-80.093	-0.982	-0.107	-0.134	1499	6185
-81.064	-0.989	-0.104	-0.115	1499	6192
-80.900	-0.987	-0.111	-0.112	1499	6199
-80.943	-0.983	-0.109	-0.112	1499	6205
-80.825	-0.983	-0.111	-0.113	1500	6212
-80.730	-0.982	-0.118	-0.108	1500	6219
-80.611	-0.981	-0.113	-0.116	1500	6225
-80.747	-0.983	-0.114	-0.112	1500	6233
-81.016	-0.984	-0.104	-0.116	1501	6240
-80.707	-0.989	-0.107	-0.121	1501	6246
-81.098	-0.985	-0.102	-0.116	1500	6253
-80.599	-0.990	-0.103	-0.128	1500	6259
-81.095	-0.991	-0.091	-0.126	1500	6266
-81.106	-0.987	-0.091	-0.125	1500	6274
-81.205	-0.989	-0.087	-0.126	1500	6280
-81.586	-0.989	-0.085	-0.119	1499	6287
-81.458	-0.990	-0.085	-0.122	1500	6293
-81.607	-0.984	-0.077	-0.123	1500	6300
-81.523	-0.983	-0.073	-0.127	1500	6307
-81.440	-0.988	-0.079	-0.126	1501	6313
-81.317	-0.984	-0.085	-0.124	1500	6321
-81.581	-0.983	-0.076	-0.124	1500	6327
-81.892	-0.979	-0.074	-0.118	1500	6334
-81.211	-0.978	-0.085	-0.125	1500	6341
-81.583	-0.979	-0.078	-0.122	1500	6347
-81.050	-0.980	-0.088	-0.127	1500	6354
-80.983	-0.981	-0.086	-0.130	1500	6361
-80.918	-0.981	-0.091	-0.128	1500	6368
-80.709	-0.985	-0.093	-0.132	1499	6375
-80.414	-0.985	-0.102	-0.132	1499	6381
-80.526	-0.983	-0.102	-0.129	1499	6388
-80.517	-0.982	-0.102	-0.129	1501	6394
-80.410	-0.979	-0.104	-0.129	1502	6402
-80.537	-0.987	-0.104	-0.128	1500	6409
-80.840	-0.986	-0.092	-0.130	1499	6415
-80.794	-0.982	-0.099	-0.125	1498	6422
-80.971	-0.985	-0.089	-0.129	1498	6428
-81.269	-0.979	-0.088	-0.122	1498	6435
-81.479	-0.980	-0.086	-0.119	1497	6443
-80.792	-0.984	-0.097	-0.127	1497	6449
-80.624	-0.985	-0.106	-0.123	1498	6456
-80.636	-0.983	-0.104	-0.124	1499	6463
-80.457	-0.989	-0.107	-0.127	1499	6469
-81.082	-0.988	-0.092	-0.125	1499	6476
-81.319	-0.982	-0.090	-0.120	1500	6482
-81.599	-0.979	-0.082	-0.119	1502	6490
-81.685	-0.976	-0.084	-0.115	1501	6497
-81.714	-0.973	-0.078	-0.118	1500	6503
-81.546	-0.974	-0.076	-0.123	1499	6510
-81.775	-0.976	-0.072	-0.121	1498	6516
-81.485	-0.976	-0.077	-0.124	1497	6523
-81.224	-0.984	-0.082	-0.128	1497	6531
-81.378	-0.995	-0.086	-0.124	1497	6537
-81.788	-0.997	-0.076	-0.122	1497	6544
-81.713	-0.999	-0.069	-0.128	1496	6550
-82.128	-0.995	-0.060	-0.124	1497	6557
-82.258	-0.994	-0.054	-0.124	1496	6564
-82.077	-0.978	-0.054	-0.125	1494	6571
-82.548	-0.978	-0.049	-0.118	1495	6578
-82.208	-0.971	-0.045	-0.125	1497	6584
-81.906	-0.976	-0.054	-0.128	1495	6591
-81.530	-0.983	-0.060	-0.134	1494	6598
-81.754	-0.992	-0.069	-0.126	1494	6604
-81.817	-0.991	-0.075	-0.121	1496	6611
-81.561	-0.996	-0.072	-0.129	1499	6618
-81.476	-0.998	-0.079	-0.127	1499	6625
-81.362	-0.992	-0.078	-0.129	1498	6632
-81.341	-0.994	-0.084	-0.126	1500	6638
-81.808	-0.985	-0.072	-0.122	1497	6645
-81.231	-0.980	-0.079	-0.129	1498	6652
-81.279	-0.979	-0.080	-0.127	1496	6659
-80.830	-0.980	-0.083	-0.135	1496	6666
-80.917	-0.979	-0.081	-0.134	1494	6672
-80.798	-0.983	-0.085	-0.135	1495	6679
-81.020	-0.977	-0.075	-0.135	1496	6686
-80.751	-0.983	-0.085	-0.136	1495	6692
-80.708	-0.983	-0.088	-0.135	1490	6700
-81.121	-0.988	-0.085	-0.129	1487	6706
-81.202	-0.984	-0.090	-0.123	1488	6713
-81.528	-0.982	-0.085	-0.119	1491	6720
-81.599	-0.978	-0.080	-0.120	1490	6726
-81.933	-0.980	-0.066	-0.122	1491	6733
-81.671	-0.979	-0.054	-0.133	1494	6739
-82.017	-0.980	-0.048	-0.129	1488	6747
-82.131	-0.985	-0.044	-0.129	1487	6754
-82.466	-0.990	-0.039	-0.125	1484	6760
-82.233	-0.987	-0.045	-0.127	1487	6767
-82.310	-0.993	-0.058	-0.121	1481	6773
-81.709	-0.995	-0.066	-0.129	1470	6780
-81.624	-0.986	-0.072	-0.126	1472	6788
-81.519	-0.984	-0.068	-0.130	1476	6794
-81.369	-0.983	-0.080	-0.126	1463	6801
-81.637	-0.984	-0.076	-0.123	1450	6807
-81.277	-1.006	-0.075	-0.135	1462	6814
-80.342	-1.010	-0.090	-0.146	1469	6821
-80.308	-1.022	-0.104	-0.141	1475	6828
-80.505	-1.021	-0.108	-0.132	1478	6835
-80.998	-1.016	-0.113	-0.114	1475	6841
-81.295	-0.987	-0.116	-0.097	1480	6848
-80.966	-0.975	-0.121	-0.097	1477	6855
-81.365	-0.957	-0.109	-0.096	1481	6861
-81.284	-0.940	-0.093	-0.110	1477	6868
-81.425	-0.938	-0.073	-0.121	1476	6875
-81.636	-0.946	-0.055	-0.128	1476	6882
-81.790	-0.957	-0.034	-0.134	1479	6889
-81.641	-0.979	-0.019	-0.143	1478	6895
-81.814	-0.995	-0.013	-0.143	1475	6902
-82.208	-1.015	-0.007	-0.139	1480	6909
-82.250	-1.005	0.003	-0.137	1483	6916
-82.303	-0.995	0.014	-0.134	1487	6923
-81.793	-0.978	0.038	-0.136	1479	6929
-81.603	-0.965	0.049	-0.134	1479	6936
-81.626	-0.961	0.054	-0.131	1483	6943
-81.935	-0.960	0.049	-0.127	1481	6949
-81.367	-0.983	0.041	-0.144	1485	6957
-81.814	-1.000	0.030	-0.141	1485	6963
-82.001	-0.999	0.027	-0.138	1485	6970
-82.154	-0.997	0.014	-0.137	1491	6977
-82.344	-0.991	0.011	-0.133	1487	6983
-81.916	-0.984	-0.007	-0.140	1486	6990
-81.813	-0.978	-0.017	-0.140	1500	6996
-81.749	-0.967	-0.026	-0.138	1493	7004
-81.494	-0.969	-0.042	-0.139	1485	7011
-81.384	-0.981	-0.054	-0.139	1491	7017
-80.498	-0.986	-0.072	-0.148	1497	7024
-80.370	-0.995	-0.084	-0.146	1506	7030
-81.601	-0.981	-0.081	-0.120	1502	7037
-81.632	-0.981	-0.080	-0.120	1499	7045
-82.205	-0.968	-0.076	-0.108	1500	7051
-82.498	-0.968	-0.065	-0.109	1509	7058
-82.887	-0.970	-0.052	-0.109	1495	7064
-83.284	-0.972	-0.042	-0.106	1498	7071
-83.295	-0.983	-0.018	-0.114	1506	7078
-83.554	-0.986	-0.005	-0.111	1508	7085
-83.535	-0.994	0.009	-0.112	1511	7092
-83.374	-1.000	0.015	-0.115	1509	7098
-83.274	-1.009	0.021	-0.117	1510	7105
-82.621	-1.012	0.023	-0.129	1512	7112
-82.725	-1.022	0.021	-0.129	1514	7118
-83.227	-1.012	0.003	-0.120	1511	7126
-83.283	-0.995	0.001	-0.117	1518	7132
-83.493	-0.981	0.012	-0.111	1517	7139
-82.857	-0.975	0.004	-0.122	1522	7146
-82.400	-0.974	0.003	-0.130	1513	7152
-82.345	-0.974	0.001	-0.131	1512	7159
-82.796	-0.977	0.010	-0.123	1510	7165
-83.033	-0.980	0.013	-0.119	1517	7173
-83.102	-0.982	0.013	-0.118	1520	7180
-82.681	-0.994	0.014	-0.127	1516	7186
-82.602	-0.995	0.009	-0.129	1509	7193
-82.640	-0.999	0.006	-0.129	1512	7199
-82.964	-0.997	0.016	-0.122	1526	7206
-82.900	-1.005	0.035	-0.120	1516	7214
-83.072	-0.994	0.047	-0.111	1517	7220
-82.644	-0.986	0.050	-0.117	1521	7227
-83.021	-0.981	0.040	-0.113	1523	7233
-83.470	-0.991	0.026	-0.110	1527	7240
-83.059	-0.989	0.009	-0.120	1517	7246
-83.279	-0.986	-0.002	-0.116	1518	7254
-82.698	-0.991	0.004	-0.127	1519	7261
-82.410	-0.985	0.011	-0.131	1531	7267
-82.856	-0.990	0.022	-0.122	1530	7274
-82.593	-0.984	0.035	-0.123	1524	7280
-82.013	-0.988	0.043	-0.132	1536	7287
-82.092	-0.984	0.051	-0.127	1543	7294
-81.845	-0.989	0.047	-0.134	1538	7301
-81.949	-1.002	0.029	-0.139	1547	7308
-82.233	-1.001	0.015	-0.136	1551	7315
-82.439	-0.993	0.000	-0.132	1538	7321
-82.476	-0.994	-0.011	-0.131	1529	7328
-82.797	-0.994	-0.013	-0.125	1534	7334
-82.960	-0.984	-0.011	-0.121	1536	7342
-83.557	-0.979	-0.006	-0.110	1530	7349
-83.999	-0.976	-0.002	-0.103	1536	7355
-84.198	-0.981	-0.005	-0.100	1537	7362
-83.728	-0.987	0.005	-0.108	1531	7368
-83.808	-0.989	0.014	-0.106	1528	7375
-83.053	-0.992	0.014	-0.120	1530	7383
-82.590	-0.989	0.014	-0.128	1509	7389
-82.393	-0.979	0.021	-0.129	1531	7396
-82.279	-0.980	0.028	-0.130	1549	7402
-82.265	-0.983	0.021	-0.132	1532	7409
-81.568	-0.983	0.025	-0.144	1521	7416
-81.676	-0.989	0.019	-0.144	1525	7422
-82.098	-0.989	0.013	-0.137	1515	7430
-82.159	-0.984	0.015	-0.135	1515	7436
-83.370	-0.987	0.011	-0.114	1521	7443
-82.954	-0.980	0.005	-0.121	1526	7449
-83.329	-0.978	0.004	-0.114	1521	7456
-83.230	-0.979	0.004	-0.116	1529	7463
-82.878	-0.978	-0.004	-0.122	1540	7470
-82.816	-0.993	0.007	-0.125	1523	7477
-82.380	-0.994	0.018	-0.132	1515	7483
-81.910	-0.995	0.043	-0.135	1516	7490
-81.583	-0.994	0.052	-0.138	1511	7497
-81.124	-0.987	0.054	-0.145	1508	7503
-80.483	-0.987	0.052	-0.157	1518	7511
-80.853	-0.990	0.056	-0.149	1527	7518
-81.094	-0.985	0.049	-0.146	1529	7524
-81.448	-0.991	0.055	-0.139	1523	7531
-81.513	-0.984	0.054	-0.137	1522	7537
-81.790	-0.993	0.061	-0.130	1530	7544
-81.809	-0.984	0.057	-0.130	1505	7552
-81.473	-0.977	0.050	-0.138	1511	7558
-81.696	-0.968	0.039	-0.136	1522	7565
-81.789	-0.967	0.032	-0.136	1520	7571
-82.490	-0.979	0.017	-0.128	1516	7578
-82.376	-0.987	0.024	-0.130	1513	7585
-82.831	-0.988	0.023	-0.122	1529	7591
-82.849	-0.991	0.032	-0.120	1519	7599
-83.022	-0.995	0.033	-0.117	1506	7605
-82.657	-0.995	0.045	-0.120	1509	7612
-82.650	-0.992	0.060	-0.113	1518	7619
-82.183	-0.987	0.066	-0.118	1519	7625
-81.820	-0.991	0.059	-0.130	1516	7632
-82.209	-0.994	0.037	-0.131	1512	7639
-83.367	-0.988	0.024	-0.112	1517	7646
-83.389	-0.990	0.011	-0.114	1533	7653
-83.154	-0.993	0.005	-0.119	1516	7659
-82.721	-0.986	0.001	-0.126	1512	7666
-82.572	-0.974	0.016	-0.126	1520	7672
-82.093	-0.972	0.043	-0.128	1522	7680
-81.340	-0.979	0.050	-0.141	1511	7687
-80.756	-0.983	0.046	-0.153	1513	7693
-82.018	-0.981	0.032	-0.134	1516	7700
-83.572	-0.988	0.029	-0.107	1526	7706
-84.029	-0.994	0.026	-0.101	1516	7713
-83.111	-1.013	0.035	-0.117	1506	7720
-82.372	-1.016	0.049	-0.127	1507	7727
-82.128	-0.996	0.056	-0.126	1530	7734
-81.337	-0.995	0.063	-0.138	1509	7740
-81.614	-0.990	0.070	-0.128	1508	7747
-82.681	-0.979	0.059	-0.111	1511	7754
-82.819	-0.978	0.057	-0.109	1522	7760
-82.484	-0.977	0.058	-0.115	1517	7768
-81.471	-0.979	0.054	-0.137	1517	7774
-81.013	-0.977	0.052	-0.146	1536	7781
-81.152	-0.977	0.053	-0.143	1510	7788
-82.032	-0.983	0.058	-0.125	1514	7794
-81.921	-0.982	0.051	-0.130	1509	7801
-82.358	-0.984	0.053	-0.121	1527	7808
-82.597	-0.984	0.044	-0.120	1522	7815
-82.359	-0.988	0.052	-0.122	1514	7822
-81.524	-0.994	0.062	-0.135	1511	7828
-81.439	-0.992	0.066	-0.134	1505	7835
-81.250	-0.993	0.068	-0.137	1517	7841
-81.201	-0.993	0.070	-0.137	1514	7848
-81.334	-0.981	0.074	-0.130	1532	7856
-81.869	-0.981	0.065	-0.124	1522	7862
-81.626	-0.979	0.068	-0.127	1498	7869
-81.094	-0.987	0.074	-0.136	1514	7875
-80.748	-0.977	0.076	-0.140	1519	7882
-80.269	-0.980	0.075	-0.150	1517	7889
-80.597	-0.986	0.072	-0.146	1506	7896
-81.362	-0.975	0.065	-0.133	1506	7903
-82.681	-0.977	0.052	-0.114	1516	7909
-83.464	-0.984	0.055	-0.099	1531	7916
-83.001	-0.993	0.070	-0.100	1506	7923
-82.011	-0.990	0.079	-0.114	1497	7929
-81.341	-0.989	0.087	-0.123	1513	7937
-80.333	-0.975	0.100	-0.133	1513	7943
-79.225	-0.974	0.105	-0.152	1512	7950
-79.871	-0.982	0.097	-0.146	1515	7957
-80.450	-0.985	0.094	-0.137	1508	7963
-82.022	-0.982	0.072	-0.117	1513	7970
-82.787	-0.987	0.065	-0.106	1518	7976
-82.431	-0.996	0.062	-0.117	1510	7984
-82.140	-0.994	0.057	-0.125	1515	7991
-81.014	-0.983	0.066	-0.141	1503	7997
-81.198	-0.979	0.073	-0.133	1511	8004
-81.035	-0.975	0.079	-0.132	1518	8010
-81.561	-0.982	0.078	-0.123	1525	8017
-81.357	-0.988	0.077	-0.129	1507	8025
-80.823	-0.994	0.089	-0.134	1505	8031
-81.128	-0.996	0.084	-0.131	1508	8038
-80.744	-0.994	0.087	-0.137	1514	8044
-81.080	-0.985	0.087	-0.128	1512	8051
-81.248	-0.970	0.086	-0.122	1515	8058
-81.404	-0.966	0.080	-0.122	1509	8065
-81.118	-0.964	0.081	-0.127	1514	8072
-80.984	-0.958	0.088	-0.124	1508	8078
-80.811	-0.976	0.094	-0.127	1500	8085
-80.874	-0.986	0.080	-0.137	1510	8092
-81.154	-0.999	0.070	-0.139	1524	8098
-81.451	-0.994	0.063	-0.136	1497	8105
-81.913	-1.000	0.058	-0.130	1523	8112
-81.790	-0.993	0.061	-0.130	1505	8119
-82.160	-0.984	0.066	-0.118	1514	8126
-81.658	-0.974	0.077	-0.120	1519	8132
-80.914	-0.955	0.092	-0.122	1504	8139
-80.932	-0.962	0.092	-0.123	1528	8145
-80.254	-0.962	0.093	-0.137	1510	8153
-80.429	-0.974	0.088	-0.139	1507	8160
-81.185	-0.983	0.083	-0.128	1497	8166
-81.718	-0.981	0.074	-0.122	1505	8173
-81.919	-0.979	0.082	-0.112	1499	8179
-81.462	-0.982	0.091	-0.116	1494	8186
-80.717	-0.985	0.102	-0.125	1513	8194
-79.654	-0.986	0.117	-0.137	1493	8200
-79.305	-0.999	0.128	-0.139	1494	8207
-78.506	-1.002	0.142	-0.146	1514	8213
-78.666	-0.994	0.149	-0.132	1536	8220
-79.060	-0.986	0.150	-0.117	1503	8227
-79.209	-0.988	0.147	-0.117	1491	8233
-79.199	-0.981	0.137	-0.128	1517	8241
-79.112	-0.977	0.131	-0.135	1520	8247
-79.413	-0.972	0.130	-0.127	1512	8254
-79.210	-0.968	0.127	-0.134	1493	8261
-79.626	-0.974	0.122	-0.130	1512	8267
-79.453	-0.977	0.122	-0.135	1538	8274
-79.929	-0.988	0.119	-0.129	1514	8282
-80.127	-1.000	0.111	-0.134	1536	8288
-80.640	-0.997	0.115	-0.117	1498	8295
-81.390	-0.989	0.115	-0.096	1495	8301
-81.930	-0.982	0.113	-0.081	1498	8308
-80.983	-0.985	0.117	-0.104	1493	8315
-80.232	-0.977	0.126	-0.111	1508	8322
-79.864	-0.985	0.128	-0.121	1519	8329
-79.096	-0.990	0.141	-0.129	1509	8335
-79.304	-0.995	0.138	-0.128	1505	8342
-79.598	-0.997	0.132	-0.127	1509	8349
-80.067	-0.998	0.127	-0.120	1515	8355
-80.675	-0.988	0.113	-0.116	1514	8363
-81.506	-0.976	0.103	-0.104	1496	8369
-81.524	-0.964	0.101	-0.103	1520	8376
-80.977	-0.957	0.110	-0.104	1490	8383
-80.456	-0.958	0.108	-0.119	1499	8389
-80.520	-0.974	0.102	-0.127	1542	8396
-80.816	-0.971	0.099	-0.122	1477	8402
-81.100	-0.981	0.101	-0.116	1495	8410
-80.932	-0.995	0.112	-0.112	1496	8417
-80.024	-0.994	0.118	-0.129	1502	8423
-79.022	-0.983	0.129	-0.141	1497	8430
-78.709	-0.982	0.136	-0.142	1498	8436
-78.573	-0.974	0.139	-0.140	1485	8443
-78.492	-0.980	0.145	-0.138	1523	8451
-77.620	-0.987	0.164	-0.142	1483	8457
-77.302	-0.997	0.166	-0.151	1512	8464
-77.114	-0.990	0.163	-0.157	1482	8470
-78.667	-0.981	0.149	-0.128	1487	8477
-79.395	-0.958	0.146	-0.104	1494	8484
-79.653	-0.941	0.139	-0.102	1492	8491
-78.952	-0.938	0.141	-0.117	1494	8498
-78.556	-0.949	0.142	-0.130	1483	8504
-79.113	-0.965	0.141	-0.121	1488	8511
-78.503	-0.979	0.158	-0.121	1486	8518
-78.487	-0.992	0.166	-0.115	1529	8524
-78.856	-0.997	0.161	-0.112	1460	8531
-79.201	-0.991	0.151	-0.113	1511	8538
-79.119	-0.994	0.149	-0.119	1478	8545
-78.866	-0.987	0.145	-0.130	1480	8552
-78.931	-0.984	0.146	-0.125	1481	8558
-79.518	-0.978	0.146	-0.107	1476	8565
-79.476	-0.969	0.141	-0.112	1500	8572
-79.611	-0.961	0.136	-0.112	1489	8579
-80.031	-0.966	0.134	-0.104	1497	8586
-80.179	-0.974	0.122	-0.116	1507	8592
-80.349	-0.975	0.117	-0.117	1469	8599
-80.684	-0.977	0.113	-0.113	1481	8606
-81.207	-0.975	0.112	-0.101	1522	8612
-81.105	-0.984	0.112	-0.105	1476	8620
-80.369	-0.990	0.125	-0.112	1502	8626
-80.564	-0.987	0.124	-0.107	1508	8633
-80.092	-0.981	0.133	-0.108	1475	8640
-80.115	-0.969	0.138	-0.098	1491	8646
-79.219	-0.975	0.160	-0.094	1510	8653
-78.318	-0.983	0.174	-0.105	1485	8659
-77.810	-0.989	0.184	-0.109	1501	8667
-77.514	-0.989	0.187	-0.113	1480	8674
-77.421	-0.977	0.188	-0.109	1492	8680
-77.160	-0.975	0.193	-0.109	1502	8687
-77.316	-0.967	0.185	-0.115	1502	8693
-77.227	-0.959	0.176	-0.128	1514	8700
-77.810	-0.964	0.165	-0.127	1485	8708
-77.945	-0.974	0.159	-0.134	1495	8714
-78.041	-0.977	0.164	-0.126	1481	8721
-77.699	-0.974	0.171	-0.126	1500	8727
-77.753	-0.979	0.177	-0.118	1476	8734
-77.477	-0.985	0.184	-0.119	1507	8741
-77.045	-0.984	0.189	-0.124	1480	8748
-76.880	-0.979	0.191	-0.124	1478	8755
-76.930	-0.979	0.185	-0.133	1506	8761
-77.716	-0.991	0.174	-0.128	1495	8768
-78.028	-0.977	0.168	-0.121	1495	8775
-77.884	-0.977	0.174	-0.117	1499	8781
-77.666	-0.976	0.173	-0.125	1486	8788
-76.984	-0.978	0.181	-0.136	1472	8795
-76.632	-0.972	0.187	-0.135	1458	8802
-76.507	-0.976	0.191	-0.135	1484	8809
-76.371	-0.976	0.200	-0.126	1485	8815
-76.274	-0.985	0.205	-0.126	1485	8822
-76.740	-0.988	0.205	-0.110	1480	8828
-77.551	-0.985	0.196	-0.094	1507	8836
-77.999	-0.971	0.188	-0.084	1473	8843
-78.096	-0.966	0.185	-0.086	1467	8849
-77.728	-0.950	0.182	-0.099	1493	8856
-76.614	-0.956	0.189	-0.126	1505	8863
-76.147	-0.964	0.189	-0.144	1481	8869
-76.397	-0.973	0.189	-0.140	1495	8877
-77.235	-0.978	0.172	-0.140	1508	8883
-78.599	-0.991	0.166	-0.111	1482	8890
-78.803	-0.995	0.167	-0.104	1501	8897
-78.951	-0.989	0.163	-0.104	1480	8903
-79.184	-0.980	0.151	-0.110	1499	8910
-78.796	-0.970	0.157	-0.110	1492	8916
-78.565	-0.954	0.156	-0.113	1527	8924
-78.372	-0.952	0.159	-0.114	1472	8931
-77.935	-0.956	0.166	-0.119	1498	8937
-77.293	-0.966	0.180	-0.123	1489	8944
-77.045	-0.970	0.181	-0.131	1492	8950
-77.207	-0.979	0.183	-0.127	1489	8957
-77.999	-0.982	0.175	-0.114	1493	8965
-78.621	-0.991	0.170	-0.104	1510	8971
-78.634	-0.995	0.180	-0.088	1493	8978
-78.703	-0.992	0.185	-0.072	1490	8984
-77.604	-0.985	0.199	-0.085	1467	8991
-75.894	-0.975	0.213	-0.121	1481	8998
-74.663	-0.972	0.230	-0.134	1507	9005
-73.166	-0.959	0.245	-0.155	1446	9012
-73.092	-0.952	0.246	-0.152	1480	9018
-73.474	-0.955	0.243	-0.146	1501	9025
-74.210	-0.954	0.231	-0.139	1491	9032
-74.886	-0.952	0.224	-0.127	1500	9038
-75.584	-0.958	0.208	-0.132	1517	9046
-75.584	-0.973	0.210	-0.136	1467	9052
-75.041	-0.976	0.221	-0.139	1499	9059
-74.554	-0.990	0.230	-0.147	1484	9066
-75.211	-0.994	0.220	-0.144	1491	9072
-75.647	-0.977	0.213	-0.131	1475	9079
-76.771	-0.950	0.195	-0.108	1486	9085
-77.608	-0.936	0.179	-0.102	1490	9093
-77.436	-0.913	0.176	-0.103	1476	9100
-77.430	-0.925	0.175	-0.109	1491	9106
-77.417	-0.936	0.175	-0.114	1491	9113
-77.414	-0.971	0.178	-0.124	1500	9119
-76.921	-0.980	0.190	-0.125	1497	9126
-77.031	-0.990	0.189	-0.127	1518	9134
-76.690	-0.981	0.196	-0.124	1490	9140
-76.991	-0.974	0.191	-0.118	1476	9147
-76.794	-0.963	0.198	-0.108	1503	9153
-76.669	-0.948	0.196	-0.109	1476	9160
-76.551	-0.949	0.197	-0.112	1486	9167
-76.918	-0.949	0.190	-0.111	1493	9174
-76.688	-0.957	0.187	-0.127	1485	9181
-77.179	-0.968	0.181	-0.126	1494	9187
-76.924	-0.964	0.182	-0.131	1499	9194
-77.128	-0.971	0.185	-0.123	1512	9201
-77.078	-0.975	0.193	-0.112	1476	9207
-76.336	-0.967	0.213	-0.100	1499	9214
-76.195	-0.973	0.217	-0.101	1449	9222
-76.035	-0.966	0.221	-0.095	1544	9228
-76.431	-0.969	0.213	-0.097	1485	9235
-76.324	-0.964	0.209	-0.106	1507	9241
-76.538	-0.960	0.198	-0.116	1521	9248
-76.764	-0.968	0.193	-0.120	1495	9255
-76.353	-0.972	0.196	-0.131	1502	9262
-76.110	-0.972	0.202	-0.130	1485	9269
-75.267	-0.974	0.226	-0.121	1486	9275
-74.649	-0.979	0.238	-0.124	1427	9282
-73.533	-0.976	0.254	-0.137	1505	9289
-72.784	-0.973	0.268	-0.139	1463	9295
-72.755	-0.964	0.266	-0.138	1499	9303
-73.464	-0.961	0.259	-0.120	1492	9309
-74.500	-0.970	0.249	-0.102	1491	9316
-75.900	-0.976	0.229	-0.086	1461	9323
-76.850	-0.992	0.223	-0.064	1453	9329
-76.559	-1.002	0.229	-0.068	1478	9336
-76.220	-0.997	0.235	-0.066	1465	9342
-75.524	-0.974	0.234	-0.091	1459	9350
-75.694	-0.954	0.220	-0.104	1523	9357
-75.803	-0.943	0.209	-0.115	1467	9363
-77.028	-0.934	0.180	-0.118	1492	9370
-77.830	-0.937	0.160	-0.123	1497	9376
-78.775	-0.952	0.147	-0.118	1478	9383
-79.224	-0.965	0.145	-0.113	1480	9391
-78.658	-0.974	0.163	-0.107	1456	9397
-77.355	-0.970	0.187	-0.110	1492	9404
-76.288	-0.973	0.204	-0.121	1513	9410
-74.634	-0.978	0.229	-0.140	1521	9417
-73.863	-0.974	0.236	-0.153	1539	9424
-73.537	-0.986	0.240	-0.165	1507	9431
-74.168	-0.986	0.238	-0.146	1513	9438
-74.897	-0.973	0.233	-0.120	1498	9444
-74.542	-0.950	0.240	-0.106	1494	9451
-73.771	-0.926	0.242	-0.118	1511	9458
-73.880	-0.922	0.236	-0.123	1479	9464
-73.993	-0.928	0.227	-0.140	1489	9472
-75.487	-0.933	0.210	-0.119	1515	9478
-75.475	-0.954	0.222	-0.109	1492	9485
-75.714	-0.968	0.224	-0.104	1506	9492
-75.500	-0.979	0.226	-0.115	1521	9498
-75.017	-0.973	0.231	-0.119	1476	9505
-74.671	-0.956	0.236	-0.113	1454	9512
-73.629	-0.959	0.259	-0.111	1499	9519
-73.058	-0.966	0.275	-0.104	1484	9526
-71.575	-0.968	0.306	-0.103	1499	9532
-70.836	-0.977	0.322	-0.106	1475	9539
-70.909	-0.977	0.317	-0.116	1475	9546
-72.082	-0.970	0.290	-0.119	1519	9552
-73.267	-0.968	0.268	-0.114	1497	9560
-74.766	-0.964	0.241	-0.104	1497	9566
-75.810	-0.959	0.220	-0.103	1463	9573
-76.943	-0.951	0.195	-0.103	1490	9580
-76.888	-0.966	0.199	-0.104	1489	9586
-75.860	-0.979	0.216	-0.119	1478	9593
-75.600	-0.990	0.225	-0.119	1491	9600
-75.348	-0.977	0.233	-0.104	1509	9607
-74.671	-0.962	0.244	-0.100	1486	9614
-74.455	-0.949	0.244	-0.101	1504	9620
-75.394	-0.957	0.233	-0.088	1554	9627
-75.561	-0.973	0.233	-0.091	1514	9633
-75.789	-0.975	0.229	-0.091	1478	9640
-75.382	-0.971	0.236	-0.091	1486	9648
-74.447	-0.948	0.247	-0.093	1505	9654
-73.499	-0.935	0.254	-0.110	1536	9661
-72.509	-0.911	0.252	-0.138	1512	9667
-73.348	-0.936	0.244	-0.137	1473	9674
-73.902	-0.948	0.235	-0.140	1533	9681
-74.688	-0.960	0.223	-0.140	1484	9688
-76.101	-0.976	0.210	-0.119	1535	9695
-77.392	-0.975	0.197	-0.093	1492	9701
-77.785	-0.967	0.195	-0.075	1511	9708
-76.840	-0.963	0.214	-0.070	1508	9715
-76.445	-0.985	0.221	-0.088	1510	9721
-76.422	-1.001	0.226	-0.087	1554	9729
-75.167	-0.984	0.239	-0.104	1487	9735
-75.049	-0.972	0.234	-0.111	1531	9742
-74.643	-0.954	0.234	-0.117	1470	9749
-74.282	-0.934	0.229	-0.128	1561	9755
-74.268	-0.918	0.229	-0.119	1498	9762
-74.147	-0.908	0.235	-0.105	1503	9768
-73.680	-0.915	0.244	-0.110	1537	9776
-72.933	-0.937	0.253	-0.137	1511	9783
-73.061	-0.972	0.259	-0.144	1538	9789
-73.620	-0.993	0.249	-0.152	1507	9796
-74.815	-1.013	0.237	-0.139	1544	9802
-75.631	-1.016	0.238	-0.104	1501	9809
-75.654	-0.985	0.238	-0.082	1514	9817
-75.229	-0.951	0.239	-0.075	1523	9823
-74.078	-0.916	0.246	-0.088	1553	9830
-72.774	-0.900	0.253	-0.118	1505	9836
-71.950	-0.903	0.265	-0.129	1538	9843
-71.605	-0.915	0.278	-0.123	1497	9850
-71.309	-0.913	0.284	-0.121	1524	9857
-72.879	-0.922	0.264	-0.105	1507	9864
-74.752	-0.938	0.235	-0.100	1577	9870
-76.428	-0.970	0.208	-0.107	1458	9877
-77.282	-0.992	0.191	-0.116	1577	9884
-78.078	-0.993	0.181	-0.106	1467	9890
-77.407	-0.981	0.197	-0.096	1553	9897
-75.491	-0.974	0.231	-0.100	1501	9904
-74.499	-0.976	0.255	-0.091	1536	9911
-73.306	-0.976	0.280	-0.084	1552	9918
-70.961	-0.941	0.309	-0.102	1503	9924
-68.419	-0.916	0.336	-0.136	1524	9931
-68.019	-0.915	0.337	-0.151	1517	9937
-68.090	-0.911	0.330	-0.159	1540	9945
-68.733	-0.925	0.318	-0.168	1512	9952
-69.349	-0.942	0.313	-0.167	1543	9958
-72.430	-0.970	0.276	-0.134	1466	9965
-74.046	-0.977	0.265	-0.089	1525	9971
-74.502	-0.966	0.256	-0.079	1508	9978
-74.349	-0.950	0.252	-0.086	1534	9986
-73.202	-0.944	0.266	-0.104	1507	9992
-72.158	-0.954	0.282	-0.121	1541	9999
-70.877	-0.956	0.309	-0.121	1548	10005
-70.302	-0.949	0.319	-0.116	1524	10012
-69.813	-0.937	0.327	-0.107	1521	10019
-70.491	-0.934	0.312	-0.108	1524	10025
-70.698	-0.939	0.303	-0.129	1486	10033
-72.036	-0.938	0.271	-0.137	1537	10040
-73.302	-0.942	0.249	-0.134	1533	10046
-74.048	-0.939	0.233	-0.133	1511	10053
-74.947	-0.938	0.222	-0.120	1512	10060
-75.433	-0.928	0.217	-0.105	1520	10066
-75.797	-0.929	0.217	-0.091	1533	10074
-75.082	-0.941	0.233	-0.092	1501	10081
-73.989	-0.960	0.255	-0.104	1534	10087
-73.123	-0.969	0.270	-0.117	1508	10094
-72.732	-0.967	0.283	-0.101	1528	10101
-71.044	-0.952	0.314	-0.090	1507	10107
-70.187	-0.942	0.327	-0.091	1529	10115
-70.199	-0.951	0.329	-0.095	1505	10121
-70.692	-0.952	0.318	-0.100	1520	10128
-71.787	-0.968	0.304	-0.096	1533	10135
-72.798	-0.966	0.288	-0.080	1537	10141
-73.240	-0.974	0.284	-0.072	1524	10148
-72.340	-0.965	0.295	-0.086	1518	10156
-71.325	-0.938	0.302	-0.097	1543	10162
-70.803	-0.914	0.296	-0.117	1489	10169
-71.000	-0.899	0.274	-0.144	1531	10176
-71.644	-0.896	0.257	-0.149	1530	10182
-72.600	-0.903	0.245	-0.142	1496	10189
-73.974	-0.920	0.235	-0.120	1495	10196
-75.589	-0.935	0.225	-0.085	1507	10203
-75.628	-0.943	0.232	-0.066	1546	10210
-75.250	-0.962	0.239	-0.083	1523	10217
-75.715	-0.992	0.233	-0.097	1501	10223
-75.763	-0.997	0.235	-0.093	1524	10230
-74.782	-0.998	0.256	-0.091	1548	10236
-73.182	-0.951	0.272	-0.092	1518	10244
-71.005	-0.911	0.294	-0.109	1519	10251
-68.535	-0.893	0.323	-0.137	1464	10257
-67.902	-0.897	0.341	-0.129	1545	10264
-68.885	-0.914	0.334	-0.114	1499	10271
-70.878	-0.935	0.310	-0.096	1534	10277
-71.565	-0.959	0.305	-0.097	1486	10285
-71.919	-0.973	0.299	-0.107	1528	10292
-72.518	-0.972	0.290	-0.098	1554	10298
-73.762	-0.951	0.264	-0.085	1493	10305
-73.795	-0.922	0.259	-0.069	1542	10312
-72.462	-0.916	0.282	-0.064	1518	10318
-70.756	-0.918	0.311	-0.079	1525	10326
-69.298	-0.930	0.339	-0.093	1539	10333
-68.596	-0.952	0.357	-0.107	1531	10339
-67.692	-0.952	0.371	-0.122	1524	10346
-67.244	-0.945	0.377	-0.123	1500	10352
-67.483	-0.939	0.371	-0.118	1522	10359
-67.981	-0.928	0.360	-0.104	1476	10366
-69.004	-0.931	0.347	-0.086	1543	10373
-70.026	-0.943	0.330	-0.093	1465	10380
-71.513	-0.946	0.297	-0.109	1530	10387
-72.867	-0.962	0.279	-0.100	1561	10393
-72.864	-0.964	0.279	-0.102	1490	10400
-71.281	-0.958	0.303	-0.117	1516	10407
-70.320	-0.929	0.312	-0.115	1505	10414
-70.441	-0.902	0.303	-0.105	1508	10421
-71.486	-0.896	0.285	-0.093	1528	10428
-72.956	-0.895	0.261	-0.085	1557	10434
-73.705	-0.892	0.251	-0.070	1503	10441
-73.290	-0.889	0.262	-0.052	1512	10448
-72.973	-0.901	0.270	-0.060	1554	10455
-72.684	-0.931	0.282	-0.067	1483	10462
-71.164	-0.961	0.308	-0.113	1497	10469
-68.340	-0.975	0.364	-0.131	1502	10475
-68.312	-0.964	0.366	-0.113	1543	10482
-68.914	-0.956	0.354	-0.104	1507	10488
-70.616	-0.933	0.314	-0.094	1498	10496
-73.882	-0.925	0.256	-0.077	1492	10503
-75.538	-0.915	0.230	-0.051	1552	10509
-75.233	-0.921	0.239	-0.041	1498	10516
-73.474	-0.939	0.268	-0.078	1505	10523
-70.785	-0.970	0.328	-0.081	1525	10529
-68.122	-0.967	0.381	-0.075	1544	10536
-65.386	-0.931	0.415	-0.098	1482	10544
-63.290	-0.871	0.407	-0.162	1507	10550
-63.958	-0.823	0.368	-0.162	1533	10557
-64.322	-0.814	0.356	-0.162	1537	10564
-66.493	-0.851	0.352	-0.115	1519	10570
-67.584	-0.902	0.363	-0.081	1479	10577
-68.658	-0.955	0.369	-0.055	1518	10585
-69.876	-1.000	0.363	-0.048	1523	10591
-69.716	-1.002	0.361	-0.081	1510	10598
-69.351	-0.978	0.345	-0.130	1519	10605
-67.742	-0.915	0.329	-0.179	1523	10611
-66.609	-0.864	0.322	-0.189	1526	10618
-66.706	-0.838	0.322	-0.162	1526	10625
-67.041	-0.847	0.337	-0.123	1522	10632
-68.451	-0.857	0.334	-0.056	1528	10639
-67.716	-0.868	0.354	-0.040	1462	10645
-66.096	-0.872	0.384	-0.046	1488	10652
-64.613	-0.869	0.407	-0.065	1524	10659
-64.869	-0.866	0.381	-0.142	1508	10665
-66.687	-0.892	0.304	-0.235	1468	10673
-70.254	-0.889	0.259	-0.187	1508	10680
-73.861	-0.884	0.244	-0.076	1523	10686
-75.115	-0.952	0.253	-0.009	1524	10693
-72.858	-1.015	0.308	-0.058	1521	10700
-70.511	-1.077	0.358	-0.130	1515	10706
-67.985	-1.119	0.441	-0.100	1512	10714
-63.720	-1.063	0.518	-0.089	1507	10720
-58.636	-0.913	0.546	-0.108	1510	10727
-53.705	-0.713	0.511	-0.115	1519	10734
-51.372	-0.598	0.449	-0.162	1509	10740
-53.880	-0.540	0.336	-0.206	1508	10747
-63.950	-0.571	0.218	-0.175	1513	10755
-79.547	-0.636	0.091	-0.074	1521	10761
-88.517	-0.763	0.020	0.003	1519	10768
-87.356	-0.886	-0.034	0.022	1515	10775
-87.002	-0.993	-0.033	-0.040	1529	10781
-87.408	-1.052	0.046	-0.013	1536	10788
-81.538	-1.054	0.135	-0.080	1528	10796
-75.457	-0.996	0.236	-0.104	1519	10802
-71.066	-0.911	0.298	-0.095	1509	10809
-63.932	-0.854	0.400	-0.120	1510	10815
-58.628	-0.800	0.447	-0.194	1513	10822
-55.139	-0.757	0.481	-0.215	1508	10829
-53.481	-0.723	0.492	-0.210	1502	10835
-52.038	-0.686	0.508	-0.168	1504	10843
-51.988	-0.671	0.514	-0.105	1513	10850
-53.683	-0.702	0.511	-0.074	1500	10856
-58.112	-0.779	0.479	-0.078	1506	10863
-63.636	-0.853	0.420	-0.047	1509	10870
-68.351	-0.901	0.357	-0.016	1521	10876
-71.673	-0.926	0.307	-0.003	1521	10884
-71.618	-0.943	0.313	0.001	1516	10890
-71.927	-0.916	0.299	-0.008	1505	10897
-68.036	-0.857	0.346	-0.008	1483	10904
-61.681	-0.741	0.399	-0.002	1501	10910
-54.288	-0.655	0.471	-0.019	1512	10917
-46.473	-0.580	0.551	-0.016	1518	10925
-41.116	-0.552	0.631	-0.040	1519	10931
-39.017	-0.569	0.699	-0.069	1523	10938
-40.130	-0.608	0.720	-0.054	1551	10944
-44.553	-0.688	0.699	-0.011	1513	10951
-49.995	-0.752	0.631	0.017	1493	10958
-55.624	-0.809	0.553	0.021	1498	10964
-61.692	-0.845	0.454	0.028	1517	10972
-67.167	-0.857	0.352	0.082	1523	10979
-66.128	-0.787	0.317	0.144	1527	10985
-64.221	-0.717	0.329	0.107	1530	10992
-61.829	-0.616	0.329	0.024	1532	10999
-57.688	-0.539	0.341	-0.009	1496	11005
-53.843	-0.494	0.353	-0.078	1507	11013
-51.078	-0.501	0.383	-0.131	1521	11019
-48.730	-0.521	0.421	-0.180	1528	11026
-48.609	-0.541	0.452	-0.151	1527	11033
-50.198	-0.594	0.475	-0.140	1531	11039
-55.329	-0.640	0.430	-0.105	1551	11046
-62.844	-0.679	0.348	-0.019	1558	11054
-72.568	-0.684	0.207	0.057	1554	11060
-78.669	-0.679	0.111	0.078	1551	11067
-84.303	-0.646	-0.055	0.034	1555	11074
-73.043	-0.562	-0.168	0.033	1547	11080
-55.080	-0.405	-0.267	0.095	1535	11087
-28.856	-0.192	-0.292	0.191	1526	11094
-8.420	-0.043	-0.229	0.178	1521	11101
55.446	0.065	-0.022	0.039	1520	11108
22.784	0.134	0.266	-0.176	1513	11114
9.079	0.136	0.764	-0.372	1505	11121
1.090	0.024	1.205	-0.439	1503	11127
-6.430	-0.187	1.640	-0.226	1499	11134
-16.931	-0.582	1.909	0.104	1491	11142
-25.957	-1.002	1.999	0.490	1481	11148
-30.987	-1.282	1.999	0.750	1474	11155
-32.701	-1.375	1.952	0.881	1466	11161
-29.575	-1.169	1.864	0.876	1459	11168
-20.890	-0.760	1.886	0.638	1453	11175
-13.528	-0.466	1.891	0.417	1452	11182
-4.936	-0.174	1.999	0.235	1451	11189
-3.566	-0.125	1.999	0.163	1451	11195
-0.280	-0.010	1.999	0.074	1450	11202
0.613	0.021	1.999	0.192	1448	11208
0.335	0.012	1.999	0.141	1442	11215
-3.909	-0.132	1.918	0.208	1435	11223
-6.768	-0.208	1.736	0.239	1434	11229
-9.338	-0.246	1.482	0.205	1437	11236
-10.340	-0.241	1.307	0.201	1442	11242
-10.806	-0.192	0.996	0.154	1442	11249
-6.062	-0.090	0.844	0.062	1444	11255
0.490	0.007	0.798	-0.033	1447	11262
7.916	0.080	0.573	-0.056	1447	11270
15.076	0.152	0.562	-0.067	1449	11276
4.132	0.053	0.725	-0.088	1453	11283
-0.705	-0.010	0.792	0.051	1457	11289
-7.356	-0.142	1.088	0.140	1459	11296
-16.462	-0.309	1.024	0.203	1458	11302
-17.942	-0.350	1.062	0.197	1454	11310
-21.245	-0.427	1.088	0.146	1450	11317
-22.513	-0.454	1.090	0.112	1446	11323
-24.036	-0.483	1.081	0.078	1447	11330
-24.519	-0.493	1.079	0.067	1453	11337
-24.469	-0.490	1.075	0.066	1460	11343
-23.180	-0.459	1.071	0.036	1468	11351
-21.549	-0.424	1.073	0.009	1477	11357
-20.135	-0.396	1.078	-0.036	1485	11364
-19.448	-0.380	1.075	-0.037	1492	11371
-20.361	-0.396	1.068	0.002	1499	11377
-21.753	-0.403	1.011	0.006	1503	11384
-24.072	-0.437	0.977	0.034	1506	11390
-25.901	-0.463	0.950	0.076	1510	11398
-28.170	-0.503	0.937	0.070	1512	11405
-29.190	-0.528	0.944	0.051	1512	11411
-29.884	-0.546	0.949	0.037	1512	11418
-29.703	-0.548	0.960	0.028	1511	11424
-29.820	-0.549	0.957	0.031	1510	11431
-28.702	-0.521	0.952	0.022	1509	11439
-27.750	-0.499	0.948	0.021	1508	11445
-26.018	-0.462	0.946	0.007	1507	11452
-24.430	-0.422	0.929	-0.005	1505	11458
-22.447	-0.381	0.922	0.004	1504	11465
-21.969	-0.367	0.910	-0.014	1503	11472
-21.432	-0.360	0.918	-0.007	1503	11479
-20.932	-0.354	0.927	0.001	1502	11486
-21.148	-0.362	0.937	0.011	1502	11492
-21.323	-0.365	0.936	0.015	1502	11499
-21.870	-0.369	0.918	0.056	1503	11506
-19.110	-0.336	0.969	0.040	1505	11512
-17.243	-0.309	0.993	0.047	1507	11520
-17.974	-0.309	0.949	0.062	1510	11526
-16.875	-0.291	0.956	0.079	1513	11533
-16.586	-0.289	0.967	0.085	1516	11540
-15.164	-0.264	0.970	0.078	1519	11546
-15.133	-0.264	0.973	0.067	1521	11553
-15.004	-0.265	0.985	0.063	1523	11559
-15.736	-0.280	0.993	0.056	1525	11567
-16.405	-0.292	0.990	0.056	1526	11574
-16.915	-0.298	0.979	0.042	1527	11580
-18.148	-0.316	0.965	0.030	1527	11587
-18.767	-0.323	0.951	0.018	1527	11593
-19.600	-0.330	0.927	0.021	1527	11600
-19.978	-0.328	0.902	0.021	1526	11608
-20.014	-0.329	0.903	0.018	1525	11614
-19.938	-0.329	0.907	0.005	1524	11621
-20.359	-0.345	0.929	-0.021	1522	11627
-20.199	-0.354	0.960	-0.042	1520	11634
-20.643	-0.369	0.977	-0.080	1518	11641
-20.870	-0.384	1.003	-0.086	1515	11648
-21.366	-0.397	1.012	-0.093	1513	11655
-21.926	-0.404	1.001	-0.083	1511	11661
-21.860	-0.402	1.001	-0.062	1511	11668
-22.184	-0.399	0.978	-0.063	1511	11675
-21.872	-0.385	0.957	-0.053	1511	11681
-21.585	-0.374	0.944	-0.045	1511	11688
-21.014	-0.356	0.927	-0.046	1511	11696
-20.182	-0.337	0.915	-0.054	1511	11702
-20.065	-0.332	0.907	-0.058	1511	11709
-20.522	-0.336	0.895	-0.072	1511	11715
-20.555	-0.335	0.889	-0.091	1511	11722
-20.692	-0.340	0.895	-0.097	1511	11729
-21.294	-0.344	0.876	-0.103	1510	11736
-21.221	-0.344	0.880	-0.098	1509	11743
-21.318	-0.344	0.875	-0.102	1508	11749
-21.869	-0.351	0.869	-0.087	1509	11756
-21.482	-0.344	0.869	-0.087	1509	11763
-21.420	-0.344	0.871	-0.095	1507	11769
-20.679	-0.340	0.895	-0.103	1506	11777
-20.224	-0.336	0.904	-0.117	1504	11783
-19.694	-0.330	0.910	-0.148	1502	11790
-19.186	-0.327	0.927	-0.158	1501	11797
-18.463	-0.315	0.930	-0.168	1500	11803
-17.913	-0.311	0.946	-0.166	1499	11810
-17.353	-0.300	0.946	-0.158	1499	11817
-16.882	-0.291	0.946	-0.155	1499	11824
-16.751	-0.289	0.947	-0.158	1498	11831
-16.756	-0.288	0.944	-0.154	1499	11837
-17.231	-0.295	0.938	-0.153	1499	11844
-17.590	-0.298	0.926	-0.160	1499	11851
-19.354	-0.321	0.900	-0.161	1499	11857
-20.006	-0.329	0.891	-0.154	1498	11865
-21.080	-0.343	0.877	-0.147	1497	11871
-21.562	-0.346	0.862	-0.147	1497	11878
-21.657	-0.350	0.868	-0.146	1496	11885
-21.211	-0.340	0.862	-0.152	1494	11891
-20.523	-0.329	0.866	-0.150	1493	11898
-19.589	-0.318	0.878	-0.172	1491	11906
-18.748	-0.310	0.893	-0.187	1491	11912
-18.220	-0.303	0.894	-0.218	1490	11919
-18.227	-0.304	0.896	-0.221	1489	11925
-17.953	-0.302	0.904	-0.223	1489	11932
-18.664	-0.312	0.899	-0.217	1489	11939
-19.370	-0.329	0.910	-0.219	1489	11945
-19.447	-0.334	0.922	-0.212	1488	11953
-19.412	-0.338	0.938	-0.201	1488	11959
-18.826	-0.329	0.945	-0.195	1487	11966
-18.357	-0.322	0.952	-0.191	1487	11973
-18.090	-0.317	0.952	-0.193	1487	11979
-17.909	-0.317	0.964	-0.188	1486	11986
-17.541	-0.312	0.965	-0.201	1486	11993
-17.074	-0.303	0.964	-0.206	1486	12000
-17.230	-0.305	0.960	-0.209	1486	12007
-17.119	-0.300	0.948	-0.220	1486	12013
-17.652	-0.308	0.941	-0.220	1486	12020
-18.091	-0.314	0.936	-0.227	1486	12026
-18.564	-0.320	0.930	-0.213	1485	12034
-18.642	-0.320	0.926	-0.211	1485	12041
-18.728	-0.323	0.929	-0.216	1485	12047
-18.633	-0.321	0.930	-0.209	1485	12054
-18.657	-0.320	0.926	-0.207	1487	12061
-18.661	-0.320	0.926	-0.206	1487	12067
-18.238	-0.313	0.929	-0.206	1487	12075
-17.982	-0.310	0.935	-0.190	1487	12081
-17.145	-0.296	0.939	-0.193	1486	12088
-16.472	-0.287	0.951	-0.195	1485	12095
-16.096	-0.280	0.950	-0.201	1485	12101
-15.945	-0.280	0.958	-0.211	1484	12108
-15.654	-0.276	0.964	-0.209	1483	12114
-16.103	-0.285	0.964	-0.216	1483	12122
-16.143	-0.284	0.958	-0.215	1482	12129
-17.313	-0.306	0.960	-0.200	1481	12135
-18.007	-0.313	0.943	-0.200	1481	12142
-18.191	-0.319	0.952	-0.194	1480	12148
-18.203	-0.319	0.949	-0.205	1480	12155
-18.446	-0.320	0.939	-0.199	1480	12163
-18.721	-0.323	0.934	-0.195	1480	12169
-18.583	-0.319	0.927	-0.208	1480	12176
-18.423	-0.317	0.929	-0.213	1481	12183
-18.623	-0.318	0.921	-0.211	1481	12189
-18.384	-0.311	0.908	-0.220	1481	12196
-18.610	-0.312	0.898	-0.221	1482	12203
-18.864	-0.318	0.903	-0.229	1482	12210
-19.209	-0.323	0.899	-0.228	1482	12217
-19.459	-0.328	0.902	-0.220	1482	12223
-19.554	-0.329	0.900	-0.219	1482	12230
-19.687	-0.328	0.895	-0.202	1483	12236
-19.948	-0.331	0.892	-0.192	1483	12243
-19.443	-0.324	0.897	-0.195	1483	12251
-19.150	-0.320	0.902	-0.191	1483	12257
-18.927	-0.315	0.900	-0.188	1483	12264
-18.726	-0.309	0.891	-0.188	1483	12270
-18.580	-0.307	0.894	-0.184	1483	12277
-18.976	-0.311	0.883	-0.190	1483	12284
-19.104	-0.312	0.880	-0.187	1483	12291
-18.994	-0.310	0.882	-0.177	1483	12298
-19.629	-0.319	0.878	-0.176	1483	12305
-19.699	-0.320	0.879	-0.167	1483	12311
-20.142	-0.329	0.880	-0.176	1483	12318
-20.043	-0.328	0.881	-0.182	1484	12324
-20.058	-0.328	0.879	-0.187	1484	12332
-20.119	-0.334	0.892	-0.190	1484	12339
-19.663	-0.326	0.894	-0.187	1484	12345
-19.448	-0.321	0.892	-0.182	1483	12352
-18.735	-0.312	0.903	-0.182	1483	12358
-18.366	-0.308	0.908	-0.184	1483	12365
-18.392	-0.312	0.920	-0.192	1484	12372
-17.940	-0.308	0.931	-0.191	1484	12379
-18.204	-0.314	0.935	-0.202	1483	12386
-18.207	-0.313	0.933	-0.196	1483	12392
-18.545	-0.324	0.945	-0.201	1483	12399
-18.501	-0.324	0.948	-0.199	1484	12406
-19.096	-0.334	0.944	-0.197	1484	12412
-18.675	-0.328	0.951	-0.194	1484	12420
-19.260	-0.339	0.947	-0.208	1484	12426
-18.753	-0.331	0.954	-0.201	1485	12433
-18.266	-0.322	0.956	-0.198	1485	12440
-18.099	-0.318	0.955	-0.191	1484	12446
-17.477	-0.307	0.955	-0.190	1484	12453
-17.400	-0.307	0.960	-0.189	1484	12461
-17.040	-0.298	0.952	-0.194	1485	12467
-17.163	-0.302	0.955	-0.206	1485	12474
-16.992	-0.297	0.949	-0.207	1485	12480
-17.238	-0.300	0.941	-0.218	1485	12487
-17.868	-0.309	0.933	-0.216	1486	12494
-18.316	-0.313	0.924	-0.208	1486	12500
-18.693	-0.318	0.917	-0.211	1486	12508
-18.540	-0.314	0.914	-0.209	1487	12514
-18.546	-0.316	0.920	-0.208	1487	12521
-18.124	-0.310	0.920	-0.220	1487	12528
-17.663	-0.305	0.933	-0.214	1487	12534
-17.411	-0.304	0.944	-0.215	1488	12541
-16.953	-0.298	0.951	-0.224	1488	12548
-17.061	-0.299	0.946	-0.229	1488	12555
-17.475	-0.304	0.937	-0.231	1488	12562
-18.314	-0.316	0.928	-0.230	1488	12568
-18.595	-0.318	0.920	-0.222	1488	12575
-18.953	-0.322	0.912	-0.221	1488	12582
-19.140	-0.323	0.906	-0.215	1487	12589
-19.535	-0.327	0.899	-0.203	1487	12596
-19.830	-0.331	0.896	-0.202	1487	12602
-19.757	-0.330	0.896	-0.202	1487	12609
-19.776	-0.333	0.904	-0.200	1487	12616
-20.234	-0.340	0.898	-0.207	1487	12622
-20.207	-0.344	0.911	-0.205	1487	12630
-19.984	-0.338	0.906	-0.205	1487	12636
-19.631	-0.336	0.917	-0.215	1487	12643
-19.711	-0.338	0.920	-0.208	1487	12650
-18.954	-0.326	0.926	-0.212	1487	12656
-18.804	-0.324	0.929	-0.210	1487	12663
-18.244	-0.319	0.945	-0.212	1487	12669
-18.199	-0.318	0.945	-0.210	1486	12677
-18.085	-0.316	0.946	-0.208	1487	12684
-18.221	-0.319	0.947	-0.209	1487	12690
-17.681	-0.309	0.946	-0.204	1487	12697
-17.915	-0.312	0.942	-0.201	1487	12703
-17.620	-0.304	0.938	-0.188	1487	12710
-17.622	-0.304	0.936	-0.197	1487	12718
-18.132	-0.310	0.926	-0.191	1487	12724
-17.572	-0.301	0.930	-0.194	1487	12731
-18.220	-0.313	0.932	-0.197	1487	12738
-17.953	-0.313	0.945	-0.206	1488	12744
-18.051	-0.314	0.942	-0.207	1488	12751
-18.251	-0.318	0.941	-0.214	1488	12758
-18.718	-0.328	0.943	-0.219	1488	12765
-19.350	-0.338	0.937	-0.221	1489	12772
-19.844	-0.348	0.937	-0.226	1488	12778
-20.525	-0.356	0.928	-0.214	1488	12785
-20.705	-0.357	0.921	-0.215	1488	12791
-21.135	-0.363	0.916	-0.210	1488	12798
-21.195	-0.359	0.903	-0.207	1488	12806
-21.216	-0.357	0.896	-0.210	1488	12812
-21.165	-0.356	0.895	-0.218	1488	12819
-21.428	-0.359	0.890	-0.217	1488	12825
-21.879	-0.362	0.877	-0.212	1488	12832
-21.952	-0.362	0.874	-0.210	1489	12839
-22.212	-0.364	0.868	-0.205	1489	12846
-22.606	-0.367	0.857	-0.206	1488	12853
-22.338	-0.366	0.869	-0.197	1488	12859
-22.140	-0.359	0.859	-0.204	1487	12866
-21.705	-0.352	0.861	-0.195	1487	12873
-20.935	-0.340	0.865	-0.201	1487	12879
-20.413	-0.332	0.870	-0.197	1487	12887
-20.125	-0.325	0.865	-0.197	1487	12894
-19.886	-0.322	0.870	-0.191	1487	12900
-19.604	-0.317	0.870	-0.192	1487	12907
-19.864	-0.320	0.865	-0.193	1486	12913
-20.172	-0.326	0.867	-0.190	1487	12920
-20.309	-0.328	0.867	-0.185	1486	12928
-20.381	-0.330	0.871	-0.175	1486	12934
