-80.033	-0.979	-0.067	-0.158	1505	22
-80.047	-0.981	-0.070	-0.157	1505	28
-79.937	-0.983	-0.069	-0.160	1505	35
-80.209	-0.980	-0.063	-0.157	1505	41
-80.418	-0.981	-0.067	-0.151	1505	49
-80.312	-0.980	-0.069	-0.152	1505	55
-80.169	-0.979	-0.070	-0.154	1505	62
-79.890	-0.977	-0.068	-0.160	1505	68
-80.269	-0.979	-0.066	-0.154	1505	75
-80.096	-0.978	-0.066	-0.157	1505	81
-80.211	-0.980	-0.069	-0.154	1505	89
-80.157	-0.979	-0.066	-0.156	1505	95
-80.017	-0.989	-0.068	-0.160	1505	102
-79.916	-0.979	-0.070	-0.159	1505	109
-80.693	-0.984	-0.065	-0.147	1505	115
-80.338	-0.981	-0.066	-0.153	1505	122
-80.283	-0.979	-0.072	-0.151	1505	129
-79.915	-0.976	-0.071	-0.158	1505	136
-79.760	-0.978	-0.072	-0.161	1505	142
-80.049	-0.979	-0.073	-0.155	1505	149
-80.173	-0.979	-0.068	-0.155	1505	155
-80.061	-0.979	-0.075	-0.154	1505	162
-80.262	-0.977	-0.065	-0.154	1505	169
-79.890	-0.981	-0.063	-0.163	1505	176
-80.449	-0.977	-0.068	-0.149	1505	183
-79.931	-0.981	-0.066	-0.161	1505	189
-80.239	-0.980	-0.070	-0.153	1505	196
-80.061	-0.982	-0.072	-0.156	1505	202
-79.746	-0.978	-0.068	-0.163	1505	209
-79.479	-0.974	-0.064	-0.169	1505	216
-80.250	-0.979	-0.060	-0.157	1505	223
-80.179	-0.976	-0.066	-0.155	1505	230
-80.253	-0.982	-0.068	-0.154	1505	236
-80.340	-0.983	-0.063	-0.155	1505	243
-80.394	-0.980	-0.063	-0.153	1505	249
-80.642	-0.983	-0.069	-0.146	1505	257
-80.074	-0.980	-0.066	-0.158	1505	263
-80.068	-0.979	-0.070	-0.156	1505	270
-80.233	-0.978	-0.069	-0.153	1505	276
-80.271	-0.978	-0.065	-0.154	1505	283
-80.427	-0.979	-0.068	-0.150	1505	290
-80.566	-0.983	-0.062	-0.151	1505	296
-80.283	-0.979	-0.072	-0.151	1505	304
-80.207	-0.982	-0.070	-0.154	1505	310
-79.960	-0.982	-0.072	-0.158	1505	317
-80.408	-0.982	-0.070	-0.150	1505	323
-80.125	-0.980	-0.066	-0.157	1505	330
-80.234	-0.979	-0.076	-0.150	1505	336
-80.114	-0.982	-0.074	-0.154	1505	344
-80.349	-0.981	-0.070	-0.151	1505	351
-79.941	-0.980	-0.072	-0.158	1505	357
-80.628	-0.977	-0.069	-0.146	1505	364
-80.154	-0.977	-0.072	-0.153	1505	370
-79.873	-0.976	-0.079	-0.155	1505	377
-79.586	-0.978	-0.087	-0.157	1505	384
-79.833	-0.981	-0.079	-0.157	1505	391
-79.990	-0.982	-0.075	-0.156	1505	397
-79.788	-0.979	-0.080	-0.157	1505	404
-79.737	-0.978	-0.085	-0.155	1505	411
-80.154	-0.981	-0.074	-0.153	1505	417
-80.115	-0.978	-0.074	-0.153	1505	424
-80.241	-0.976	-0.070	-0.152	1505	431
-80.031	-0.977	-0.075	-0.154	1505	438
-80.308	-0.979	-0.077	-0.148	1505	444
-80.099	-0.983	-0.079	-0.152	1505	451
-79.834	-0.979	-0.074	-0.159	1504	457
-79.532	-0.975	-0.074	-0.164	1504	464
-79.861	-0.978	-0.072	-0.159	1504	472
-80.001	-0.975	-0.069	-0.157	1504	478
-80.046	-0.980	-0.078	-0.153	1504	485
-79.748	-0.976	-0.078	-0.158	1504	491
-79.818	-0.978	-0.078	-0.157	1504	498
-80.211	-0.980	-0.069	-0.154	1504	504
-80.020	-0.977	-0.069	-0.157	1504	512
-79.923	-0.981	-0.071	-0.159	1504	518
-79.794	-0.981	-0.070	-0.162	1504	525
-80.115	-0.980	-0.071	-0.155	1504	532
-80.207	-0.982	-0.070	-0.154	1504	538
-79.657	-0.977	-0.076	-0.161	1504	545
-79.882	-0.975	-0.072	-0.158	1504	551
-79.833	-0.977	-0.077	-0.157	1504	559
-79.898	-0.979	-0.073	-0.158	1504	565
-79.724	-0.980	-0.081	-0.158	1504	572
-79.969	-0.976	-0.073	-0.156	1504	578
-79.557	-0.978	-0.072	-0.165	1504	585
-79.881	-0.979	-0.072	-0.159	1504	592
-80.023	-0.974	-0.072	-0.155	1504	599
-80.546	-0.977	-0.066	-0.148	1504	606
-79.968	-0.981	-0.069	-0.159	1504	612
-79.990	-0.981	-0.068	-0.159	1504	619
-80.024	-0.981	-0.071	-0.157	1504	625
-79.874	-0.984	-0.070	-0.161	1504	632
-79.982	-0.981	-0.066	-0.160	1504	638
-79.974	-0.976	-0.066	-0.159	1504	646
-79.921	-0.976	-0.075	-0.156	1504	653
-79.895	-0.976	-0.074	-0.157	1504	659
-79.931	-0.977	-0.075	-0.156	1504	666
-80.511	-0.975	-0.073	-0.146	1504	672
-80.187	-0.978	-0.071	-0.153	1504	679
-79.954	-0.979	-0.071	-0.158	1504	686
-79.993	-0.985	-0.074	-0.157	1503	693
-79.759	-0.981	-0.080	-0.158	1503	699
-79.763	-0.979	-0.077	-0.159	1504	706
-80.000	-0.983	-0.075	-0.156	1504	713
-79.789	-0.989	-0.078	-0.160	1504	719
-79.985	-0.979	-0.074	-0.156	1504	727
-80.180	-0.977	-0.077	-0.150	1504	733
-80.411	-0.982	-0.072	-0.149	1504	740
-79.837	-0.975	-0.076	-0.157	1504	746
-79.743	-0.978	-0.077	-0.159	1504	753
-79.962	-0.975	-0.075	-0.155	1504	759
-79.946	-0.980	-0.076	-0.156	1504	766
-80.321	-0.976	-0.073	-0.149	1504	774
-80.299	-0.979	-0.073	-0.150	1504	780
-80.001	-0.981	-0.072	-0.157	1505	787
-79.906	-0.985	-0.069	-0.161	1504	793
-79.329	-0.975	-0.074	-0.168	1505	800
-79.945	-0.976	-0.074	-0.156	1505	806
-80.023	-0.974	-0.072	-0.155	1505	814
-79.703	-0.979	-0.077	-0.160	1505	820
-79.610	-0.977	-0.080	-0.160	1505	827
-79.966	-0.980	-0.083	-0.152	1505	834
-79.969	-0.976	-0.081	-0.152	1505	840
-79.915	-0.978	-0.074	-0.157	1505	847
-80.374	-0.979	-0.074	-0.148	1505	854
-79.535	-0.978	-0.073	-0.165	1505	861
-79.798	-0.976	-0.078	-0.157	1505	867
-79.966	-0.980	-0.083	-0.152	1505	874
-79.942	-0.978	-0.077	-0.155	1505	881
-79.940	-0.978	-0.081	-0.153	1504	887
-79.792	-0.978	-0.081	-0.156	1504	894
-79.733	-0.977	-0.081	-0.157	1504	901
-79.673	-0.980	-0.083	-0.158	1504	908
-79.816	-0.982	-0.082	-0.156	1504	914
-80.050	-0.983	-0.075	-0.155	1504	921
-79.774	-0.979	-0.070	-0.162	1504	927
-80.030	-0.978	-0.069	-0.157	1504	934
-80.218	-0.977	-0.067	-0.154	1504	942
-80.061	-0.976	-0.069	-0.156	1504	948
-79.674	-0.976	-0.079	-0.159	1504	955
-79.825	-0.974	-0.074	-0.158	1503	961
-79.785	-0.975	-0.074	-0.159	1504	968
-80.062	-0.975	-0.077	-0.152	1503	974
-79.897	-0.979	-0.083	-0.153	1503	982
-79.979	-0.977	-0.081	-0.152	1503	988
-79.999	-0.979	-0.073	-0.156	1503	995
-79.995	-0.980	-0.080	-0.153	1503	1002
-79.679	-0.988	-0.084	-0.159	1503	1008
-80.208	-0.984	-0.077	-0.151	1503	1015
-80.318	-0.980	-0.073	-0.150	1503	1021
-79.794	-0.980	-0.074	-0.160	1503	1029
-79.246	-0.980	-0.076	-0.170	1503	1036
-79.188	-0.975	-0.078	-0.169	1503	1042
-79.434	-0.977	-0.085	-0.161	1503	1049
-79.491	-0.973	-0.085	-0.159	1503	1055
-80.038	-0.978	-0.081	-0.151	1503	1062
-79.630	-0.979	-0.080	-0.160	1503	1070
-79.841	-0.978	-0.081	-0.155	1503	1076
-79.653	-0.979	-0.077	-0.161	1503	1083
-79.887	-0.979	-0.080	-0.155	1502	1089
-79.872	-0.983	-0.084	-0.154	1502	1096
-79.782	-0.977	-0.081	-0.156	1502	1103
-79.609	-0.977	-0.078	-0.161	1502	1110
-79.788	-0.979	-0.080	-0.157	1502	1117
-79.774	-0.980	-0.079	-0.158	1502	1123
-79.488	-0.979	-0.086	-0.160	1502	1130
-79.635	-0.984	-0.086	-0.158	1502	1137
-79.436	-0.978	-0.089	-0.159	1502	1143
-79.594	-0.981	-0.090	-0.156	1502	1150
-79.502	-0.983	-0.087	-0.160	1503	1157
-79.533	-0.986	-0.087	-0.160	1503	1164
-80.068	-0.990	-0.075	-0.156	1503	1171
-79.988	-0.986	-0.068	-0.160	1503	1177
-80.581	-0.979	-0.062	-0.150	1503	1184
-80.560	-0.986	-0.050	-0.156	1503	1190
-80.232	-0.979	-0.056	-0.159	1503	1198
-80.136	-0.972	-0.057	-0.159	1503	1205
-79.450	-0.972	-0.074	-0.165	1503	1211
-79.669	-0.974	-0.072	-0.162	1503	1218
-79.891	-0.978	-0.081	-0.154	1503	1225
-79.742	-0.979	-0.087	-0.154	1503	1231
-79.740	-0.984	-0.080	-0.159	1503	1239
-79.050	-0.978	-0.087	-0.168	1503	1245
-79.339	-0.981	-0.085	-0.164	1503	1252
-79.272	-0.982	-0.078	-0.169	1503	1259
-79.767	-0.982	-0.076	-0.160	1503	1265
-79.477	-0.981	-0.089	-0.159	1503	1272
-79.183	-0.981	-0.091	-0.164	1503	1278
-79.781	-0.974	-0.089	-0.151	1503	1286
-79.571	-0.975	-0.090	-0.155	1503	1293
-79.722	-0.971	-0.090	-0.151	1503	1299
-79.626	-0.964	-0.080	-0.157	1503	1306
-79.580	-0.970	-0.086	-0.156	1503	1312
-79.575	-0.976	-0.081	-0.160	1503	1319
-79.562	-0.973	-0.074	-0.163	1503	1327
-80.017	-0.979	-0.070	-0.157	1503	1333
-80.327	-0.984	-0.070	-0.152	1503	1340
-80.286	-0.987	-0.075	-0.151	1503	1346
-80.171	-0.984	-0.068	-0.156	1503	1353
-79.585	-0.978	-0.073	-0.164	1503	1360
-80.028	-0.982	-0.069	-0.158	1503	1367
-79.807	-0.979	-0.073	-0.160	1503	1374
-80.161	-0.982	-0.072	-0.154	1503	1380
-80.448	-0.981	-0.078	-0.146	1503	1387
-80.151	-0.981	-0.080	-0.150	1503	1394
-80.163	-0.987	-0.076	-0.153	1503	1400
-79.953	-0.977	-0.082	-0.152	1503	1408
-79.940	-0.982	-0.075	-0.157	1503	1414
-80.335	-0.978	-0.079	-0.146	1503	1421
-80.041	-0.978	-0.075	-0.154	1503	1428
-80.086	-0.975	-0.074	-0.153	1503	1434
-79.648	-0.977	-0.072	-0.163	1503	1441
-79.510	-0.979	-0.075	-0.165	1503	1448
-80.122	-0.977	-0.069	-0.155	1503	1455
-80.118	-0.978	-0.065	-0.157	1503	1462
-80.071	-0.977	-0.069	-0.156	1503	1468
-79.758	-0.977	-0.067	-0.163	1503	1475
-79.704	-0.980	-0.069	-0.164	1503	1482
-79.553	-0.981	-0.074	-0.165	1503	1488
-79.623	-0.976	-0.083	-0.158	1503	1496
-79.774	-0.972	-0.085	-0.153	1503	1502
-79.424	-0.976	-0.085	-0.161	1503	1509
-79.722	-0.971	-0.081	-0.156	1503	1516
-79.361	-0.976	-0.091	-0.159	1503	1522
-79.357	-0.979	-0.096	-0.157	1504	1529
-79.699	-0.984	-0.089	-0.155	1504	1536
-79.273	-0.981	-0.093	-0.161	1503	1543
-79.533	-0.988	-0.084	-0.162	1503	1550
-79.684	-0.994	-0.074	-0.165	1503	1556
-79.804	-0.994	-0.066	-0.166	1503	1563
-80.374	-0.991	-0.064	-0.155	1503	1569
-79.787	-0.987	-0.056	-0.169	1503	1576
-79.420	-0.976	-0.055	-0.174	1503	1584
-79.591	-0.974	-0.053	-0.171	1503	1590
-79.320	-0.969	-0.050	-0.176	1503	1597
-79.353	-0.970	-0.052	-0.175	1503	1604
-79.037	-0.968	-0.057	-0.179	1503	1610
-79.049	-0.969	-0.060	-0.178	1503	1617
-78.969	-0.970	-0.056	-0.181	1503	1624
-79.436	-0.969	-0.056	-0.172	1503	1631
-79.500	-0.966	-0.064	-0.167	1503	1638
-78.923	-0.973	-0.068	-0.178	1503	1644
-78.842	-0.975	-0.073	-0.178	1503	1651
-79.001	-0.976	-0.080	-0.172	1503	1657
-78.720	-0.976	-0.072	-0.181	1503	1665
-79.711	-0.980	-0.071	-0.163	1503	1672
-79.262	-0.980	-0.073	-0.171	1503	1678
-79.601	-0.978	-0.070	-0.165	1503	1685
-79.397	-0.978	-0.070	-0.169	1503	1691
-79.555	-0.975	-0.073	-0.164	1503	1698
-78.555	-0.974	-0.074	-0.183	1503	1705
-78.991	-0.978	-0.077	-0.174	1503	1712
-78.829	-0.974	-0.080	-0.175	1503	1719
-79.473	-0.982	-0.082	-0.163	1503	1725
-79.338	-0.975	-0.078	-0.166	1503	1732
-79.500	-0.979	-0.087	-0.159	1503	1739
-79.546	-0.983	-0.073	-0.166	1503	1745
-79.650	-0.979	-0.071	-0.164	1503	1753
-79.785	-0.983	-0.069	-0.163	1503	1760
-80.265	-0.976	-0.063	-0.155	1503	1766
-79.845	-0.973	-0.059	-0.164	1503	1773
-79.997	-0.969	-0.060	-0.160	1503	1779
-80.114	-0.968	-0.063	-0.156	1503	1786
-79.742	-0.973	-0.081	-0.156	1503	1794
-79.389	-0.983	-0.093	-0.159	1503	1800
-79.766	-0.983	-0.093	-0.151	1503	1807
-79.398	-0.994	-0.103	-0.155	1503	1813
-79.489	-0.991	-0.102	-0.153	1503	1820
-79.448	-0.998	-0.098	-0.158	1503	1827
-79.617	-0.989	-0.097	-0.153	1503	1833
-79.878	-0.982	-0.087	-0.152	1503	1841
-79.997	-0.977	-0.084	-0.150	1503	1847
-80.087	-0.973	-0.081	-0.149	1503	1854
-79.957	-0.972	-0.078	-0.153	1503	1861
-80.139	-0.971	-0.082	-0.147	1502	1867
-80.161	-0.982	-0.080	-0.150	1502	1874
-80.114	-0.982	-0.074	-0.154	1503	1881
-80.572	-0.986	-0.073	-0.146	1503	1888
-80.795	-0.989	-0.061	-0.148	1503	1895
-81.222	-0.991	-0.056	-0.143	1503	1901
-80.581	-0.986	-0.064	-0.150	1503	1908
-80.341	-0.973	-0.055	-0.156	1503	1915
-80.250	-0.971	-0.056	-0.157	1503	1922
-80.226	-0.971	-0.060	-0.156	1503	1929
-80.598	-0.976	-0.054	-0.152	1503	1935
-80.403	-0.978	-0.057	-0.155	1503	1942
-80.654	-0.981	-0.054	-0.152	1503	1949
-80.936	-0.989	-0.051	-0.149	1503	1955
-80.732	-0.986	-0.055	-0.151	1503	1963
-81.092	-0.993	-0.063	-0.143	1503	1969
-80.892	-0.986	-0.068	-0.143	1503	1976
-80.840	-0.980	-0.072	-0.141	1503	1983
-80.603	-0.982	-0.078	-0.143	1503	1989
-80.236	-0.976	-0.082	-0.146	1503	1996
-79.635	-0.978	-0.087	-0.156	1503	2002
-79.813	-0.980	-0.092	-0.150	1503	2010
-79.716	-0.978	-0.091	-0.152	1503	2017
-79.515	-0.979	-0.090	-0.157	1503	2023
-80.022	-0.981	-0.090	-0.147	1503	2030
-79.698	-0.979	-0.094	-0.151	1503	2036
-79.767	-0.984	-0.090	-0.153	1503	2043
-79.984	-0.988	-0.087	-0.151	1503	2051
-79.700	-0.991	-0.088	-0.157	1503	2057
-79.761	-0.994	-0.085	-0.158	1503	2064
-79.511	-0.989	-0.089	-0.160	1503	2070
-79.769	-0.991	-0.089	-0.155	1503	2077
-79.712	-0.986	-0.091	-0.154	1503	2084
-79.706	-0.977	-0.091	-0.152	1503	2091
-79.679	-0.979	-0.091	-0.153	1503	2098
-79.922	-0.975	-0.086	-0.150	1503	2104
-80.450	-0.975	-0.086	-0.140	1503	2111
-80.085	-0.969	-0.085	-0.146	1502	2118
-80.398	-0.972	-0.080	-0.144	1503	2124
-80.078	-0.969	-0.076	-0.151	1502	2131
-80.369	-0.971	-0.069	-0.149	1503	2138
-80.222	-0.968	-0.056	-0.157	1503	2145
-80.172	-0.970	-0.054	-0.159	1503	2152
-80.426	-0.973	-0.047	-0.157	1503	2158
-80.517	-0.981	-0.043	-0.158	1503	2165
-80.830	-0.982	-0.032	-0.155	1503	2172
-80.929	-0.987	-0.032	-0.154	1503	2179
-80.560	-0.995	-0.021	-0.164	1503	2186
-80.411	-0.994	-0.025	-0.166	1503	2192
-80.433	-0.995	-0.016	-0.167	1503	2199
-80.241	-0.995	-0.021	-0.170	1503	2206
-80.921	-0.993	-0.013	-0.158	1503	2212
-79.991	-0.983	-0.016	-0.173	1503	2220
-79.634	-0.978	-0.020	-0.178	1503	2226
-79.568	-0.972	-0.033	-0.176	1503	2233
-79.981	-0.971	-0.039	-0.167	1503	2240
-79.465	-0.966	-0.049	-0.173	1503	2246
-79.883	-0.975	-0.052	-0.166	1503	2253
-79.343	-0.979	-0.049	-0.178	1503	2259
-80.123	-0.981	-0.060	-0.160	1503	2267
-80.167	-0.975	-0.054	-0.160	1503	2274
-79.624	-0.981	-0.066	-0.167	1503	2280
-80.187	-0.982	-0.064	-0.157	1503	2287
-79.647	-0.982	-0.061	-0.169	1503	2293
-80.044	-0.980	-0.065	-0.159	1503	2300
-79.785	-0.976	-0.070	-0.161	1503	2308
-79.851	-0.977	-0.065	-0.162	1503	2314
-79.854	-0.972	-0.058	-0.164	1503	2321
-79.780	-0.983	-0.060	-0.167	1503	2327
-79.716	-0.980	-0.066	-0.165	1503	2334
-79.643	-0.986	-0.065	-0.168	1503	2341
-79.613	-0.977	-0.069	-0.165	1502	2348
-79.929	-0.985	-0.063	-0.163	1503	2355
-80.002	-0.978	-0.056	-0.163	1503	2361
-79.754	-0.981	-0.044	-0.172	1502	2368
-79.674	-0.984	-0.048	-0.173	1502	2375
-80.120	-0.983	-0.038	-0.167	1502	2381
-80.038	-0.982	-0.035	-0.169	1502	2388
-80.249	-0.984	-0.037	-0.165	1502	2396
-80.689	-0.985	-0.041	-0.156	1502	2402
-79.742	-0.984	-0.047	-0.172	1503	2409
-79.626	-0.989	-0.051	-0.174	1502	2415
-80.150	-0.980	-0.049	-0.163	1502	2422
-80.161	-0.979	-0.051	-0.162	1503	2429
-80.210	-0.974	-0.054	-0.159	1503	2436
-79.861	-0.978	-0.058	-0.165	1503	2443
-79.681	-0.974	-0.054	-0.169	1503	2449
-80.144	-0.979	-0.052	-0.162	1503	2456
-79.709	-0.975	-0.056	-0.168	1503	2463
-79.668	-0.978	-0.054	-0.170	1503	2469
-79.395	-0.974	-0.063	-0.171	1503	2477
-79.201	-0.976	-0.066	-0.174	1503	2483
-79.288	-0.978	-0.075	-0.169	1502	2490
-79.129	-0.976	-0.083	-0.168	1502	2497
-79.826	-0.979	-0.082	-0.155	1502	2503
-79.302	-0.977	-0.090	-0.161	1502	2510
-79.528	-0.977	-0.087	-0.158	1502	2518
-79.723	-0.975	-0.093	-0.150	1502	2524
-79.566	-0.981	-0.091	-0.156	1502	2531
-80.164	-0.982	-0.087	-0.146	1502	2537
-80.137	-0.990	-0.089	-0.147	1502	2544
-79.938	-0.987	-0.090	-0.150	1502	2551
-79.496	-0.985	-0.088	-0.160	1502	2557
-79.429	-0.981	-0.089	-0.160	1501	2565
-79.377	-0.980	-0.094	-0.158	1502	2571
-79.340	-0.971	-0.095	-0.156	1502	2578
-79.228	-0.976	-0.099	-0.157	1502	2585
-79.587	-0.972	-0.095	-0.151	1502	2591
-79.412	-0.978	-0.095	-0.156	1502	2598
-79.870	-0.981	-0.092	-0.149	1502	2605
-80.000	-0.978	-0.086	-0.149	1502	2612
-80.425	-0.989	-0.078	-0.147	1502	2619
-80.815	-0.980	-0.069	-0.143	1502	2625
-80.508	-0.979	-0.073	-0.146	1502	2632
-80.041	-0.980	-0.072	-0.156	1502	2638
-80.026	-0.977	-0.071	-0.156	1502	2646
-80.128	-0.979	-0.063	-0.158	1502	2653
-80.067	-0.982	-0.058	-0.162	1502	2659
-80.411	-0.984	-0.060	-0.155	1502	2666
-80.431	-0.977	-0.055	-0.155	1502	2672
-80.469	-0.982	-0.056	-0.155	1502	2679
-80.275	-0.980	-0.057	-0.158	1502	2686
-80.250	-0.979	-0.052	-0.160	1502	2693
-80.108	-0.978	-0.053	-0.162	1502	2700
-80.227	-0.976	-0.057	-0.158	1502	2706
-80.177	-0.982	-0.063	-0.158	1502	2713
-79.893	-0.974	-0.054	-0.165	1502	2720
-80.306	-0.976	-0.061	-0.155	1502	2726
-80.629	-0.982	-0.053	-0.153	1502	2734
-80.188	-0.979	-0.065	-0.156	1502	2740
-79.542	-0.980	-0.067	-0.168	1502	2747
-80.218	-0.979	-0.066	-0.155	1502	2754
-79.946	-0.981	-0.070	-0.159	1502	2760
-79.860	-0.977	-0.067	-0.161	1502	2767
-79.827	-0.983	-0.067	-0.163	1502	2774
-79.683	-0.983	-0.069	-0.165	1502	2781
-79.846	-0.983	-0.062	-0.165	1502	2788
-79.417	-0.981	-0.071	-0.169	1502	2794
-79.152	-0.977	-0.069	-0.174	1502	2801
-79.160	-0.984	-0.075	-0.173	1502	2808
-79.467	-0.979	-0.081	-0.163	1502	2814
-79.807	-0.984	-0.073	-0.161	1502	2822
-79.800	-0.981	-0.072	-0.161	1502	2828
-79.711	-0.976	-0.071	-0.162	1502	2835
-79.465	-0.975	-0.079	-0.163	1502	2842
-79.511	-0.977	-0.080	-0.162	1502	2848
-79.108	-0.977	-0.078	-0.171	1502	2855
-79.358	-0.979	-0.081	-0.165	1502	2862
-79.506	-0.978	-0.072	-0.166	1502	2869
-79.769	-0.978	-0.078	-0.158	1502	2876
-79.941	-0.977	-0.068	-0.159	1502	2882
-79.862	-0.976	-0.064	-0.162	1502	2889
-80.281	-0.974	-0.053	-0.158	1502	2895
-80.216	-0.971	-0.055	-0.158	1502	2903
-80.141	-0.976	-0.053	-0.161	1502	2910
-79.792	-0.977	-0.049	-0.169	1502	2916
-79.862	-0.980	-0.047	-0.169	1502	2923
-80.333	-0.980	-0.044	-0.161	1502	2930
-80.297	-0.981	-0.047	-0.161	1503	2936
-80.322	-0.982	-0.046	-0.161	1502	2944
-78.855	-0.978	-0.044	-0.187	1502	2950
-41.835	-1.838	0.468	1.999	1502	2957
-35.271	-2.000	1.999	-2.000	1502	2963
-44.968	-1.129	-0.221	-1.108	1502	2970
-84.432	-1.031	0.064	0.077	1502	2977
-81.532	-1.035	-0.016	0.153	1502	2983
-84.774	-1.012	-0.092	0.012	1502	2991
-78.667	-0.973	-0.101	-0.167	1502	2997
-71.010	-0.881	-0.173	-0.249	1502	3004
-71.832	-0.806	-0.199	-0.174	1502	3011
-76.940	-0.919	-0.119	-0.177	1502	3017
-78.657	-0.990	-0.120	-0.158	1502	3024
-80.269	-0.995	-0.097	-0.141	1502	3031
-80.861	-1.000	-0.078	-0.141	1502	3038
-80.450	-1.011	-0.069	-0.155	1502	3045
-82.377	-1.033	-0.013	-0.138	1502	3051
-82.225	-1.024	-0.008	-0.140	1502	3058
-80.336	-0.998	-0.048	-0.163	1502	3065
-77.660	-0.980	-0.101	-0.189	1502	3072
-76.827	-0.969	-0.129	-0.187	1502	3079
-78.120	-0.958	-0.114	-0.166	1502	3085
-78.968	-0.960	-0.104	-0.155	1502	3092
-79.825	-0.968	-0.092	-0.147	1502	3099
-79.400	-0.975	-0.096	-0.155	1502	3105
-78.930	-0.982	-0.090	-0.170	1502	3112
-79.029	-0.982	-0.088	-0.169	1502	3119
-80.039	-0.983	-0.060	-0.162	1502	3126
-80.786	-0.982	-0.053	-0.150	1502	3133
-80.592	-0.976	-0.045	-0.155	1502	3139
-80.179	-0.971	-0.057	-0.158	1502	3146
-79.815	-0.979	-0.061	-0.165	1502	3152
-80.207	-0.981	-0.065	-0.156	1502	3160
-80.362	-0.981	-0.061	-0.155	1502	3167
-80.327	-0.981	-0.073	-0.150	1502	3173
-80.054	-0.977	-0.080	-0.151	1502	3180
-79.747	-0.976	-0.082	-0.156	1502	3186
-79.007	-0.974	-0.087	-0.168	1502	3193
-78.813	-0.980	-0.088	-0.173	1502	3201
-78.931	-0.976	-0.087	-0.170	1502	3207
-79.380	-0.979	-0.086	-0.162	1502	3214
-79.803	-0.979	-0.079	-0.157	1502	3220
-79.552	-0.974	-0.077	-0.162	1502	3227
-80.057	-0.974	-0.066	-0.157	1502	3234
-79.737	-0.975	-0.067	-0.163	1502	3240
-79.912	-0.978	-0.065	-0.161	1502	3248
-80.068	-0.986	-0.060	-0.162	1502	3254
-79.646	-0.980	-0.060	-0.169	1502	3261
-80.317	-0.986	-0.063	-0.156	1503	3268
-79.611	-0.984	-0.063	-0.169	1502	3274
-79.714	-0.984	-0.068	-0.165	1503	3281
-79.530	-0.979	-0.064	-0.169	1503	3289
-79.263	-0.975	-0.070	-0.171	1502	3295
-79.551	-0.980	-0.069	-0.167	1502	3302
-79.654	-0.981	-0.067	-0.166	1502	3308
-79.842	-0.974	-0.064	-0.162	1502	3315
-79.973	-0.979	-0.063	-0.161	1502	3322
-80.169	-0.978	-0.061	-0.158	1502	3329
-80.098	-0.977	-0.053	-0.162	1502	3336
-80.072	-0.978	-0.052	-0.163	1502	3342
-79.981	-0.982	-0.054	-0.165	1502	3349
-80.276	-0.979	-0.053	-0.159	1502	3356
-80.372	-0.979	-0.051	-0.158	1502	3362
-80.563	-0.986	-0.043	-0.158	1502	3369
-80.536	-0.983	-0.043	-0.158	1501	3376
-80.372	-0.979	-0.051	-0.158	1501	3383
0.281	0.010	-1.092	1.662	1501	3390
-63.347	-2.000	0.927	-0.386	1502	3396
-54.242	-1.611	-0.280	-1.126	1502	3403
-72.738	-1.108	0.021	-0.344	1502	3409
-83.138	-1.161	0.005	0.140	1502	3417
-79.778	-1.122	0.167	0.114	1502	3424
-81.249	-1.027	-0.112	-0.111	1502	3430
-69.829	-0.840	-0.174	-0.255	1502	3437
-65.329	-0.723	-0.192	-0.271	1502	3443
-75.659	-0.833	-0.123	-0.174	1502	3450
-80.427	-0.939	-0.053	-0.149	1502	3458
-80.346	-0.972	-0.066	-0.151	1502	3464
-80.319	-0.976	-0.071	-0.150	1502	3471
-80.932	-1.005	-0.036	-0.156	1502	3477
-82.486	-1.044	-0.001	-0.138	1502	3484
-82.457	-1.043	0.020	-0.137	1502	3491
-81.056	-1.020	-0.010	-0.160	1502	3497
-79.116	-1.006	-0.066	-0.182	1503	3505
-77.409	-0.969	-0.111	-0.186	1503	3511
-77.174	-0.954	-0.119	-0.182	1503	3518
-78.656	-0.955	-0.101	-0.163	1503	3525
-79.285	-0.954	-0.094	-0.154	1502	3531
-79.159	-0.966	-0.091	-0.161	1502	3538
-78.528	-0.970	-0.103	-0.168	1502	3545
-79.031	-0.982	-0.086	-0.170	1502	3552
-79.957	-0.988	-0.068	-0.161	1502	3559
-80.277	-0.985	-0.062	-0.157	1502	3565
-80.588	-0.979	-0.056	-0.152	1502	3572
-80.039	-0.973	-0.064	-0.158	1502	3578
-79.993	-0.976	-0.072	-0.156	1502	3586
-79.397	-0.978	-0.083	-0.163	1502	3593
-79.819	-0.976	-0.083	-0.154	1502	3599
-79.993	-0.984	-0.092	-0.147	1501	3606
-79.415	-0.981	-0.093	-0.158	1502	3613
-79.005	-0.981	-0.106	-0.158	1502	3619
-78.902	-0.979	-0.100	-0.164	1501	3627
-78.651	-0.980	-0.103	-0.168	1501	3633
-79.228	-0.972	-0.089	-0.162	1502	3640
-78.904	-0.969	-0.083	-0.171	1502	3647
-79.249	-0.968	-0.072	-0.169	1502	3653
-79.139	-0.971	-0.069	-0.173	1501	3660
-79.292	-0.976	-0.064	-0.173	1501	3666
-79.974	-0.985	-0.059	-0.164	1501	3674
-80.125	-0.988	-0.058	-0.162	1501	3681
-80.174	-0.986	-0.064	-0.158	1501	3687
-79.826	-0.985	-0.068	-0.163	1501	3694
-79.501	-0.983	-0.075	-0.166	1501	3700
-79.606	-0.979	-0.073	-0.164	1501	3707
-79.787	-0.975	-0.076	-0.158	1501	3715
-79.922	-0.971	-0.079	-0.153	1501	3721
-79.939	-0.971	-0.070	-0.157	1501	3728
-80.150	-0.979	-0.075	-0.152	1501	3734
-79.438	-0.983	-0.071	-0.169	1502	3741
-80.085	-0.979	-0.074	-0.154	1502	3748
-79.960	-0.984	-0.066	-0.161	1502	3755
-80.086	-0.979	-0.076	-0.153	1502	3762
-79.843	-0.985	-0.084	-0.155	1502	3769
-80.163	-0.990	-0.081	-0.151	1502	3775
-79.685	-0.982	-0.087	-0.156	1502	3782
-80.049	-0.987	-0.086	-0.150	1502	3788
-80.335	-0.985	-0.080	-0.147	1502	3795
-80.031	-0.981	-0.077	-0.154	1501	3803
-80.578	-0.987	-0.069	-0.148	1502	3809
-80.545	-0.984	-0.061	-0.152	1502	3816
-80.799	-0.986	-0.045	-0.153	1502	3822
-80.715	-0.980	-0.053	-0.151	1502	3829
-80.295	-0.980	-0.053	-0.159	1502	3836
-80.544	-0.979	-0.047	-0.156	1502	3843
-80.529	-0.976	-0.052	-0.154	1502	3850
-80.556	-0.977	-0.051	-0.154	1502	3856
-80.738	-0.981	-0.046	-0.153	1502	3863
-80.499	-0.977	-0.041	-0.158	1502	3870
-80.797	-0.977	-0.039	-0.153	1502	3876
-80.539	-0.976	-0.045	-0.156	1502	3884
-80.682	-0.975	-0.042	-0.154	1502	3890
-80.312	-0.974	-0.048	-0.159	1502	3897
-80.407	-0.978	-0.051	-0.157	1502	3904
-80.610	-0.979	-0.052	-0.153	1502	3910
-80.775	-0.985	-0.055	-0.150	1502	3917
-80.136	-0.982	-0.064	-0.158	1501	3923
-80.643	-0.984	-0.056	-0.152	1502	3931
-80.491	-0.990	-0.056	-0.156	1502	3938
-80.417	-0.982	-0.056	-0.156	1501	3944
-80.209	-0.982	-0.053	-0.161	1501	3951
-80.472	-0.984	-0.054	-0.156	1501	3957
-80.344	-0.977	-0.051	-0.158	1501	3964
-79.996	-0.974	-0.051	-0.164	1501	3972
-80.018	-0.978	-0.058	-0.162	1501	3978
-79.573	-0.979	-0.054	-0.172	1501	3985
-79.707	-0.979	-0.056	-0.169	1501	3991
-79.835	-0.980	-0.061	-0.165	1502	3998
-79.634	-0.978	-0.059	-0.169	1502	4005
-79.787	-0.983	-0.064	-0.165	1502	4012
-78.967	-0.983	-0.083	-0.173	1501	4019
-78.989	-0.983	-0.090	-0.169	1502	4025
-79.152	-0.974	-0.089	-0.164	1502	4032
-78.423	-0.967	-0.097	-0.173	1502	4039
-78.613	-0.976	-0.104	-0.167	1502	4045
-78.806	-0.975	-0.104	-0.162	1502	4052
-78.878	-0.966	-0.104	-0.159	1502	4060
-79.194	-0.970	-0.098	-0.157	1502	4066
-79.425	-0.971	-0.092	-0.156	1502	4073
-79.436	-0.972	-0.092	-0.156	1502	4079
-78.714	-0.973	-0.101	-0.166	1502	4086
-78.698	-0.975	-0.099	-0.168	1502	4093
-78.441	-0.979	-0.103	-0.172	1502	4100
-78.435	-0.978	-0.117	-0.162	1502	4107
-78.161	-0.976	-0.115	-0.169	1502	4113
-78.279	-0.971	-0.118	-0.163	1503	4120
-78.181	-0.972	-0.120	-0.164	1503	4127
-78.213	-0.969	-0.122	-0.161	1503	4133
-78.022	-0.968	-0.131	-0.158	1503	4141
-77.844	-0.971	-0.131	-0.163	1503	4148
-77.760	-0.965	-0.135	-0.160	1503	4154
-77.777	-0.967	-0.134	-0.161	1503	4161
-77.772	-0.968	-0.138	-0.158	1503	4167
-77.600	-0.974	-0.139	-0.163	1503	4174
-77.772	-0.975	-0.138	-0.160	1503	4182
-77.842	-0.976	-0.134	-0.162	1502	4188
-77.997	-0.980	-0.136	-0.158	1502	4195
-78.339	-0.979	-0.128	-0.156	1502	4201
-78.374	-0.988	-0.120	-0.164	1502	4208
-77.807	-0.984	-0.128	-0.170	1502	4215
-78.299	-0.980	-0.131	-0.155	1502	4221
-78.057	-0.977	-0.133	-0.158	1502	4229
-78.456	-0.976	-0.132	-0.149	1502	4235
-78.383	-0.972	-0.135	-0.147	1502	4242
-77.504	-0.973	-0.147	-0.157	1502	4249
-78.168	-0.973	-0.141	-0.147	1502	4255
-77.455	-0.978	-0.155	-0.152	1502	4262
-77.503	-0.981	-0.152	-0.155	1502	4269
-77.777	-0.979	-0.156	-0.144	1502	4276
-77.807	-0.984	-0.152	-0.148	1502	4283
-77.326	-0.974	-0.158	-0.151	1502	4289
-78.046	-0.979	-0.146	-0.147	1502	4296
-77.690	-0.975	-0.150	-0.150	1502	4303
-77.981	-0.971	-0.152	-0.140	1502	4310
-78.020	-0.975	-0.154	-0.138	1502	4317
-77.993	-0.975	-0.151	-0.142	1501	4323
-78.613	-0.968	-0.144	-0.132	1501	4330
-78.217	-0.977	-0.143	-0.146	1501	4337
-78.783	-0.977	-0.129	-0.145	1501	4343
-79.117	-0.983	-0.123	-0.144	1501	4350
-79.380	-0.985	-0.111	-0.147	1501	4357
-79.804	-0.989	-0.106	-0.143	1501	4364
-80.213	-0.993	-0.101	-0.139	1501	4371
-80.478	-0.988	-0.094	-0.137	1502	4377
-80.516	-0.979	-0.085	-0.140	1502	4384
-80.458	-0.980	-0.086	-0.141	1502	4390
-79.820	-0.976	-0.090	-0.150	1502	4398
-80.175	-0.979	-0.074	-0.152	1502	4405
-79.900	-0.979	-0.062	-0.163	1502	4411
-79.748	-0.979	-0.059	-0.167	1501	4418
-79.890	-0.974	-0.051	-0.166	1501	4424
-79.670	-0.975	-0.041	-0.173	1501	4431
-79.500	-0.975	-0.032	-0.178	1501	4439
-79.301	-0.982	-0.027	-0.184	1501	4445
-79.621	-0.984	-0.030	-0.178	1501	4452
-79.218	-0.978	-0.036	-0.183	1501	4458
-78.759	-0.973	-0.051	-0.187	1501	4465
-78.311	-0.971	-0.069	-0.188	1501	4472
-78.034	-0.963	-0.085	-0.186	1501	4478
-77.410	-0.960	-0.107	-0.186	1501	4486
-77.739	-0.961	-0.117	-0.173	1501	4493
-77.044	-0.969	-0.136	-0.177	1502	4499
-77.392	-0.961	-0.138	-0.165	1501	4506
-77.131	-0.969	-0.141	-0.171	1502	4512
-77.444	-0.970	-0.142	-0.163	1502	4519
-78.184	-0.974	-0.132	-0.155	1502	4527
-78.325	-0.974	-0.128	-0.155	1502	4533
-78.543	-0.974	-0.129	-0.149	1502	4540
-79.230	-0.981	-0.118	-0.145	1502	4546
-79.879	-0.981	-0.104	-0.141	1502	4553
-79.376	-0.986	-0.101	-0.155	1501	4560
-78.955	-0.982	-0.105	-0.160	1502	4567
-79.265	-0.984	-0.104	-0.155	1501	4574
-79.384	-0.988	-0.095	-0.159	1501	4580
-79.476	-0.985	-0.094	-0.157	1501	4587
-79.590	-0.980	-0.088	-0.157	1501	4594
-79.770	-0.976	-0.083	-0.155	1501	4600
-79.773	-0.971	-0.077	-0.157	1501	4608
-79.618	-0.969	-0.072	-0.162	1501	4615
-79.687	-0.973	-0.073	-0.161	1501	4621
-79.724	-0.975	-0.070	-0.162	1501	4628
-79.606	-0.975	-0.073	-0.163	1501	4634
-79.509	-0.985	-0.071	-0.168	1501	4641
-79.269	-0.991	-0.080	-0.170	1501	4648
-80.043	-0.990	-0.080	-0.154	1501	4655
-79.661	-0.996	-0.078	-0.164	1501	4662
-79.785	-0.989	-0.067	-0.165	1501	4668
-79.519	-0.977	-0.059	-0.171	1502	4675
-79.421	-0.975	-0.051	-0.175	1502	4682
-79.308	-0.965	-0.048	-0.176	1501	4688
-79.320	-0.956	-0.048	-0.174	1501	4696
-79.366	-0.954	-0.054	-0.171	1502	4702
-79.407	-0.959	-0.065	-0.167	1501	4709
-79.435	-0.976	-0.072	-0.167	1501	4716
-79.302	-0.974	-0.087	-0.162	1502	4722
-79.234	-0.979	-0.097	-0.159	1501	4729
-79.401	-0.981	-0.100	-0.154	1501	4736
-79.155	-0.979	-0.106	-0.154	1501	4743
-79.209	-0.977	-0.112	-0.148	1501	4750
-79.415	-0.981	-0.110	-0.146	1501	4756
-79.136	-0.981	-0.117	-0.147	1501	4763
-79.657	-0.990	-0.112	-0.142	1501	4770
-80.222	-0.991	-0.107	-0.133	1501	4776
-80.006	-0.991	-0.112	-0.134	1501	4784
-80.151	-0.991	-0.104	-0.137	1501	4790
-80.028	-0.993	-0.104	-0.141	1501	4797
-79.981	-0.986	-0.102	-0.142	1501	4804
-79.480	-0.992	-0.106	-0.150	1501	4810
-80.102	-0.986	-0.101	-0.140	1501	4817
-79.854	-0.985	-0.100	-0.146	1501	4824
-79.785	-0.979	-0.097	-0.147	1501	4831
-79.750	-0.977	-0.099	-0.146	1501	4838
-79.380	-0.969	-0.107	-0.146	1501	4844
-79.341	-0.972	-0.105	-0.149	1501	4851
-79.396	-0.973	-0.113	-0.143	1501	4857
-79.067	-0.970	-0.114	-0.148	1501	4865
-78.808	-0.974	-0.111	-0.157	1501	4872
-78.717	-0.971	-0.107	-0.161	1501	4878
-79.319	-0.973	-0.106	-0.149	1501	4885
-78.747	-0.976	-0.101	-0.166	1502	4891
-79.049	-0.977	-0.094	-0.164	1502	4898
-79.305	-0.979	-0.087	-0.163	1502	4905
-78.990	-0.975	-0.090	-0.167	1502	4912
-79.579	-0.981	-0.087	-0.158	1502	4919
-79.323	-0.978	-0.082	-0.165	1502	4926
-79.326	-0.979	-0.076	-0.168	1501	4932
-79.598	-0.980	-0.084	-0.159	1501	4939
-79.387	-0.975	-0.086	-0.161	1501	4945
-78.954	-0.976	-0.088	-0.169	1501	4953
-79.208	-0.982	-0.094	-0.162	1501	4960
-79.080	-0.977	-0.098	-0.161	1501	4966
-79.011	-0.975	-0.098	-0.162	1502	4973
-78.883	-0.980	-0.091	-0.170	1502	4979
-79.177	-0.983	-0.092	-0.164	1502	4986
-79.129	-0.980	-0.101	-0.159	1502	4994
-79.470	-0.979	-0.092	-0.157	1502	5000
-79.685	-0.977	-0.095	-0.150	1502	5007
-79.529	-0.975	-0.088	-0.157	1502	5013
-79.784	-0.973	-0.085	-0.153	1502	5020
-80.325	-0.966	-0.075	-0.146	1502	5027
-79.841	-0.962	-0.086	-0.149	1502	5033
-79.873	-0.967	-0.090	-0.147	1502	5041
-80.153	-0.974	-0.086	-0.146	1502	5047
-79.593	-0.978	-0.092	-0.154	1502	5054
-80.159	-0.985	-0.093	-0.144	1502	5061
-79.939	-0.991	-0.093	-0.149	1502	5067
-80.265	-0.998	-0.092	-0.145	1502	5074
-79.644	-0.993	-0.099	-0.152	1502	5082
-79.919	-0.992	-0.094	-0.149	1502	5088
-80.219	-0.982	-0.090	-0.144	1502	5095
-79.637	-0.982	-0.087	-0.157	1502	5101
-79.653	-0.979	-0.083	-0.158	1502	5108
-80.004	-0.981	-0.074	-0.156	1502	5115
-79.889	-0.974	-0.069	-0.159	1502	5122
-79.773	-0.976	-0.077	-0.158	1502	5129
-79.714	-0.974	-0.070	-0.162	1502	5135
-79.824	-0.987	-0.069	-0.163	1501	5142
-79.613	-0.991	-0.082	-0.162	1501	5149
-79.691	-0.992	-0.075	-0.164	1501	5155
-80.101	-0.994	-0.083	-0.152	1502	5163
-80.020	-0.979	-0.086	-0.149	1502	5169
-79.463	-0.978	-0.088	-0.159	1502	5176
-79.318	-0.978	-0.095	-0.158	1502	5183
-79.565	-0.974	-0.098	-0.150	1502	5189
-79.757	-0.967	-0.097	-0.146	1502	5196
-79.809	-0.966	-0.098	-0.144	1502	5202
-79.798	-0.968	-0.096	-0.146	1502	5210
-79.588	-0.969	-0.103	-0.146	1502	5217
-79.363	-0.978	-0.109	-0.147	1502	5223
-79.140	-0.980	-0.114	-0.149	1502	5230
-79.044	-0.982	-0.127	-0.142	1502	5237
-79.014	-0.982	-0.130	-0.140	1502	5243
-78.764	-0.980	-0.135	-0.141	1502	5251
-78.318	-0.976	-0.146	-0.139	1502	5257
-77.965	-0.976	-0.152	-0.142	1502	5264
-77.958	-0.969	-0.152	-0.140	1502	5271
-77.701	-0.973	-0.153	-0.146	1502	5277
-78.062	-0.971	-0.150	-0.140	1502	5284
-77.900	-0.961	-0.152	-0.139	1502	5291
-77.925	-0.972	-0.146	-0.148	1502	5298
-77.769	-0.969	-0.145	-0.152	1502	5305
-77.182	-0.969	-0.150	-0.161	1501	5311
-77.173	-0.972	-0.148	-0.164	1501	5318
-77.284	-0.960	-0.143	-0.163	1501	5324
-77.047	-0.970	-0.135	-0.178	1501	5331
-76.839	-0.971	-0.128	-0.187	1501	5339
-77.229	-0.978	-0.121	-0.186	1501	5345
-77.658	-0.989	-0.106	-0.188	1501	5352
-77.864	-0.989	-0.099	-0.188	1501	5358
-78.122	-0.988	-0.081	-0.191	1501	5365
-78.342	-0.986	-0.063	-0.193	1501	5372
-78.014	-0.980	-0.063	-0.198	1501	5379
-78.903	-0.981	-0.055	-0.185	1502	5386
-78.430	-0.975	-0.060	-0.190	1502	5392
-78.665	-0.972	-0.070	-0.182	1502	5399
-78.964	-0.971	-0.070	-0.176	1502	5406
-78.406	-0.971	-0.077	-0.184	1501	5412
-79.100	-0.978	-0.072	-0.174	1501	5420
-78.758	-0.970	-0.093	-0.169	1501	5427
-79.009	-0.974	-0.096	-0.163	1501	5433
-78.933	-0.971	-0.106	-0.157	1501	5440
-78.434	-0.973	-0.122	-0.157	1501	5446
-78.151	-0.976	-0.130	-0.158	1501	5453
-78.094	-0.976	-0.134	-0.156	1501	5460
-78.144	-0.979	-0.137	-0.153	1501	5467
-78.079	-0.981	-0.144	-0.149	1501	5474
-78.263	-0.978	-0.140	-0.147	1501	5480
-78.494	-0.980	-0.139	-0.144	1501	5487
-78.978	-0.979	-0.135	-0.135	1501	5494
-78.950	-0.979	-0.125	-0.145	1501	5500
-78.661	-0.982	-0.133	-0.146	1501	5508
-78.777	-0.984	-0.127	-0.148	1501	5514
-79.224	-0.979	-0.120	-0.143	1501	5521
-79.011	-0.983	-0.120	-0.148	1501	5528
-79.142	-0.977	-0.119	-0.145	1501	5534
-79.783	-0.982	-0.111	-0.138	1501	5541
-79.490	-0.983	-0.111	-0.145	1501	5549
-79.758	-0.983	-0.101	-0.146	1501	5555
-79.715	-0.977	-0.103	-0.145	1501	5562
-79.912	-0.972	-0.092	-0.146	1501	5568
-79.654	-0.973	-0.088	-0.154	1501	5575
-80.132	-0.972	-0.077	-0.150	1501	5582
-79.952	-0.974	-0.079	-0.153	1501	5588
-80.113	-0.968	-0.070	-0.153	1501	5596
-79.992	-0.973	-0.075	-0.154	1501	5602
-79.693	-0.979	-0.087	-0.155	1500	5609
-79.479	-0.977	-0.087	-0.159	1500	5616
-79.878	-0.979	-0.089	-0.150	1501	5622
-79.772	-0.980	-0.095	-0.149	1501	5629
-79.222	-0.980	-0.101	-0.157	1501	5636
-78.896	-0.985	-0.108	-0.160	1501	5643
-78.701	-0.988	-0.111	-0.163	1501	5650
-78.187	-0.980	-0.116	-0.169	1501	5656
-78.269	-0.986	-0.117	-0.168	1501	5663
-77.981	-0.979	-0.119	-0.171	1501	5670
-77.968	-0.974	-0.119	-0.170	1501	5677
-77.884	-0.975	-0.122	-0.170	1501	5684
-78.094	-0.977	-0.127	-0.162	1501	5690
-78.381	-0.976	-0.118	-0.162	1501	5697
-78.446	-0.974	-0.122	-0.157	1501	5704
-78.370	-0.974	-0.119	-0.161	1501	5710
-77.927	-0.971	-0.126	-0.165	1501	5718
-77.923	-0.974	-0.119	-0.171	1501	5724
-77.703	-0.976	-0.121	-0.175	1501	5731
-77.985	-0.976	-0.122	-0.168	1501	5738
-78.166	-0.974	-0.117	-0.167	1501	5744
-78.475	-0.973	-0.114	-0.162	1501	5751
-78.799	-0.972	-0.112	-0.156	1501	5758
-79.103	-0.967	-0.100	-0.157	1501	5765
-79.240	-0.968	-0.102	-0.153	1501	5772
-79.678	-0.973	-0.097	-0.148	1501	5778
-79.211	-0.984	-0.098	-0.160	1501	5785
-79.253	-0.983	-0.101	-0.157	1501	5792
-79.281	-0.989	-0.099	-0.159	1501	5798
-79.264	-0.984	-0.101	-0.157	1501	5806
-79.357	-0.984	-0.104	-0.153	1501	5812
-79.265	-0.981	-0.103	-0.155	1501	5819
-79.497	-0.987	-0.112	-0.145	1501	5826
-79.015	-0.995	-0.116	-0.154	1501	5832
-79.428	-0.993	-0.112	-0.147	1501	5839
-78.904	-0.994	-0.131	-0.145	1501	5846
-78.849	-0.995	-0.136	-0.142	1501	5853
-78.372	-0.997	-0.141	-0.149	1501	5860
-79.319	-1.002	-0.124	-0.143	1501	5866
-79.916	-0.986	-0.107	-0.139	1501	5873
-80.502	-0.979	-0.089	-0.138	1501	5880
-80.355	-0.972	-0.070	-0.149	1501	5886
-80.533	-0.971	-0.055	-0.152	1501	5894
-80.962	-0.971	-0.049	-0.146	1502	5900
-80.137	-0.973	-0.041	-0.164	1501	5907
-79.911	-0.978	-0.037	-0.170	1502	5914
-79.995	-0.980	-0.037	-0.169	1501	5920
-79.633	-0.978	-0.042	-0.174	1501	5927
-80.360	-0.977	-0.030	-0.163	1502	5934
-80.064	-0.974	-0.023	-0.169	1501	5941
-80.125	-0.975	-0.016	-0.169	1501	5948
-80.340	-0.971	-0.020	-0.164	1501	5954
-79.981	-0.969	-0.021	-0.170	1501	5961
-79.825	-0.970	-0.027	-0.172	1502	5967
-79.741	-0.975	-0.035	-0.173	1502	5975
-79.417	-0.974	-0.043	-0.177	1501	5982
-79.283	-0.975	-0.053	-0.177	1501	5988
-79.281	-0.976	-0.060	-0.175	1501	5995
-78.890	-0.970	-0.068	-0.178	1501	6001
-79.014	-0.963	-0.084	-0.167	1501	6008
-79.093	-0.969	-0.091	-0.163	1501	6016
-78.490	-0.970	-0.101	-0.170	1501	6022
-78.698	-0.979	-0.109	-0.162	1501	6029
-78.200	-0.993	-0.113	-0.174	1501	6035
-78.668	-0.991	-0.120	-0.158	1501	6042
-78.072	-0.990	-0.126	-0.167	1501	6049
-78.042	-0.978	-0.125	-0.165	1501	6055
-78.036	-0.976	-0.110	-0.175	1501	6063
-77.893	-0.962	-0.106	-0.177	1501	6070
-78.336	-0.965	-0.092	-0.177	1501	6076
-78.919	-0.968	-0.084	-0.170	1501	6083
-79.417	-0.965	-0.065	-0.168	1501	6089
-79.374	-0.972	-0.063	-0.171	1501	6096
-79.302	-0.982	-0.060	-0.176	1501	6104
-79.391	-0.979	-0.062	-0.173	1501	6110
-79.416	-0.982	-0.064	-0.172	1501	6117
-79.777	-0.979	-0.058	-0.167	1501	6123
-79.882	-0.972	-0.062	-0.162	1501	6130
-79.573	-0.972	-0.056	-0.170	1501	6137
-79.351	-0.973	-0.063	-0.172	1501	6144
-79.491	-0.971	-0.054	-0.172	1501	6151
-79.727	-0.976	-0.063	-0.165	1500	6157
-79.573	-0.974	-0.067	-0.166	1501	6164
-79.705	-0.979	-0.068	-0.164	1501	6171
-79.897	-0.983	-0.073	-0.159	1501	6177
-80.263	-0.982	-0.076	-0.150	1501	6184
-79.842	-0.982	-0.081	-0.156	1501	6191
-79.708	-0.979	-0.085	-0.156	1501	6198
-79.745	-0.974	-0.085	-0.154	1501	6205
-79.580	-0.979	-0.088	-0.157	1501	6211
-79.151	-0.980	-0.097	-0.161	1501	6218
-79.709	-0.986	-0.096	-0.151	1501	6225
-79.607	-0.988	-0.097	-0.153	1500	6232
-79.393	-0.992	-0.104	-0.154	1501	6239
-79.683	-0.988	-0.096	-0.152	1501	6245
-79.702	-0.985	-0.091	-0.154	1501	6252
-79.671	-0.980	-0.092	-0.153	1501	6259
-79.623	-0.979	-0.074	-0.163	1501	6265
-80.252	-0.979	-0.069	-0.153	1501	6273
-80.379	-0.982	-0.058	-0.156	1501	6279
-80.044	-0.980	-0.065	-0.159	1501	6286
-79.803	-0.990	-0.069	-0.164	1501	6293
-79.922	-0.986	-0.071	-0.160	1501	6299
-80.487	-0.993	-0.077	-0.147	1501	6306
-80.414	-0.986	-0.067	-0.152	1501	6312
-80.299	-0.981	-0.070	-0.152	1501	6320
-79.968	-0.981	-0.069	-0.159	1501	6327
-80.170	-0.972	-0.067	-0.154	1501	6333
-80.241	-0.970	-0.056	-0.157	1501	6340
-80.428	-0.969	-0.051	-0.155	1502	6346
-80.180	-0.971	-0.051	-0.160	1502	6353
-80.431	-0.975	-0.051	-0.156	1501	6361
-80.356	-0.977	-0.047	-0.159	1501	6367
-80.291	-0.977	-0.051	-0.159	1501	6374
-80.480	-0.983	-0.053	-0.156	1501	6380
-80.175	-0.986	-0.051	-0.163	1501	6387
-80.084	-0.989	-0.055	-0.164	1501	6394
-79.667	-0.989	-0.055	-0.172	1501	6401
-80.017	-0.988	-0.061	-0.163	1501	6408
-79.903	-0.975	-0.064	-0.161	1501	6414
-80.497	-0.980	-0.059	-0.153	1501	6421
-80.106	-0.976	-0.055	-0.161	1500	6428
-79.856	-0.980	-0.054	-0.167	1501	6434
-79.601	-0.975	-0.053	-0.171	1501	6441
-80.509	-0.985	-0.046	-0.158	1501	6448
-80.111	-0.987	-0.049	-0.165	1500	6455
-80.328	-1.004	-0.052	-0.163	1501	6462
-80.452	-0.995	-0.055	-0.158	1501	6468
-80.549	-0.990	-0.061	-0.153	1501	6475
-79.871	-0.986	-0.071	-0.161	1501	6482
-79.744	-0.977	-0.070	-0.162	1501	6489
-79.987	-0.973	-0.064	-0.159	1501	6496
-80.055	-0.973	-0.059	-0.160	1501	6502
-79.580	-0.969	-0.047	-0.172	1501	6509
-79.518	-0.972	-0.042	-0.175	1501	6516
-79.560	-0.987	-0.047	-0.176	1501	6522
-79.918	-0.985	-0.050	-0.168	1500	6530
-79.824	-0.989	-0.055	-0.169	1500	6536
-80.310	-0.983	-0.062	-0.156	1500	6543
-79.750	-0.980	-0.060	-0.167	1501	6550
-79.566	-0.961	-0.056	-0.168	1501	6556
-79.430	-0.959	-0.050	-0.172	1501	6563
-80.279	-0.961	-0.038	-0.160	1501	6569
-80.282	-0.962	-0.029	-0.162	1501	6577
-80.199	-0.973	-0.019	-0.167	1501	6584
-80.019	-0.979	-0.011	-0.172	1501	6590
-80.450	-0.989	-0.012	-0.166	1501	6597
-81.088	-0.986	-0.011	-0.154	1501	6603
-80.954	-0.979	-0.013	-0.155	1501	6610
-80.960	-0.978	-0.009	-0.155	1501	6618
-80.830	-0.975	-0.006	-0.157	1501	6624
-80.339	-0.970	0.004	-0.165	1501	6631
-80.760	-0.979	0.001	-0.159	1501	6637
-80.890	-0.980	-0.001	-0.157	1501	6644
-81.288	-0.982	-0.007	-0.150	1501	6651
-80.593	-0.981	-0.013	-0.162	1501	6658
-80.708	-0.983	-0.034	-0.157	1501	6665
-80.447	-0.984	-0.046	-0.159	1501	6671
-80.686	-0.979	-0.059	-0.149	1501	6678
-81.060	-0.977	-0.060	-0.142	1501	6685
-80.884	-0.977	-0.056	-0.146	1501	6691
-80.632	-0.976	-0.055	-0.151	1501	6699
-80.785	-0.977	-0.050	-0.150	1501	6705
-80.962	-0.984	-0.040	-0.151	1501	6712
-81.122	-0.989	-0.043	-0.148	1501	6719
-80.933	-0.996	-0.042	-0.153	1501	6725
-80.715	-0.997	-0.035	-0.159	1501	6732
-80.744	-0.994	-0.039	-0.157	1501	6738
-80.680	-0.984	-0.041	-0.156	1501	6746
-80.982	-0.982	-0.033	-0.152	1501	6753
-80.792	-0.976	-0.024	-0.156	1501	6759
-81.404	-0.976	-0.029	-0.145	1501	6766
-81.377	-0.974	-0.019	-0.146	1501	6772
-80.879	-0.976	-0.021	-0.155	1502	6779
-80.717	-0.984	-0.023	-0.159	1502	6787
-80.281	-0.986	-0.031	-0.166	1502	6793
-80.469	-0.991	-0.033	-0.163	1502	6800
-80.259	-0.996	-0.041	-0.166	1502	6806
-80.460	-0.992	-0.039	-0.162	1502	6813
-80.591	-0.989	-0.043	-0.158	1501	6820
-81.310	-0.979	-0.039	-0.145	1501	6827
-81.113	-0.976	-0.035	-0.148	1501	6834
-81.386	-0.973	-0.033	-0.144	1501	6840
-81.451	-0.962	-0.029	-0.142	1501	6847
-80.876	-0.970	-0.027	-0.153	1501	6854
-80.338	-0.973	-0.022	-0.164	1501	6860
-80.564	-0.982	-0.026	-0.161	1501	6867
-80.156	-0.991	-0.032	-0.169	1501	6875
-80.406	-0.988	-0.036	-0.163	1501	6881
-79.992	-0.982	-0.043	-0.168	1501	6888
-80.614	-0.984	-0.038	-0.158	1501	6894
-81.026	-0.987	-0.028	-0.153	1501	6901
-81.061	-0.983	-0.021	-0.153	1501	6908
-80.711	-0.981	-0.011	-0.160	1501	6915
-80.499	-0.977	-0.011	-0.163	1501	6922
-80.840	-0.981	-0.004	-0.158	1501	6928
-80.441	-0.976	-0.009	-0.164	1501	6935
-80.145	-0.980	-0.012	-0.170	1501	6942
-80.589	-0.982	-0.023	-0.161	1501	6948
-80.536	-0.982	-0.034	-0.160	1501	6956
-80.371	-0.981	-0.042	-0.161	1501	6962
-80.177	-0.979	-0.050	-0.162	1501	6969
-80.029	-0.979	-0.042	-0.167	1501	6976
-79.936	-0.976	-0.042	-0.168	1501	6982
-79.939	-0.975	-0.026	-0.171	1501	6989
-79.768	-0.972	-0.023	-0.174	1501	6995
-79.888	-0.973	-0.023	-0.172	1501	7003
-80.300	-0.974	-0.033	-0.163	1501	7010
-80.509	-0.984	-0.028	-0.162	1501	7016
-80.342	-0.989	-0.033	-0.165	1501	7023
-79.858	-0.988	-0.032	-0.174	1501	7029
-79.790	-0.989	-0.022	-0.177	1501	7036
-79.740	-0.982	-0.020	-0.177	1501	7044
-79.804	-0.979	-0.012	-0.176	1501	7050
-79.761	-0.975	-0.010	-0.176	1501	7057
-80.061	-0.978	-0.012	-0.171	1501	7063
-80.751	-0.970	-0.015	-0.157	1501	7070
-80.840	-0.969	-0.024	-0.154	1501	7077
-80.134	-0.974	-0.021	-0.168	1501	7084
-80.042	-0.978	-0.030	-0.169	1501	7091
-79.343	-0.989	-0.036	-0.183	1501	7097
-79.274	-0.985	-0.043	-0.182	1501	7104
-80.079	-0.994	-0.045	-0.168	1501	7111
-79.873	-0.992	-0.039	-0.173	1501	7117
-79.898	-0.982	-0.042	-0.170	1501	7124
-80.782	-0.979	-0.042	-0.153	1501	7132
-80.272	-0.973	-0.039	-0.162	1501	7138
-79.826	-0.966	-0.034	-0.170	1501	7145
-80.006	-0.973	-0.022	-0.170	1501	7151
-79.847	-0.976	-0.018	-0.174	1501	7158
-80.159	-0.974	-0.018	-0.168	1501	7165
-80.282	-0.978	-0.012	-0.167	1502	7172
-79.935	-0.986	-0.010	-0.175	1502	7179
-79.653	-0.990	-0.007	-0.181	1502	7185
-80.229	-0.995	-0.013	-0.171	1502	7192
-81.266	-0.995	-0.013	-0.152	1502	7199
-81.692	-0.991	-0.019	-0.144	1502	7205
-81.931	-0.984	-0.016	-0.139	1502	7213
-81.140	-0.982	-0.016	-0.152	1502	7219
-80.983	-0.979	0.000	-0.155	1502	7226
-80.890	-0.982	0.010	-0.157	1502	7233
-80.440	-0.978	0.014	-0.164	1501	7239
-81.031	-0.979	0.019	-0.153	1501	7246
-80.883	-0.980	0.019	-0.156	1501	7252
-80.400	-0.984	0.013	-0.166	1501	7260
-79.671	-0.986	-0.005	-0.180	1501	7267
-79.982	-0.992	-0.022	-0.174	1501	7273
-80.060	-0.978	-0.028	-0.169	1501	7280
-80.365	-0.974	-0.048	-0.158	1501	7286
-80.780	-0.973	-0.045	-0.151	1501	7293
-81.050	-0.975	-0.062	-0.141	1501	7301
-80.560	-0.978	-0.068	-0.147	1501	7307
-79.928	-0.981	-0.073	-0.158	1501	7314
-80.218	-0.989	-0.068	-0.156	1501	7320
-80.101	-0.989	-0.057	-0.163	1501	7327
-80.459	-0.992	-0.053	-0.158	1501	7334
-80.208	-0.979	-0.040	-0.164	1501	7341
-81.061	-0.977	-0.031	-0.150	1501	7348
-80.584	-0.976	-0.042	-0.156	1501	7354
-81.238	-0.970	-0.024	-0.147	1501	7361
-80.891	-0.975	-0.018	-0.155	1501	7368
-80.290	-0.978	-0.010	-0.167	1501	7374
-79.919	-0.983	-0.003	-0.175	1500	7382
-79.685	-0.987	0.000	-0.180	1501	7388
-79.825	-0.985	0.006	-0.177	1501	7395
-80.812	-0.979	-0.005	-0.158	1501	7402
-80.878	-0.983	-0.015	-0.157	1501	7408
-80.270	-0.980	-0.020	-0.167	1501	7415
-80.306	-0.978	-0.025	-0.165	1501	7421
-80.819	-0.978	-0.023	-0.156	1501	7429
-80.518	-0.979	-0.028	-0.161	1501	7436
-80.633	-0.981	-0.016	-0.161	1501	7442
-80.510	-0.984	-0.013	-0.164	1501	7449
-80.170	-0.985	-0.017	-0.170	1501	7455
-80.791	-0.984	-0.027	-0.157	1501	7462
-80.866	-0.979	-0.025	-0.155	1501	7470
-81.314	-0.979	-0.025	-0.147	1502	7476
-81.030	-0.976	-0.022	-0.152	1502	7483
-80.843	-0.979	-0.013	-0.157	1502	7489
-80.698	-0.980	-0.012	-0.160	1501	7496
-80.315	-0.979	-0.001	-0.167	1502	7503
-80.537	-0.984	0.002	-0.164	1502	7510
-79.869	-0.979	0.004	-0.175	1502	7517
-80.132	-0.982	0.000	-0.171	1502	7523
-80.499	-0.986	-0.003	-0.165	1502	7530
-80.636	-0.989	-0.004	-0.163	1502	7537
-80.644	-0.984	-0.005	-0.162	1502	7543
-80.924	-0.984	-0.003	-0.157	1502	7550
-80.630	-0.977	0.001	-0.161	1502	7557
-80.863	-0.979	0.010	-0.157	1501	7564
-80.691	-0.979	0.009	-0.160	1502	7571
-80.514	-0.974	0.014	-0.162	1501	7577
-81.114	-0.975	0.003	-0.152	1501	7584
-80.201	-0.973	0.003	-0.168	1501	7590
-80.504	-0.976	0.006	-0.163	1501	7598
-79.986	-0.979	0.006	-0.173	1501	7604
-79.926	-0.979	0.002	-0.174	1501	7611
-80.259	-0.979	0.008	-0.168	1501	7618
-80.168	-0.979	0.015	-0.169	1501	7624
-80.100	-0.984	0.018	-0.171	1501	7631
-80.282	-0.990	0.015	-0.169	1501	7638
-80.439	-0.985	0.018	-0.165	1501	7645
-80.230	-0.985	0.016	-0.169	1501	7652
-80.524	-0.986	0.014	-0.164	1501	7658
-79.965	-0.979	0.022	-0.172	1501	7665
-80.110	-0.978	0.022	-0.169	1501	7671
-80.678	-0.979	0.021	-0.159	1501	7678
-80.904	-0.974	0.014	-0.155	1501	7686
-80.869	-0.980	0.011	-0.157	1501	7692
-80.974	-0.978	0.001	-0.155	1501	7699
-80.846	-0.978	0.010	-0.157	1501	7706
-80.156	-0.983	0.016	-0.170	1501	7712
-79.465	-0.976	0.031	-0.179	1501	7719
-79.923	-0.979	0.021	-0.173	1501	7726
-80.060	-0.985	0.017	-0.172	1501	7733
-80.679	-0.986	0.016	-0.161	1501	7740
-80.860	-0.979	0.021	-0.156	1501	7746
-81.042	-0.988	0.021	-0.154	1501	7753
-80.724	-0.991	0.016	-0.161	1500	7759
-80.653	-0.977	0.014	-0.160	1500	7767
-80.839	-0.970	0.019	-0.155	1501	7774
-80.609	-0.970	0.020	-0.159	1501	7780
-80.126	-0.970	0.017	-0.168	1501	7787
-80.595	-0.974	0.007	-0.161	1501	7793
-81.063	-0.981	0.004	-0.154	1501	7800
-81.570	-0.982	0.005	-0.146	1501	7808
-81.080	-0.990	0.007	-0.155	1500	7814
-81.069	-0.989	0.008	-0.155	1500	7821
-80.845	-0.985	0.014	-0.158	1500	7827
-80.705	-0.984	0.018	-0.160	1500	7834
-79.851	-0.983	0.038	-0.172	1500	7841
-80.248	-0.978	0.051	-0.160	1500	7847
-79.469	-0.975	0.065	-0.169	1500	7855
-79.093	-0.975	0.063	-0.177	1500	7861
-79.196	-0.978	0.057	-0.178	1500	7868
-80.059	-0.989	0.043	-0.168	1500	7875
-80.302	-0.994	0.036	-0.166	1500	7881
-80.137	-0.992	0.047	-0.166	1500	7888
-80.703	-0.985	0.040	-0.156	1500	7895
-80.793	-0.977	0.043	-0.152	1500	7902
-80.651	-0.976	0.048	-0.153	1500	7909
-80.804	-0.968	0.032	-0.153	1500	7915
-80.946	-0.979	0.033	-0.152	1500	7922
-81.127	-0.981	0.029	-0.150	1500	7928
-80.590	-0.988	0.046	-0.157	1500	7936
-79.631	-0.989	0.054	-0.173	1500	7943
-79.180	-0.992	0.058	-0.181	1501	7949
-79.537	-0.981	0.048	-0.175	1501	7956
-80.227	-0.971	0.032	-0.164	1501	7962
-81.359	-0.967	0.026	-0.145	1501	7969
-81.623	-0.967	0.032	-0.139	1501	7976
-80.957	-0.979	0.044	-0.149	1501	7983
-80.225	-0.979	0.047	-0.162	1501	7990
-79.274	-0.986	0.058	-0.178	1501	7996
-79.232	-0.987	0.058	-0.179	1501	8003
-79.587	-0.993	0.059	-0.173	1501	8010
-79.801	-0.993	0.049	-0.172	1501	8016
-80.565	-0.983	0.048	-0.156	1501	8024
-80.569	-0.980	0.046	-0.156	1501	8030
-80.484	-0.975	0.051	-0.155	1501	8037
-80.508	-0.972	0.054	-0.153	1501	8044
-80.234	-0.971	0.051	-0.159	1501	8050
-79.509	-0.976	0.059	-0.171	1501	8057
-78.925	-0.974	0.063	-0.180	1502	8064
-79.675	-0.976	0.068	-0.164	1502	8071
-79.201	-0.976	0.080	-0.168	1501	8078
-79.204	-0.974	0.079	-0.168	1502	8084
-78.908	-0.974	0.083	-0.172	1502	8091
-79.289	-0.976	0.074	-0.169	1502	8097
-79.151	-0.976	0.080	-0.169	1502	8104
-79.811	-0.984	0.075	-0.160	1501	8112
-79.727	-0.988	0.076	-0.162	1501	8118
-79.553	-0.985	0.082	-0.162	1501	8125
-79.102	-0.982	0.081	-0.171	1502	8131
-78.838	-0.979	0.090	-0.171	1501	8138
-78.722	-0.983	0.085	-0.177	1501	8145
-78.287	-0.979	0.082	-0.186	1502	8152
-78.840	-0.976	0.076	-0.177	1502	8159
-79.076	-0.974	0.078	-0.171	1501	8165
-78.796	-0.972	0.076	-0.177	1502	8172
-78.639	-0.977	0.074	-0.182	1502	8179
-78.842	-0.980	0.066	-0.182	1502	8185
-78.471	-0.976	0.069	-0.187	1502	8193
-77.674	-0.974	0.082	-0.196	1502	8199
-77.578	-0.966	0.082	-0.196	1501	8206
-78.119	-0.951	0.084	-0.182	1502	8213
-78.540	-0.950	0.083	-0.174	1501	8219
-78.461	-0.959	0.094	-0.172	1501	8226
-78.462	-0.976	0.088	-0.179	1501	8232
-78.415	-0.997	0.090	-0.184	1501	8240
-78.973	-0.995	0.088	-0.173	1501	8247
-79.412	-0.975	0.077	-0.165	1501	8253
-80.149	-0.966	0.074	-0.150	1501	8260
-79.580	-0.968	0.097	-0.149	1501	8266
-79.302	-0.965	0.102	-0.151	1501	8273
-78.278	-0.972	0.117	-0.164	1501	8281
-77.326	-0.969	0.126	-0.178	1501	8287
-77.663	-0.970	0.120	-0.175	1501	8294
-78.513	-0.979	0.106	-0.168	1501	8300
-79.306	-0.970	0.099	-0.154	1501	8307
-80.086	-0.981	0.100	-0.140	1501	8314
-79.815	-0.978	0.103	-0.143	1501	8321
-79.435	-0.984	0.109	-0.147	1500	8328
-79.105	-0.981	0.110	-0.153	1500	8334
-79.152	-0.992	0.105	-0.158	1500	8341
-79.476	-1.011	0.100	-0.159	1500	8348
-79.908	-1.030	0.101	-0.153	1501	8354
-80.941	-1.027	0.104	-0.127	1501	8361
-80.755	-1.006	0.112	-0.119	1501	8369
-80.530	-0.985	0.115	-0.117	1501	8375
-80.087	-0.969	0.115	-0.124	1501	8382
-80.366	-0.947	0.104	-0.123	1501	8388
-80.106	-0.939	0.099	-0.131	1501	8395
-79.345	-0.950	0.100	-0.148	1501	8402
-78.873	-0.964	0.082	-0.171	1502	8409
-79.387	-0.973	0.075	-0.166	1502	8416
-80.334	-0.983	0.088	-0.143	1501	8422
-80.573	-1.000	0.093	-0.138	1501	8429
-79.684	-1.006	0.102	-0.152	1501	8436
-79.428	-1.001	0.117	-0.146	1501	8442
-79.447	-0.992	0.121	-0.140	1501	8450
-79.334	-0.979	0.126	-0.135	1501	8456
-79.176	-0.972	0.129	-0.134	1501	8463
-78.883	-0.963	0.133	-0.135	1501	8470
-79.008	-0.962	0.117	-0.146	1501	8476
-79.266	-0.969	0.103	-0.152	1501	8483
-79.611	-0.970	0.104	-0.145	1501	8489
-79.457	-0.984	0.111	-0.146	1501	8497
-79.793	-0.990	0.113	-0.138	1501	8504
-79.138	-1.011	0.126	-0.147	1501	8510
-79.289	-1.019	0.136	-0.137	1501	8517
-78.458	-1.001	0.143	-0.146	1501	8524
-78.609	-0.980	0.137	-0.143	1501	8530
-78.727	-0.957	0.141	-0.129	1501	8538
-78.564	-0.943	0.142	-0.128	1501	8544
-78.221	-0.948	0.133	-0.146	1501	8551
-77.732	-0.961	0.132	-0.162	1501	8558
-77.747	-0.971	0.122	-0.172	1501	8564
-78.690	-0.982	0.119	-0.156	1501	8571
-79.253	-0.994	0.120	-0.146	1501	8578
-79.110	-1.001	0.125	-0.146	1501	8585
-79.086	-1.004	0.118	-0.153	1501	8592
-78.331	-1.005	0.119	-0.170	1501	8598
-78.549	-0.994	0.133	-0.151	1501	8605
-78.262	-0.980	0.146	-0.143	1501	8611
-77.781	-0.960	0.149	-0.145	1501	8619
-78.071	-0.958	0.146	-0.140	1501	8626
-78.258	-0.950	0.139	-0.141	1501	8632
-79.001	-0.952	0.119	-0.142	1501	8639
-78.471	-0.957	0.122	-0.152	1501	8645
-77.462	-0.961	0.117	-0.179	1501	8652
-77.598	-0.974	0.102	-0.188	1500	8659
-78.759	-0.980	0.082	-0.177	1500	8666
-79.983	-0.986	0.059	-0.164	1501	8673
-81.005	-0.995	0.047	-0.150	1501	8679
-80.877	-0.998	0.050	-0.152	1500	8686
-80.299	-0.993	0.066	-0.156	1500	8693
-78.893	-0.976	0.104	-0.161	1501	8699
-77.304	-0.959	0.127	-0.175	1501	8707
-76.841	-0.959	0.142	-0.174	1501	8713
-76.839	-0.951	0.161	-0.153	1501	8720
-76.463	-0.955	0.162	-0.163	1501	8727
-77.088	-0.952	0.150	-0.158	1501	8733
-77.826	-0.964	0.134	-0.159	1501	8740
-78.689	-0.972	0.114	-0.157	1501	8747
-79.457	-0.982	0.100	-0.153	1501	8754
-80.153	-0.983	0.091	-0.145	1501	8761
-79.748	-0.982	0.101	-0.146	1500	8767
-78.843	-0.974	0.118	-0.151	1501	8774
-77.755	-0.976	0.129	-0.168	1500	8780
-77.172	-0.977	0.139	-0.174	1500	8787
-77.519	-0.975	0.145	-0.160	1500	8795
-77.155	-0.970	0.162	-0.150	1500	8801
-77.256	-0.970	0.170	-0.139	1500	8808
-76.876	-0.981	0.176	-0.146	1500	8814
-76.775	-0.984	0.176	-0.150	1500	8821
-77.066	-0.984	0.174	-0.145	1500	8828
-77.489	-0.980	0.166	-0.141	1500	8835
-77.570	-0.975	0.164	-0.139	1500	8842
-77.441	-0.978	0.161	-0.146	1500	8848
-77.451	-0.974	0.142	-0.164	1500	8855
-77.886	-0.963	0.127	-0.163	1500	8862
-78.230	-0.959	0.118	-0.161	1500	8868
-78.934	-0.961	0.120	-0.145	1500	8876
-79.049	-0.972	0.127	-0.139	1500	8883
-78.428	-0.976	0.135	-0.147	1500	8889
-78.248	-0.980	0.137	-0.151	1501	8896
-77.541	-0.979	0.140	-0.165	1501	8902
-77.273	-0.975	0.145	-0.166	1500	8909
-77.275	-0.977	0.148	-0.163	1500	8916
-78.379	-0.980	0.143	-0.143	1500	8923
-78.303	-0.981	0.149	-0.138	1500	8930
-78.157	-0.981	0.147	-0.144	1500	8936
-77.786	-0.974	0.144	-0.154	1500	8943
-77.794	-0.972	0.134	-0.162	1500	8950
-77.848	-0.969	0.125	-0.167	1500	8956
-77.943	-0.967	0.120	-0.168	1500	8964
-78.490	-0.967	0.117	-0.158	1500	8970
-78.329	-0.967	0.136	-0.146	1500	8977
-78.284	-0.973	0.139	-0.146	1500	8984
-77.125	-0.967	0.157	-0.155	1501	8990
-76.606	-0.955	0.168	-0.153	1500	8997
-76.648	-0.955	0.174	-0.146	1501	9004
-76.712	-0.959	0.177	-0.142	1500	9011
-76.807	-0.970	0.174	-0.146	1501	9018
-76.596	-0.981	0.176	-0.154	1501	9024
-76.607	-0.984	0.174	-0.157	1501	9031
-76.455	-0.986	0.172	-0.164	1501	9037
-76.160	-0.981	0.166	-0.176	1501	9044
-76.470	-0.981	0.168	-0.166	1501	9052
-76.801	-0.970	0.168	-0.153	1501	9058
-76.763	-0.967	0.168	-0.153	1501	9065
-76.867	-0.965	0.160	-0.158	1501	9071
-76.776	-0.970	0.162	-0.160	1501	9078
-76.840	-0.969	0.158	-0.162	1501	9085
-76.710	-0.968	0.164	-0.159	1501	9092
-76.528	-0.980	0.171	-0.161	1501	9099
-76.655	-0.988	0.181	-0.149	1501	9105
-76.873	-0.982	0.185	-0.136	1501	9112
-76.993	-0.971	0.178	-0.137	1501	9119
-76.443	-0.950	0.173	-0.150	1501	9125
-76.099	-0.938	0.164	-0.164	1501	9133
-77.779	-0.941	0.138	-0.150	1501	9140
-78.511	-0.952	0.131	-0.143	1500	9146
-78.802	-0.972	0.127	-0.145	1500	9153
-78.811	-0.979	0.128	-0.146	1501	9159
-78.606	-0.978	0.133	-0.146	1501	9166
-78.182	-0.974	0.143	-0.146	1501	9174
-77.503	-0.976	0.157	-0.148	1501	9180
-75.809	-0.955	0.182	-0.159	1500	9187
-75.509	-0.944	0.187	-0.156	1500	9193
-74.426	-0.950	0.203	-0.170	1500	9200
-73.982	-0.964	0.213	-0.177	1501	9207
-74.321	-0.971	0.217	-0.165	1501	9213
-74.842	-0.973	0.213	-0.155	1501	9221
-75.542	-0.972	0.208	-0.140	1501	9227
-75.871	-0.971	0.196	-0.146	1501	9234
-75.720	-0.967	0.188	-0.158	1501	9241
-76.523	-0.954	0.166	-0.157	1501	9247
-76.294	-0.960	0.168	-0.163	1501	9254
-76.515	-0.965	0.167	-0.160	1501	9261
-76.315	-0.963	0.175	-0.156	1501	9268
-75.622	-0.973	0.189	-0.162	1501	9275
-75.379	-0.977	0.192	-0.167	1501	9281
-74.902	-0.975	0.197	-0.174	1501	9288
-75.354	-0.975	0.197	-0.161	1501	9294
-74.878	-0.967	0.204	-0.163	1501	9302
-75.523	-0.973	0.206	-0.144	1501	9309
-74.782	-0.967	0.220	-0.145	1501	9315
-74.362	-0.963	0.222	-0.153	1501	9322
-74.154	-0.968	0.216	-0.170	1501	9328
-74.659	-0.970	0.211	-0.162	1501	9335
-75.134	-0.965	0.208	-0.149	1500	9342
-75.232	-0.961	0.203	-0.151	1501	9349
-75.624	-0.954	0.194	-0.148	1501	9356
-76.108	-0.949	0.187	-0.143	1501	9362
-75.726	-0.940	0.191	-0.144	1501	9369
-75.785	-0.935	0.195	-0.134	1501	9376
-75.485	-0.950	0.201	-0.142	1501	9382
-75.277	-0.966	0.212	-0.140	1501	9390
-75.473	-0.980	0.211	-0.142	1501	9397
-76.328	-0.990	0.204	-0.128	1501	9403
-76.089	-0.992	0.208	-0.131	1501	9410
-75.483	-0.984	0.214	-0.139	1501	9416
-74.672	-0.975	0.219	-0.153	1501	9423
-74.682	-0.968	0.215	-0.155	1501	9431
-75.312	-0.966	0.205	-0.148	1501	9437
-75.634	-0.961	0.199	-0.145	1501	9444
-76.148	-0.953	0.185	-0.146	1501	9450
-76.748	-0.951	0.166	-0.150	1501	9457
-77.222	-0.966	0.160	-0.149	1501	9464
-77.526	-0.965	0.163	-0.138	1501	9470
-77.459	-0.960	0.174	-0.124	1501	9478
-77.038	-0.963	0.187	-0.118	1501	9484
-76.615	-0.958	0.197	-0.114	1501	9491
-75.843	-0.957	0.204	-0.129	1500	9498
-75.214	-0.970	0.212	-0.144	1500	9504
-74.022	-0.971	0.224	-0.165	1500	9511
-73.785	-0.972	0.231	-0.162	1500	9518
-74.002	-0.958	0.227	-0.155	1500	9525
-74.088	-0.955	0.219	-0.162	1500	9532
-74.427	-0.951	0.209	-0.163	1500	9538
-74.532	-0.946	0.204	-0.164	1500	9545
-74.518	-0.953	0.206	-0.165	1500	9551
-75.094	-0.951	0.195	-0.161	1500	9559
-74.998	-0.951	0.202	-0.155	1500	9566
-75.562	-0.967	0.206	-0.140	1501	9572
-74.782	-0.967	0.220	-0.145	1501	9579
-74.677	-0.968	0.222	-0.146	1501	9585
-73.973	-0.958	0.229	-0.153	1500	9592
-73.638	-0.950	0.232	-0.154	1500	9600
-74.130	-0.967	0.223	-0.161	1500	9606
-75.111	-0.964	0.203	-0.156	1500	9613
-75.544	-0.962	0.193	-0.155	1500	9619
-75.991	-0.960	0.181	-0.157	1500	9626
-76.289	-0.957	0.170	-0.160	1500	9633
-75.876	-0.947	0.174	-0.163	1500	9639
-76.097	-0.945	0.188	-0.139	1500	9647
-75.805	-0.940	0.201	-0.127	1500	9653
-74.188	-0.949	0.235	-0.130	1500	9660
-73.204	-0.961	0.257	-0.135	1500	9667
-72.218	-0.957	0.268	-0.150	1500	9673
-71.868	-0.944	0.269	-0.153	1500	9680
-72.027	-0.951	0.271	-0.148	1500	9687
-71.837	-0.953	0.269	-0.160	1500	9694
-71.780	-0.962	0.275	-0.156	1500	9701
-72.041	-0.961	0.275	-0.146	1500	9707
-71.819	-0.969	0.279	-0.152	1501	9714
-71.990	-0.981	0.279	-0.154	1501	9720
-72.253	-0.995	0.281	-0.149	1501	9728
-72.876	-0.979	0.266	-0.143	1501	9735
-73.171	-0.967	0.256	-0.142	1501	9741
-73.689	-0.944	0.237	-0.142	1501	9748
-73.961	-0.938	0.226	-0.147	1501	9754
-75.499	-0.939	0.195	-0.145	1501	9761
-75.828	-0.947	0.184	-0.153	1502	9768
-76.038	-0.949	0.178	-0.155	1502	9775
-75.924	-0.959	0.184	-0.155	1502	9782
-75.722	-0.945	0.185	-0.154	1502	9788
-75.313	-0.947	0.201	-0.146	1502	9795
-74.648	-0.935	0.221	-0.131	1501	9802
-73.145	-0.936	0.246	-0.141	1501	9808
-72.672	-0.938	0.257	-0.141	1501	9816
-72.276	-0.941	0.262	-0.148	1501	9823
-72.280	-0.963	0.263	-0.160	1501	9829
-73.414	-0.971	0.245	-0.153	1501	9836
-74.630	-0.983	0.227	-0.147	1501	9842
-75.480	-0.982	0.216	-0.135	1501	9849
-75.493	-0.976	0.219	-0.126	1501	9857
-74.984	-0.974	0.232	-0.119	1500	9863
-73.239	-0.957	0.258	-0.129	1501	9870
-72.295	-0.952	0.271	-0.137	1500	9876
-71.276	-0.943	0.283	-0.148	1500	9883
-70.188	-0.943	0.289	-0.179	1501	9890
-69.781	-0.922	0.288	-0.180	1501	9896
-69.630	-0.920	0.286	-0.187	1501	9904
-70.170	-0.922	0.285	-0.171	1501	9910
-70.431	-0.944	0.294	-0.162	1501	9917
-71.013	-0.952	0.290	-0.152	1501	9924
-70.295	-0.956	0.305	-0.156	1500	9930
-70.782	-0.969	0.306	-0.144	1501	9937
-70.877	-0.975	0.309	-0.138	1500	9944
-70.986	-0.975	0.301	-0.149	1500	9951
-71.536	-0.954	0.275	-0.160	1500	9958
-72.065	-0.933	0.246	-0.175	1500	9964
-73.709	-0.923	0.207	-0.173	1500	9971
-74.463	-0.918	0.190	-0.170	1500	9977
-75.266	-0.925	0.186	-0.157	1500	9985
-76.783	-0.936	0.176	-0.132	1500	9992
-76.885	-0.938	0.179	-0.126	1500	9998
-76.293	-0.938	0.188	-0.130	1500	10005
-75.737	-0.935	0.200	-0.128	1500	10011
-74.498	-0.937	0.223	-0.134	1500	10018
-72.842	-0.940	0.240	-0.163	1500	10025
-72.364	-0.956	0.256	-0.164	1500	10032
-71.879	-0.968	0.271	-0.163	1500	10039
-71.199	-0.978	0.297	-0.150	1500	10046
-70.556	-0.969	0.313	-0.137	1500	10052
-69.556	-0.938	0.323	-0.134	1500	10059
-70.013	-0.920	0.312	-0.122	1500	10066
-70.357	-0.902	0.293	-0.134	1500	10073
-70.733	-0.896	0.271	-0.158	1500	10080
-71.162	-0.904	0.255	-0.174	1501	10087
-72.091	-0.940	0.242	-0.184	1501	10093
-72.586	-0.968	0.240	-0.186	1501	10100
-73.392	-0.980	0.237	-0.171	1500	10107
-73.912	-0.981	0.237	-0.154	1500	10114
-74.419	-0.974	0.233	-0.139	1500	10121
-74.672	-0.969	0.237	-0.119	1500	10128
-73.696	-0.929	0.252	-0.102	1500	10134
-72.398	-0.906	0.272	-0.092	1500	10141
-69.940	-0.873	0.300	-0.108	1500	10147
-68.987	-0.864	0.305	-0.132	1500	10155
-68.908	-0.877	0.297	-0.162	1500	10162
-70.196	-0.913	0.273	-0.183	1500	10168
-72.398	-0.956	0.242	-0.183	1500	10175
-74.039	-0.984	0.221	-0.175	1500	10182
-75.638	-1.000	0.205	-0.153	1500	10188
-75.869	-1.019	0.227	-0.120	1501	10195
-73.844	-1.000	0.273	-0.096	1501	10203
-71.307	-0.967	0.316	-0.083	1501	10209
-68.437	-0.934	0.360	-0.079	1501	10216
-66.833	-0.902	0.369	-0.113	1501	10223
-67.116	-0.884	0.342	-0.149	1501	10229
-68.073	-0.895	0.309	-0.186	1501	10236
-69.767	-0.924	0.280	-0.193	1501	10244
-70.666	-0.962	0.279	-0.189	1501	10250
-71.451	-0.980	0.285	-0.164	1501	10257
-71.717	-0.995	0.306	-0.121	1501	10264
-69.697	-0.989	0.354	-0.095	1501	10270
-68.111	-0.967	0.377	-0.094	1501	10277
-67.504	-0.919	0.366	-0.104	1501	10284
-68.086	-0.874	0.322	-0.141	1501	10291
-69.027	-0.845	0.274	-0.172	1501	10298
-69.891	-0.846	0.244	-0.190	1501	10304
-71.510	-0.870	0.222	-0.188	1501	10311
-73.869	-0.931	0.218	-0.158	1501	10318
-74.881	-0.986	0.235	-0.125	1501	10324
-74.339	-1.030	0.271	-0.099	1501	10332
-71.564	-1.027	0.325	-0.107	1501	10339
-68.720	-1.031	0.385	-0.115	1501	10345
-66.994	-0.986	0.396	-0.138	1500	10352
-66.323	-0.930	0.379	-0.150	1500	10359
-65.872	-0.860	0.350	-0.162	1500	10365
-67.798	-0.841	0.293	-0.179	1500	10373
-68.415	-0.847	0.258	-0.214	1501	10380
-69.386	-0.863	0.251	-0.206	1501	10386
-72.180	-0.912	0.258	-0.140	1501	10393
-71.752	-0.945	0.298	-0.092	1501	10400
-70.934	-0.967	0.321	-0.092	1501	10406
-70.014	-0.952	0.331	-0.102	1501	10414
-71.159	-0.946	0.303	-0.112	1501	10420
-72.424	-0.938	0.271	-0.121	1500	10427
-72.242	-0.925	0.268	-0.127	1501	10434
-71.572	-0.907	0.268	-0.141	1501	10440
-70.989	-0.897	0.275	-0.141	1501	10447
-69.275	-0.892	0.307	-0.141	1501	10455
-66.899	-0.897	0.354	-0.145	1500	10461
-66.018	-0.898	0.377	-0.133	1500	10468
-66.948	-0.896	0.362	-0.118	1500	10475
-68.723	-0.893	0.326	-0.120	1500	10481
-70.077	-0.910	0.308	-0.119	1500	10488
-70.276	-0.920	0.303	-0.131	1500	10496
-70.924	-0.946	0.301	-0.129	1500	10502
-70.716	-0.978	0.316	-0.130	1500	10509
-69.864	-0.980	0.343	-0.108	1500	10516
-68.713	-0.952	0.354	-0.109	1500	10522
-68.101	-0.917	0.346	-0.128	1500	10529
-68.706	-0.896	0.320	-0.139	1500	10536
-69.278	-0.893	0.314	-0.123	1500	10543
-71.264	-0.917	0.290	-0.112	1500	10550
-70.409	-0.935	0.314	-0.108	1500	10556
-67.738	-0.922	0.358	-0.118	1500	10563
-64.797	-0.889	0.399	-0.124	1500	10570
-64.262	-0.879	0.396	-0.149	1500	10576
-65.551	-0.894	0.367	-0.174	1500	10584
-67.366	-0.918	0.337	-0.182	1500	10591
-67.737	-0.911	0.318	-0.194	1500	10597
-67.573	-0.883	0.316	-0.181	1500	10604
-69.059	-0.880	0.301	-0.151	1499	10611
-69.455	-0.907	0.322	-0.108	1499	10617
-68.519	-0.922	0.354	-0.077	1499	10625
-66.912	-0.918	0.385	-0.071	1499	10632
-64.669	-0.910	0.418	-0.104	1500	10638
-63.152	-0.907	0.435	-0.148	1500	10645
-63.327	-0.907	0.414	-0.190	1500	10652
-64.679	-0.897	0.375	-0.199	1500	10658
-67.562	-0.874	0.310	-0.186	1500	10665
-69.146	-0.837	0.277	-0.157	1500	10672
-71.821	-0.838	0.247	-0.121	1500	10679
-73.860	-0.873	0.238	-0.084	1500	10686
-73.120	-0.910	0.268	-0.068	1500	10692
-68.983	-0.928	0.349	-0.074	1500	10699
-64.262	-0.942	0.439	-0.115	1500	10706
-61.986	-0.943	0.479	-0.151	1500	10713
-64.080	-0.959	0.439	-0.155	1500	10720
-65.950	-0.951	0.388	-0.173	1500	10727
-66.708	-0.913	0.336	-0.204	1500	10733
-68.020	-0.835	0.295	-0.163	1500	10740
-68.749	-0.802	0.292	-0.109	1499	10747
-68.520	-0.828	0.302	-0.123	1499	10754
-66.602	-0.867	0.332	-0.175	1499	10761
-64.648	-0.857	0.393	-0.104	1500	10768
-61.602	-0.859	0.464	-0.026	1500	10774
-62.619	-0.902	0.463	-0.064	1500	10781
-65.617	-0.959	0.420	-0.112	1500	10787
-68.764	-0.974	0.369	-0.083	1500	10795
-69.148	-0.993	0.375	-0.050	1500	10802
-64.503	-0.989	0.461	-0.101	1500	10808
-59.808	-0.944	0.519	-0.182	1500	10815
-58.660	-0.895	0.511	-0.189	1500	10822
-59.806	-0.817	0.449	-0.156	1500	10828
-64.077	-0.755	0.354	-0.095	1500	10835
-69.771	-0.708	0.258	-0.040	1500	10843
-75.913	-0.710	0.172	-0.047	1500	10849
-78.457	-0.750	0.117	-0.099	1500	10856
-79.061	-0.809	0.087	-0.130	1501	10863
-79.881	-0.885	0.087	-0.132	1501	10869
-79.485	-0.914	0.145	-0.089	1500	10876
-76.373	-0.919	0.201	-0.096	1501	10884
-71.585	-0.882	0.244	-0.163	1500	10890
-69.147	-0.896	0.260	-0.222	1501	10897
-69.638	-0.884	0.274	-0.180	1500	10903
-69.793	-0.808	0.292	-0.056	1500	10910
-67.473	-0.732	0.304	0.007	1500	10917
-65.604	-0.675	0.303	-0.045	1500	10924
-61.740	-0.637	0.327	-0.101	1500	10931
-58.821	-0.640	0.374	-0.100	1500	10938
-58.449	-0.687	0.414	-0.079	1500	10944
-59.329	-0.731	0.428	-0.072	1500	10951
-60.426	-0.757	0.423	-0.075	1500	10958
-60.195	-0.742	0.419	-0.072	1500	10964
-59.336	-0.697	0.403	-0.091	1500	10972
-57.057	-0.665	0.412	-0.126	1500	10979
-54.759	-0.626	0.421	-0.136	1500	10985
-53.361	-0.600	0.424	-0.139	1500	10992
-53.615	-0.580	0.397	-0.157	1500	10998
-56.372	-0.599	0.366	-0.156	1500	11005
-61.464	-0.630	0.323	-0.113	1500	11013
-65.437	-0.666	0.294	-0.079	1500	11019
-65.047	-0.684	0.302	-0.101	1500	11026
-65.339	-0.720	0.309	-0.118	1500	11033
-65.704	-0.747	0.321	-0.103	1500	11039
-64.551	-0.751	0.353	-0.059	1500	11046
-62.053	-0.708	0.375	-0.021	1500	11054
-60.163	-0.688	0.393	-0.037	1500	11060
-61.972	-0.723	0.382	-0.047	1500	11067
-61.899	-0.719	0.384	0.000	1500	11074
-56.249	-0.621	0.413	0.040	1500	11080
-46.386	-0.465	0.441	0.036	1500	11087
-37.757	-0.370	0.478	-0.019	1500	11094
-32.441	-0.321	0.500	-0.074	1500	11101
-31.727	-0.324	0.519	-0.078	1500	11108
-35.965	-0.370	0.504	-0.079	1500	11114
-38.763	-0.403	0.502	0.019	1501	11121
-39.816	-0.447	0.519	0.138	1501	11127
-40.914	-0.464	0.516	0.144	1501	11134
-44.214	-0.489	0.502	0.030	1501	11142
-51.455	-0.484	0.359	-0.141	1501	11148
-70.200	-0.406	0.082	-0.121	1500	11155
-40.763	-0.166	-0.161	0.105	1500	11161
-1.008	-0.008	-0.421	0.142	1500	11168
29.181	0.211	-0.374	0.053	1500	11175
58.387	0.336	-0.181	-0.101	1500	11182
46.027	0.382	0.225	-0.292	1500	11189
17.730	0.284	0.813	-0.360	1501	11195
-3.550	-0.087	1.396	-0.113	1500	11202
-16.715	-0.600	1.988	0.183	1500	11209
-29.834	-1.176	1.999	0.455	1500	11215
-36.645	-1.567	1.999	0.666	1500	11223
-32.089	-1.347	1.999	0.785	1500	11230
-18.133	-0.675	1.999	0.500	1500	11236
-3.963	-0.139	1.999	0.102	1500	11243
9.269	0.327	1.999	-0.148	1500	11249
13.304	0.476	1.999	-0.222	1500	11256
13.010	0.467	1.999	-0.292	1500	11264
9.734	0.313	1.813	0.225	1500	11270
2.541	0.069	1.555	0.152	1500	11277
-14.015	-0.389	1.548	-0.170	1500	11283
-17.164	-0.488	1.561	-0.253	1500	11290
-7.623	-0.268	1.999	0.024	1500	11296
0.336	0.012	1.999	0.003	1500	11303
7.181	0.252	1.999	0.049	1500	11311
8.922	0.314	1.999	0.125	1500	11317
5.134	0.180	1.999	0.055	1499	11324
-0.837	-0.029	1.999	-0.172	1500	11330
-7.495	-0.207	1.540	-0.323	1500	11337
-13.405	-0.292	1.156	-0.405	1500	11343
-17.548	-0.252	0.705	-0.371	1500	11351
-14.623	-0.124	0.397	-0.261	1500	11358
-1.939	-0.008	0.148	-0.177	1500	11364
25.360	0.065	0.044	-0.131	1500	11371
32.109	0.072	-0.044	-0.106	1500	11377
27.469	0.075	-0.121	-0.079	1500	11384
20.089	0.052	-0.073	-0.121	1500	11392
32.193	0.080	-0.018	-0.126	1500	11398
11.433	0.030	0.035	-0.146	1500	11405
-6.361	-0.022	0.132	-0.152	1500	11411
-22.390	-0.129	0.249	-0.189	1500	11418
-24.207	-0.228	0.433	-0.263	1500	11425
-22.622	-0.328	0.703	-0.354	1500	11431
-22.196	-0.427	0.978	-0.372	1500	11439
-18.477	-0.464	1.348	-0.333	1500	11446
-16.504	-0.492	1.646	-0.221	1500	11452
-14.538	-0.477	1.834	-0.116	1501	11459
-13.160	-0.438	1.871	-0.002	1501	11465
-13.893	-0.441	1.783	0.071	1501	11472
-14.526	-0.437	1.680	0.130	1501	11480
-15.038	-0.415	1.539	0.134	1501	11486
-16.787	-0.431	1.421	0.138	1501	11493
-18.079	-0.438	1.336	0.140	1501	11500
-19.394	-0.444	1.253	0.152	1501	11506
-19.728	-0.421	1.160	0.178	1501	11513
-20.801	-0.411	1.066	0.185	1501	11520
-20.848	-0.379	0.979	0.175	1500	11527
-20.748	-0.345	0.896	0.156	1500	11534
-18.642	-0.284	0.838	0.087	1500	11540
-16.443	-0.240	0.813	0.029	1500	11547
-13.404	-0.188	0.789	-0.054	1500	11553
-11.145	-0.164	0.825	-0.112	1500	11560
-9.483	-0.144	0.847	-0.147	1500	11568
-8.248	-0.129	0.871	-0.179	1500	11574
-7.905	-0.127	0.898	-0.170	1500	11581
-8.731	-0.139	0.889	-0.160	1500	11587
-9.021	-0.138	0.858	-0.124	1500	11594
-8.708	-0.131	0.847	-0.114	1500	11600
-8.923	-0.132	0.834	-0.098	1500	11608
-8.309	-0.126	0.856	-0.103	1501	11615
-9.148	-0.140	0.862	-0.092	1500	11621
-10.519	-0.166	0.889	-0.099	1500	11628
-12.367	-0.200	0.905	-0.119	1500	11634
-13.360	-0.222	0.927	-0.111	1500	11641
-14.348	-0.246	0.955	-0.116	1500	11649
-14.906	-0.262	0.977	-0.114	1500	11655
-14.967	-0.267	0.990	-0.118	1500	11662
-15.766	-0.284	1.001	-0.105	1500	11669
-15.329	-0.282	1.022	-0.121	1500	11675
-14.677	-0.273	1.035	-0.136	1500	11682
-13.646	-0.258	1.053	-0.140	1500	11688
-13.312	-0.254	1.062	-0.157	1500	11696
-12.610	-0.241	1.062	-0.184	1500	11703
-12.287	-0.237	1.068	-0.214	1500	11709
-11.938	-0.231	1.066	-0.247	1500	11716
-11.781	-0.227	1.051	-0.275	1500	11723
-12.024	-0.224	1.011	-0.284	1500	11729
-11.563	-0.209	0.986	-0.266	1500	11737
-11.705	-0.202	0.942	-0.253	1500	11743
-11.947	-0.200	0.911	-0.255	1500	11750
-12.319	-0.197	0.869	-0.246	1500	11757
-12.550	-0.194	0.838	-0.245	1500	11763
-12.738	-0.191	0.810	-0.248	1501	11770
-12.912	-0.189	0.783	-0.264	1501	11777
-13.407	-0.194	0.774	-0.255	1501	11784
-14.014	-0.201	0.763	-0.261	1501	11791
-14.367	-0.209	0.774	-0.257	1501	11797
-15.254	-0.225	0.782	-0.258	1501	11804
-15.736	-0.238	0.807	-0.254	1501	11811
-15.984	-0.249	0.832	-0.252	1501	11817
-15.622	-0.249	0.854	-0.251	1501	11825
-15.226	-0.251	0.887	-0.253	1501	11831
-15.059	-0.256	0.917	-0.252	1501	11838
-14.465	-0.252	0.943	-0.253	1501	11845
-14.036	-0.248	0.962	-0.243	1501	11851
-13.958	-0.249	0.974	-0.236	1501	11858
-13.636	-0.245	0.987	-0.215	1501	11865
-13.307	-0.241	0.999	-0.205	1501	11872
-12.496	-0.229	1.019	-0.187	1501	11879
-11.899	-0.219	1.025	-0.162	1501	11885
-11.842	-0.218	1.027	-0.152	1501	11892
-11.684	-0.214	1.022	-0.155	1500	11899
-12.568	-0.229	1.016	-0.168	1500	11906
-13.029	-0.236	1.006	-0.177	1500	11913
-13.584	-0.245	0.998	-0.182	1501	11919
-14.126	-0.252	0.983	-0.187	1501	11926
-14.236	-0.251	0.971	-0.190	1501	11933
-14.504	-0.253	0.958	-0.195	1500	11939
-14.611	-0.253	0.950	-0.196	1500	11947
-14.456	-0.247	0.939	-0.189	1500	11953
-14.397	-0.243	0.929	-0.187	1500	11960
-13.716	-0.233	0.939	-0.179	1500	11967
-13.543	-0.228	0.929	-0.173	1500	11973
-13.331	-0.225	0.932	-0.175	1500	11980
-13.680	-0.230	0.932	-0.169	1501	11987
-13.414	-0.229	0.943	-0.168	1500	11994
-13.751	-0.235	0.947	-0.166	1500	12001
-14.076	-0.241	0.950	-0.150	1500	12007
-13.933	-0.241	0.962	-0.142	1500	12014
-14.563	-0.255	0.972	-0.136	1500	12021
-14.856	-0.261	0.972	-0.148	1500	12027
-15.092	-0.267	0.979	-0.134	1501	12035
-14.667	-0.261	0.987	-0.133	1501	12041
-14.108	-0.250	0.987	-0.121	1501	12048
-13.702	-0.245	0.997	-0.129	1501	12055
-13.466	-0.240	0.995	-0.128	1501	12061
-13.107	-0.235	1.001	-0.141	1501	12068
-13.143	-0.235	0.997	-0.147	1501	12076
-13.392	-0.240	0.998	-0.148	1501	12082
-13.341	-0.241	1.005	-0.157	1501	12089
-13.846	-0.249	0.995	-0.175	1501	12095
-14.448	-0.259	0.989	-0.174	1501	12102
-14.084	-0.252	0.989	-0.173	1501	12109
-14.377	-0.255	0.979	-0.177	1501	12115
-14.081	-0.249	0.977	-0.179	1500	12123
-14.200	-0.251	0.976	-0.179	1500	12129
-13.685	-0.240	0.970	-0.182	1500	12136
-13.674	-0.238	0.961	-0.189	1500	12143
-13.893	-0.241	0.956	-0.192	1500	12149
-14.045	-0.243	0.951	-0.200	1500	12156
-14.035	-0.240	0.941	-0.193	1500	12163
-14.118	-0.241	0.938	-0.202	1500	12170
-14.406	-0.247	0.938	-0.211	1500	12177
-14.418	-0.245	0.929	-0.216	1500	12183
-14.268	-0.244	0.935	-0.220	1500	12190
-14.103	-0.240	0.929	-0.228	1500	12197
-14.679	-0.248	0.919	-0.229	1500	12204
-14.613	-0.247	0.919	-0.231	1500	12211
-15.261	-0.261	0.927	-0.233	1500	12217
-14.967	-0.256	0.929	-0.231	1500	12224
-14.835	-0.252	0.925	-0.223	1499	12231
-15.158	-0.259	0.925	-0.239	1499	12237
-14.983	-0.258	0.933	-0.241	1499	12244
-14.640	-0.253	0.938	-0.238	1499	12252
-14.124	-0.246	0.947	-0.243	1499	12258
-14.066	-0.244	0.945	-0.236	1499	12265
-13.610	-0.235	0.944	-0.230	1500	12271
-13.050	-0.226	0.943	-0.239	1500	12278
-13.006	-0.222	0.930	-0.238	1500	12285
-13.076	-0.222	0.922	-0.247	1500	12292
-13.653	-0.232	0.921	-0.260	1500	12299
-13.990	-0.239	0.923	-0.266	1500	12305
-14.239	-0.242	0.914	-0.274	1500	12312
-14.552	-0.247	0.913	-0.269	1500	12319
-14.265	-0.243	0.915	-0.278	1500	12325
-14.342	-0.242	0.907	-0.272	1500	12333
-14.266	-0.239	0.900	-0.273	1501	12339
-13.870	-0.234	0.910	-0.270	1501	12346
-14.122	-0.235	0.896	-0.271	1501	12353
-14.253	-0.238	0.898	-0.270	1500	12359
-14.598	-0.241	0.886	-0.271	1500	12366
-14.600	-0.241	0.888	-0.264	1500	12374
-14.421	-0.238	0.891	-0.256	1500	12380
-14.345	-0.238	0.892	-0.271	1500	12387
-14.463	-0.240	0.891	-0.272	1500	12393
-14.690	-0.244	0.890	-0.275	1500	12400
-14.853	-0.248	0.894	-0.276	1500	12407
-15.163	-0.253	0.889	-0.285	1500	12413
-15.438	-0.258	0.887	-0.292	1500	12421
-15.271	-0.255	0.888	-0.289	1499	12428
-15.214	-0.257	0.898	-0.291	1500	12434
-15.355	-0.258	0.894	-0.288	1499	12441
-14.981	-0.251	0.893	-0.288	1499	12447
-14.758	-0.248	0.896	-0.288	1499	12454
-14.385	-0.243	0.902	-0.291	1499	12462
-14.395	-0.244	0.906	-0.289	1499	12468
-14.393	-0.243	0.903	-0.286	1499	12475
-14.375	-0.243	0.904	-0.287	1499	12481
-14.115	-0.238	0.903	-0.286	1499	12488
-14.170	-0.239	0.908	-0.271	1499	12495
-14.081	-0.238	0.909	-0.275	1499	12502
-14.055	-0.240	0.915	-0.289	1500	12509
-14.567	-0.249	0.912	-0.294	1500	12516
-14.421	-0.246	0.910	-0.296	1500	12522
-14.360	-0.245	0.912	-0.291	1500	12529
-14.271	-0.245	0.920	-0.287	1500	12535
-14.169	-0.244	0.922	-0.292	1499	12542
-14.089	-0.243	0.923	-0.295	1500	12550
-14.090	-0.243	0.922	-0.298	1500	12556
-13.583	-0.233	0.918	-0.301	1500	12563
-13.603	-0.233	0.919	-0.293	1500	12569
-13.941	-0.238	0.915	-0.290	1499	12576
-14.183	-0.242	0.911	-0.297	1500	12583
-14.138	-0.242	0.917	-0.289	1500	12590
-14.413	-0.248	0.920	-0.292	1500	12597
-14.375	-0.248	0.926	-0.282	1500	12604
-14.034	-0.244	0.934	-0.287	1500	12610
-14.079	-0.243	0.926	-0.288	1500	12617
-13.970	-0.243	0.936	-0.283	1500	12623
-13.578	-0.237	0.938	-0.291	1500	12631
-13.668	-0.235	0.925	-0.285	1500	12638
-13.858	-0.238	0.923	-0.285	1500	12644
-13.927	-0.238	0.921	-0.274	1500	12651
-14.281	-0.244	0.917	-0.281	1500	12657
-14.241	-0.245	0.921	-0.291	1500	12664
-14.724	-0.253	0.919	-0.286	1500	12672
-14.663	-0.252	0.924	-0.271	1500	12678
-15.046	-0.259	0.925	-0.268	1500	12685
-15.191	-0.261	0.923	-0.266	1500	12692
-15.245	-0.261	0.920	-0.263	1500	12698
-15.255	-0.259	0.912	-0.262	1500	12705
-15.464	-0.261	0.906	-0.259	1500	12711
-15.451	-0.260	0.904	-0.256	1500	12719
-15.581	-0.263	0.907	-0.254	1500	12726
-15.257	-0.258	0.910	-0.255	1500	12732
-15.596	-0.265	0.910	-0.266	1500	12739
-15.544	-0.264	0.908	-0.271	1500	12746
-15.394	-0.266	0.926	-0.271	1500	12752
-14.868	-0.257	0.928	-0.274	1500	12760
-14.484	-0.254	0.942	-0.279	1500	12766
-14.261	-0.247	0.932	-0.277	1500	12773
-14.386	-0.250	0.936	-0.273	1500	12780
-14.462	-0.250	0.930	-0.274	1500	12786
-14.126	-0.243	0.927	-0.273	1500	12793
-13.949	-0.239	0.927	-0.263	1500	12801
-14.343	-0.246	0.927	-0.260	1500	12807
-14.676	-0.251	0.922	-0.262	1500	12814
-14.827	-0.252	0.917	-0.255	1500	12820
-14.769	-0.251	0.915	-0.263	1500	12827
-14.828	-0.254	0.922	-0.265	1500	12834
-15.228	-0.259	0.915	-0.258	1500	12840
-15.268	-0.258	0.907	-0.263	1500	12848
-15.355	-0.259	0.903	-0.269	1500	12855
-15.302	-0.258	0.902	-0.271	1500	12861
-14.989	-0.252	0.900	-0.273	1500	12868
-14.927	-0.250	0.899	-0.266	1500	12874
-14.988	-0.251	0.898	-0.268	1500	12881
-15.004	-0.251	0.896	-0.271	1500	12889
-15.168	-0.254	0.896	-0.274	1500	12895
-15.207	-0.257	0.902	-0.280	1500	12902
-15.537	-0.263	0.902	-0.280	1500	12908
-15.838	-0.268	0.898	-0.287	1500	12915
-15.652	-0.269	0.916	-0.282	1500	12922
-15.855	-0.272	0.915	-0.288	1500	12929
-15.407	-0.265	0.918	-0.282	1500	12936
-15.405	-0.266	0.924	-0.275	1500	12943
-15.210	-0.264	0.929	-0.279	1500	12949
-14.769	-0.257	0.934	-0.278	1500	12956
-14.534	-0.252	0.933	-0.273	1500	12962
-14.294	-0.249	0.938	-0.276	1500	12969
-14.595	-0.254	0.935	-0.278	1500	12977
-14.526	-0.254	0.940	-0.275	1500	12983
-14.561	-0.256	0.946	-0.273	1500	12990
-14.479	-0.255	0.947	-0.277	1500	12997
-14.498	-0.255	0.945	-0.279	1500	13003
-14.553	-0.255	0.942	-0.275	1500	13010
-14.801	-0.259	0.940	-0.273	1500	13017
-14.378	-0.249	0.928	-0.288	1500	13024
-14.266	-0.247	0.928	-0.289	1500	13031
-14.126	-0.243	0.923	-0.286	1500	13037
-14.493	-0.249	0.920	-0.286	1499	13044
-14.424	-0.244	0.907	-0.279	1500	13051
-14.793	-0.249	0.900	-0.280	1500	13058
-15.072	-0.252	0.894	-0.277	1500	13065
-15.392	-0.254	0.881	-0.273	1500	13071
-15.463	-0.257	0.886	-0.278	1500	13078
-15.342	-0.254	0.885	-0.271	1500	13085
-15.585	-0.258	0.885	-0.268	1499	13091
-15.219	-0.253	0.888	-0.276	1500	13099
-14.927	-0.249	0.893	-0.275	1500	13105
-14.863	-0.250	0.902	-0.271	1500	13112
-14.934	-0.251	0.900	-0.273	1500	13119
-14.749	-0.251	0.915	-0.268	1500	13125
-14.790	-0.254	0.923	-0.271	1500	13132
-14.709	-0.252	0.921	-0.271	1500	13139
-14.856	-0.257	0.930	-0.271	1500	13146
-15.138	-0.261	0.927	-0.265	1499	13153
-15.386	-0.266	0.928	-0.267	1500	13159
-15.466	-0.267	0.925	-0.271	1499	13166
-15.062	-0.258	0.917	-0.277	1499	13173
-15.142	-0.259	0.917	-0.271	1499	13179
-15.083	-0.258	0.917	-0.272	1500	13187
-15.145	-0.255	0.904	-0.263	1499	13194
-14.855	-0.251	0.905	-0.275	1500	13200
-14.814	-0.248	0.897	-0.272	1500	13207
-15.078	-0.252	0.896	-0.270	1500	13213
-14.740	-0.247	0.903	-0.257	1500	13220
-14.738	-0.250	0.910	-0.273	1500	13228
-14.504	-0.246	0.911	-0.273	1500	13234
-14.674	-0.249	0.911	-0.272	1500	13241
-14.697	-0.251	0.913	-0.286	1500	13247
-14.521	-0.247	0.912	-0.279	1500	13254
-14.698	-0.250	0.912	-0.276	1500	13261
-14.900	-0.249	0.894	-0.278	1500	13267
-14.984	-0.252	0.901	-0.271	1500	13275
-15.278	-0.251	0.880	-0.265	1500	13282
-15.388	-0.254	0.884	-0.265	1500	13288
-15.394	-0.251	0.874	-0.259	1500	13295
-14.640	-0.241	0.884	-0.268	1500	13301
-14.842	-0.246	0.889	-0.270	1500	13308
-14.404	-0.240	0.895	-0.273	1500	13316
-14.741	-0.252	0.915	-0.282	1500	13322
-14.815	-0.258	0.930	-0.293	1500	13329
-14.642	-0.262	0.957	-0.296	1500	13336
-14.545	-0.265	0.976	-0.298	1500	13342
-14.336	-0.259	0.974	-0.278	1500	13349
-14.544	-0.266	0.988	-0.268	1501	13356
-14.514	-0.268	1.003	-0.250	1501	13363
-14.669	-0.271	1.005	-0.241	1500	13370
-14.424	-0.270	1.021	-0.238	1500	13376
-14.760	-0.274	1.014	-0.239	1500	13383
-14.454	-0.267	1.008	-0.232	1500	13390
-14.146	-0.262	1.011	-0.238	1501	13396
-14.321	-0.261	0.993	-0.238	1500	13404
-14.375	-0.262	0.994	-0.233	1500	13410
-14.115	-0.252	0.975	-0.232	1500	13417
-13.995	-0.250	0.979	-0.221	1501	13424
-14.022	-0.247	0.965	-0.219	1500	13430
-14.135	-0.251	0.974	-0.213	1500	13437
-14.053	-0.251	0.979	-0.219	1500	13444
-14.417	-0.260	0.986	-0.220	1501	13451
-14.489	-0.261	0.984	-0.222	1501	13458
-14.530	-0.263	0.989	-0.221	1501	13464
-14.899	-0.271	0.990	-0.230	1501	13471
-15.210	-0.274	0.982	-0.231	1501	13478
-14.818	-0.266	0.977	-0.233	1501	13485
-14.816	-0.263	0.966	-0.231	1501	13492
-14.692	-0.259	0.959	-0.233	1501	13498
-14.602	-0.255	0.953	-0.221	1501	13505
-14.816	-0.258	0.948	-0.226	1501	13512
-14.908	-0.262	0.957	-0.225	1501	13518
-14.973	-0.268	0.973	-0.234	1501	13526
-15.220	-0.272	0.974	-0.234	1501	13533
-15.660	-0.284	0.982	-0.250	1500	13539
-15.920	-0.290	0.985	-0.251	1500	13546
-16.568	-0.304	0.990	-0.248	1500	13552
-16.974	-0.310	0.984	-0.244	1500	13559
-17.531	-0.317	0.974	-0.248	1500	13566
-17.297	-0.309	0.961	-0.242	1500	13573
-17.605	-0.310	0.945	-0.241	1500	13580
-16.952	-0.295	0.938	-0.235	1500	13586
-16.786	-0.291	0.938	-0.224	1500	13593
-15.994	-0.280	0.952	-0.223	1500	13600
-15.532	-0.277	0.971	-0.231	1500	13606
-15.271	-0.279	0.994	-0.241	1500	13614
-15.160	-0.283	1.014	-0.255	1500	13621
-15.497	-0.297	1.029	-0.295	1499	13627
-15.952	-0.311	1.042	-0.308	1499	13634
-17.020	-0.331	1.028	-0.335	1499	13640
-17.886	-0.345	1.013	-0.340	1499	13647
-18.795	-0.361	1.008	-0.334	1499	13655
-19.667	-0.375	1.005	-0.302	1499	13661
-20.106	-0.381	0.998	-0.294	1499	13668
-20.344	-0.388	1.010	-0.271	1500	13675
-20.353	-0.389	1.012	-0.272	1500	13681
-20.380	-0.387	1.009	-0.257	1500	13688
-20.356	-0.382	0.998	-0.251	1500	13694
-20.985	-0.394	0.997	-0.242	1500	13702
-21.518	-0.397	0.980	-0.234	1500	13709
-22.032	-0.403	0.972	-0.222	1500	13715
-22.284	-0.401	0.960	-0.194	1500	13722
-22.257	-0.398	0.957	-0.179	1500	13728
-22.363	-0.395	0.945	-0.161	1500	13735
