-82.412	-0.980	-0.128	-0.026	1502	22
-82.196	-0.982	-0.132	-0.027	1502	28
-81.910	-0.983	-0.135	-0.037	1502	35
-81.831	-0.983	-0.137	-0.035	1504	41
-82.551	-0.993	-0.125	-0.035	1503	49
-81.835	-0.992	-0.138	-0.036	1502	56
-82.217	-0.999	-0.134	-0.027	1503	62
-82.486	-0.995	-0.125	-0.040	1503	69
-82.623	-1.003	-0.121	-0.047	1502	75
-82.744	-0.997	-0.121	-0.038	1502	82
-83.110	-0.997	-0.115	-0.035	1503	89
-83.516	-0.986	-0.106	-0.035	1503	96
-83.429	-0.987	-0.106	-0.040	1503	102
-83.326	-0.984	-0.109	-0.036	1504	109
-83.344	-0.985	-0.107	-0.041	1504	115
-83.361	-0.984	-0.108	-0.037	1504	122
-83.193	-0.983	-0.112	-0.034	1505	129
-83.339	-0.986	-0.109	-0.036	1504	136
-83.030	-0.985	-0.118	-0.023	1503	142
-83.723	-0.988	-0.107	-0.017	1503	149
-83.031	-0.994	-0.118	-0.028	1503	155
-83.717	-0.994	-0.105	-0.029	1502	162
-83.658	-0.992	-0.105	-0.032	1502	169
-84.399	-0.995	-0.095	-0.023	1501	176
-84.658	-0.998	-0.091	-0.021	1499	183
-84.350	-0.991	-0.095	-0.025	1499	189
-83.710	-0.993	-0.105	-0.029	1499	196
-83.621	-0.990	-0.108	-0.022	1500	202
-83.785	-0.989	-0.106	-0.017	1501	209
-83.475	-0.992	-0.109	-0.030	1501	216
-83.772	-0.995	-0.106	-0.021	1500	223
-83.870	-0.995	-0.104	-0.022	1500	229
-83.803	-0.997	-0.104	-0.028	1499	236
-83.712	-0.987	-0.104	-0.030	1498	243
-83.971	-0.991	-0.100	-0.032	1499	249
-83.921	-0.994	-0.103	-0.026	1499	257
-83.731	-0.992	-0.106	-0.023	1499	263
-83.837	-0.990	-0.105	-0.018	1499	270
-84.116	-0.993	-0.099	-0.027	1499	276
-84.142	-0.995	-0.099	-0.026	1499	283
-84.307	-0.993	-0.092	-0.037	1498	289
-84.731	-0.991	-0.087	-0.028	1499	296
-84.536	-0.996	-0.087	-0.039	1499	303
-84.454	-1.003	-0.091	-0.035	1498	310
-84.504	-0.997	-0.089	-0.036	1498	317
-84.263	-0.993	-0.094	-0.034	1499	323
-84.497	-0.994	-0.090	-0.033	1500	330
-84.256	-0.986	-0.093	-0.035	1500	336
-84.237	-0.983	-0.091	-0.040	1499	344
-84.088	-0.984	-0.094	-0.040	1498	350
-84.732	-0.989	-0.085	-0.033	1498	357
-84.524	-0.993	-0.089	-0.034	1498	363
-84.544	-0.996	-0.091	-0.028	1497	370
-84.711	-0.994	-0.087	-0.030	1498	376
-84.575	-0.995	-0.087	-0.037	1497	384
-84.587	-0.999	-0.088	-0.035	1496	391
-85.069	-0.999	-0.081	-0.029	1494	397
-84.824	-0.995	-0.083	-0.035	1495	404
-84.747	-0.992	-0.085	-0.033	1497	410
-84.164	-0.988	-0.097	-0.029	1497	417
-84.289	-0.985	-0.093	-0.033	1497	423
-83.631	-0.979	-0.104	-0.035	1497	431
-83.532	-0.983	-0.105	-0.036	1498	437
-83.406	-0.991	-0.108	-0.037	1499	444
-83.479	-0.989	-0.108	-0.032	1497	450
-83.741	-0.998	-0.105	-0.029	1497	457
-83.576	-0.995	-0.108	-0.028	1498	464
-83.332	-0.986	-0.113	-0.021	1499	471
-83.294	-0.987	-0.113	-0.025	1499	478
-83.286	-0.984	-0.113	-0.024	1497	484
-83.292	-0.985	-0.111	-0.032	1498	491
-83.671	-0.989	-0.103	-0.039	1499	497
-83.878	-0.999	-0.102	-0.034	1500	504
-83.965	-1.005	-0.101	-0.034	1499	510
-84.061	-1.002	-0.102	-0.023	1499	518
-84.361	-1.001	-0.097	-0.021	1501	524
-84.396	-0.995	-0.097	-0.014	1501	531
-84.137	-0.990	-0.098	-0.028	1500	538
-84.865	-0.991	-0.087	-0.020	1502	544
-84.531	-0.992	-0.092	-0.024	1502	551
-84.727	-0.993	-0.089	-0.022	1502	558
-83.923	-0.991	-0.104	-0.021	1501	565
-83.734	-0.988	-0.104	-0.029	1502	571
-83.727	-0.981	-0.106	-0.018	1503	578
-83.256	-0.979	-0.112	-0.028	1502	584
-83.838	-0.985	-0.103	-0.028	1502	591
-83.705	-0.988	-0.104	-0.034	1503	599
-84.204	-0.994	-0.098	-0.025	1501	605
-84.107	-0.994	-0.099	-0.028	1502	612
-84.306	-0.988	-0.093	-0.033	1502	618
-84.328	-0.995	-0.097	-0.021	1502	625
-84.065	-0.993	-0.102	-0.019	1504	631
-83.542	-0.993	-0.111	-0.016	1503	638
-83.497	-0.991	-0.109	-0.028	1503	645
-83.585	-1.000	-0.107	-0.033	1502	652
-83.110	-0.997	-0.115	-0.035	1502	658
-83.548	-1.001	-0.111	-0.021	1503	665
-83.238	-1.000	-0.118	-0.010	1503	672
-83.207	-0.996	-0.117	-0.019	1503	678
-82.901	-0.990	-0.122	-0.018	1503	686
-83.978	-0.995	-0.103	-0.022	1503	692
-84.129	-0.985	-0.100	-0.019	1503	699
-83.892	-0.984	-0.104	-0.020	1503	705
-83.759	-0.991	-0.106	-0.021	1504	712
-83.749	-0.988	-0.105	-0.024	1503	718
-83.974	-0.996	-0.104	-0.012	1503	726
-83.860	-0.997	-0.105	-0.020	1503	733
-84.245	-0.994	-0.099	-0.018	1503	739
-84.197	-0.991	-0.099	-0.021	1503	746
-84.346	-0.992	-0.094	-0.029	1504	752
-84.302	-0.989	-0.089	-0.043	1506	759
-84.218	-0.992	-0.094	-0.036	1506	765
-84.666	-0.989	-0.087	-0.031	1506	773
-84.568	-0.984	-0.086	-0.037	1506	779
-84.687	-0.987	-0.084	-0.037	1506	786
-84.923	-0.984	-0.080	-0.035	1506	792
-84.727	-0.992	-0.085	-0.034	1507	799
-84.752	-0.997	-0.085	-0.034	1508	806
-84.855	-0.997	-0.083	-0.034	1508	813
-85.019	-0.993	-0.079	-0.035	1508	820
-85.536	-0.990	-0.069	-0.034	1509	826
-85.110	-0.976	-0.073	-0.040	1510	833
-85.121	-0.982	-0.075	-0.037	1509	839
-84.746	-0.987	-0.077	-0.048	1510	846
-84.682	-0.996	-0.085	-0.037	1512	852
-84.252	-1.003	-0.092	-0.042	1512	860
-83.910	-1.000	-0.098	-0.043	1513	866
-83.669	-1.002	-0.105	-0.035	1513	873
-83.080	-0.992	-0.111	-0.046	1515	879
-83.461	-0.987	-0.105	-0.041	1517	886
-83.608	-0.983	-0.101	-0.045	1520	893
-83.451	-0.979	-0.103	-0.046	1521	900
-83.511	-0.978	-0.103	-0.043	1522	907
-83.758	-0.977	-0.099	-0.041	1524	913
-83.448	-0.973	-0.104	-0.042	1526	920
-83.000	-0.977	-0.112	-0.042	1528	926
-82.585	-0.982	-0.121	-0.041	1528	933
-82.839	-0.993	-0.119	-0.037	1529	940
-83.364	-0.998	-0.110	-0.036	1530	947
-83.619	-0.994	-0.105	-0.035	1529	954
-83.869	-0.999	-0.104	-0.028	1528	960
-83.941	-0.986	-0.100	-0.032	1527	967
-83.675	-0.986	-0.104	-0.035	1525	973
-83.616	-0.995	-0.104	-0.041	1524	980
-77.783	-0.995	-0.211	-0.044	1523	987
-72.932	-1.458	0.019	-0.447	1519	994
-24.180	-0.467	0.277	1.002	1515	1000
-24.921	-0.693	-1.046	1.064	1515	1007
-40.956	-1.134	-0.410	1.240	1514	1014
-53.959	-1.441	0.196	1.030	1514	1020
-53.134	-1.105	0.089	0.824	1513	1028
-79.192	-1.064	-0.108	0.172	1512	1034
-76.533	-0.950	-0.203	-0.103	1509	1041
-60.917	-0.791	-0.292	-0.329	1506	1048
-62.143	-0.717	-0.255	-0.280	1504	1054
-78.051	-0.729	-0.154	0.005	1503	1061
-83.659	-0.759	0.020	0.082	1502	1068
-78.112	-0.845	-0.020	0.177	1502	1075
-81.906	-1.002	-0.140	0.028	1502	1082
-79.478	-1.200	-0.185	-0.125	1502	1088
-82.272	-1.275	-0.144	-0.097	1502	1095
-84.483	-1.187	-0.114	-0.009	1502	1101
-84.187	-1.049	-0.105	0.017	1502	1108
-83.129	-0.927	-0.111	-0.009	1501	1116
-82.554	-0.847	-0.102	-0.044	1500	1122
-82.238	-0.861	-0.101	-0.061	1499	1129
-83.265	-0.938	-0.096	-0.056	1499	1135
-83.583	-0.998	-0.104	-0.041	1498	1142
-84.048	-1.052	-0.109	-0.008	1497	1149
-83.614	-1.057	-0.118	-0.005	1496	1156
-83.581	-1.021	-0.112	-0.024	1494	1163
-83.180	-0.990	-0.110	-0.043	1494	1169
-82.505	-0.953	-0.118	-0.042	1493	1176
-82.555	-0.957	-0.121	-0.031	1493	1183
-82.490	-0.971	-0.123	-0.035	1493	1189
-82.489	-0.995	-0.129	-0.024	1492	1197
-82.158	-1.008	-0.138	-0.018	1493	1203
-82.009	-1.014	-0.140	-0.027	1493	1210
-81.485	-1.000	-0.148	-0.020	1493	1217
-69.600	-0.967	-0.350	-0.084	1492	1223
-18.650	-0.604	0.725	1.635	1490	1230
-25.816	-1.011	-0.604	-2.000	1490	1236
-37.291	-0.688	-0.769	-0.474	1493	1244
-84.429	-1.316	0.124	-0.033	1494	1251
-75.576	-1.415	0.296	0.212	1496	1257
-68.742	-1.101	0.146	0.402	1497	1264
-85.593	-0.986	0.052	-0.056	1496	1270
-72.986	-0.885	-0.177	-0.205	1496	1277
-66.513	-0.832	-0.268	-0.243	1496	1285
-76.837	-0.881	-0.205	-0.020	1495	1291
-78.881	-0.970	-0.136	0.134	1495	1298
-75.541	-1.006	-0.173	0.193	1496	1304
-79.495	-1.012	-0.183	0.043	1497	1311
-77.088	-0.989	-0.206	-0.095	1496	1318
-79.387	-0.975	-0.169	-0.069	1495	1325
-83.639	-0.981	-0.109	-0.003	1493	1332
-84.564	-0.985	-0.094	-0.002	1495	1338
-84.450	-0.992	-0.096	-0.012	1496	1345
-84.044	-0.992	-0.101	-0.024	1497	1352
-83.624	-0.994	-0.107	-0.028	1497	1358
-82.619	-0.994	-0.122	-0.041	1497	1366
-82.056	-0.998	-0.135	-0.035	1496	1372
-81.888	-0.996	-0.141	-0.020	1496	1379
-81.781	-0.999	-0.144	-0.015	1497	1386
-81.476	-0.996	-0.144	-0.041	1497	1392
-81.120	-0.990	-0.146	-0.050	1497	1399
-81.886	-0.979	-0.134	-0.040	1498	1405
-81.934	-0.979	-0.136	-0.028	1498	1413
-82.014	-0.978	-0.136	-0.020	1498	1420
-81.966	-0.980	-0.137	-0.021	1498	1426
-81.622	-0.993	-0.145	-0.022	1497	1433
-81.739	-0.993	-0.144	-0.014	1497	1439
-80.920	-0.989	-0.157	-0.017	1498	1446
-81.105	-0.989	-0.153	-0.021	1498	1454
-81.391	-0.987	-0.147	-0.024	1498	1460
-81.927	-0.994	-0.140	-0.020	1498	1467
-82.122	-0.993	-0.136	-0.021	1497	1473
-82.764	-0.997	-0.124	-0.025	1497	1480
-82.699	-0.994	-0.125	-0.024	1499	1487
-82.017	-0.991	-0.133	-0.041	1499	1494
-81.241	-0.995	-0.147	-0.042	1499	1501
-83.098	-0.984	-0.116	-0.026	1499	1507
-82.708	-0.982	-0.124	-0.021	1498	1514
-82.606	-0.990	-0.126	-0.025	1497	1521
-82.568	-0.986	-0.128	-0.014	1498	1527
-82.774	-0.983	-0.122	-0.025	1497	1534
-82.925	-0.988	-0.121	-0.020	1496	1542
-83.065	-0.992	-0.120	-0.012	1496	1548
-82.914	-0.989	-0.120	-0.026	1495	1555
-83.406	-1.000	-0.114	-0.018	1496	1561
-82.906	-1.003	-0.121	-0.030	1496	1568
-82.689	-1.012	-0.126	-0.031	1496	1575
-83.072	-0.994	-0.117	-0.029	1496	1582
-84.016	-0.985	-0.101	-0.023	1496	1589
-83.160	-0.978	-0.114	-0.026	1497	1595
-83.462	-0.990	-0.109	-0.030	1497	1602
-83.619	-0.995	-0.109	-0.021	1496	1608
-83.991	-0.999	-0.104	-0.019	1495	1615
-83.791	-0.995	-0.104	-0.028	1494	1623
-83.828	-0.999	-0.105	-0.023	1494	1629
-83.957	-0.984	-0.103	-0.019	1493	1636
-83.975	-0.989	-0.104	-0.014	1494	1643
-83.918	-0.985	-0.104	-0.018	1494	1649
-83.852	-0.983	-0.105	-0.010	1495	1656
-83.978	-0.991	-0.104	-0.004	1495	1662
-83.766	-0.990	-0.107	-0.013	1495	1670
-83.810	-0.987	-0.106	-0.012	1494	1677
-84.070	-0.985	-0.102	-0.013	1494	1683
-84.076	-0.982	-0.102	-0.009	1494	1690
-83.882	-0.996	-0.105	-0.017	1493	1696
-83.711	-0.995	-0.108	-0.017	1494	1703
-83.461	-1.004	-0.114	-0.014	1493	1710
-83.691	-0.998	-0.110	0.000	1493	1717
-84.113	-0.995	-0.103	-0.004	1492	1724
-84.381	-1.001	-0.098	-0.013	1493	1730
-84.185	-1.001	-0.102	-0.009	1491	1737
-84.305	-1.000	-0.100	-0.005	1491	1743
-84.566	-1.000	-0.095	-0.009	1492	1751
-84.539	-0.995	-0.095	-0.009	1491	1758
-84.365	-0.994	-0.097	-0.017	1489	1764
-84.239	-0.988	-0.099	-0.015	1489	1771
-83.702	-0.994	-0.109	-0.009	1489	1777
-83.257	-0.986	-0.116	-0.010	1489	1784
-82.539	-0.982	-0.128	-0.014	1488	1792
-82.742	-0.979	-0.123	-0.021	1488	1798
-82.715	-0.984	-0.123	-0.026	1488	1805
-83.001	-0.992	-0.117	-0.033	1490	1811
-82.662	-0.998	-0.123	-0.037	1490	1818
-81.694	-0.995	-0.140	-0.040	1490	1825
-81.359	-0.999	-0.147	-0.036	1490	1831
-81.459	-0.992	-0.146	-0.027	1492	1839
-81.238	-0.980	-0.146	-0.037	1493	1845
-81.310	-0.972	-0.145	-0.034	1494	1852
-81.709	-0.974	-0.138	-0.034	1496	1859
-81.860	-0.978	-0.137	-0.029	1496	1865
-81.833	-0.982	-0.138	-0.030	1494	1872
-82.127	-0.988	-0.133	-0.032	1494	1880
-82.027	-0.993	-0.134	-0.038	1494	1886
-81.895	-0.986	-0.137	-0.032	1495	1893
-82.304	-0.994	-0.128	-0.041	1497	1899
-82.974	-0.988	-0.117	-0.033	1498	1906
-83.461	-0.987	-0.105	-0.041	1498	1913
-83.684	-0.987	-0.100	-0.045	1497	1920
-84.258	-0.978	-0.092	-0.035	1496	1927
-83.968	-0.983	-0.097	-0.038	1496	1933
-84.146	-0.989	-0.093	-0.041	1495	1940
-83.608	-0.994	-0.100	-0.050	1493	1947
-83.568	-1.001	-0.104	-0.045	1492	1953
-83.575	-1.005	-0.103	-0.048	1491	1960
-83.553	-1.001	-0.102	-0.050	1490	1967
-83.520	-0.988	-0.100	-0.052	1491	1974
-84.081	-0.986	-0.090	-0.049	1490	1981
-83.868	-0.978	-0.097	-0.041	1489	1987
-84.087	-0.976	-0.083	-0.058	1488	1994
-83.810	-0.977	-0.087	-0.061	1487	2000
-83.888	-0.994	-0.089	-0.059	1488	2008
-83.516	-1.003	-0.102	-0.052	1486	2015
-83.547	-1.021	-0.105	-0.047	1487	2021
-83.553	-1.024	-0.104	-0.050	1489	2028
-83.199	-1.011	-0.107	-0.055	1489	2034
-83.484	-0.996	-0.096	-0.062	1489	2041
-84.011	-0.979	-0.079	-0.065	1487	2049
-84.763	-0.979	-0.063	-0.064	1486	2055
-84.354	-0.979	-0.064	-0.072	1487	2062
-83.886	-0.985	-0.082	-0.066	1486	2068
-84.031	-0.990	-0.084	-0.061	1486	2075
-84.099	-0.993	-0.085	-0.058	1486	2082
-84.041	-0.991	-0.086	-0.058	1488	2088
-83.621	-0.993	-0.086	-0.070	1490	2096
-83.651	-0.983	-0.083	-0.071	1491	2102
-83.046	-0.981	-0.090	-0.079	1490	2109
-83.092	-0.981	-0.088	-0.080	1490	2115
-83.766	-0.984	-0.083	-0.068	1491	2122
-83.931	-0.983	-0.086	-0.060	1489	2129
-83.259	-0.979	-0.097	-0.063	1492	2136
-83.278	-0.986	-0.099	-0.062	1495	2143
-83.025	-0.987	-0.111	-0.047	1496	2149
-82.552	-0.985	-0.121	-0.044	1496	2156
-82.370	-0.975	-0.121	-0.049	1495	2163
-82.140	-0.978	-0.121	-0.060	1496	2169
-82.027	-0.977	-0.120	-0.065	1497	2177
-82.814	-0.979	-0.114	-0.047	1499	2184
-82.791	-0.981	-0.121	-0.027	1500	2190
-82.886	-0.985	-0.121	-0.021	1501	2197
-82.623	-0.981	-0.126	-0.017	1502	2203
-82.282	-0.989	-0.132	-0.024	1499	2210
-81.621	-0.984	-0.143	-0.026	1497	2217
-81.848	-0.986	-0.140	-0.021	1497	2224
-81.022	-0.984	-0.152	-0.031	1499	2231
-80.096	-0.982	-0.171	-0.015	1498	2237
-80.429	-0.986	-0.165	-0.021	1497	2244
-80.628	-0.991	-0.161	-0.028	1497	2251
-80.785	-0.996	-0.160	-0.021	1496	2257
-81.555	-1.002	-0.148	-0.010	1498	2265
-81.664	-0.998	-0.146	-0.015	1499	2271
-81.550	-0.993	-0.146	-0.018	1494	2278
-81.689	-0.983	-0.143	-0.018	1494	2285
-81.805	-0.981	-0.139	-0.027	1495	2291
-81.245	-0.982	-0.150	-0.017	1493	2298
-80.767	-0.979	-0.158	-0.017	1491	2305
-81.241	-0.979	-0.150	-0.011	1491	2312
-81.688	-0.984	-0.144	-0.009	1495	2319
-81.875	-0.992	-0.142	-0.004	1498	2325
-82.285	-0.993	-0.133	-0.021	1498	2332
-82.197	-1.001	-0.134	-0.030	1497	2338
-82.902	-0.999	-0.124	-0.010	1496	2345
-83.538	-0.996	-0.112	-0.011	1494	2353
-83.827	-0.992	-0.106	-0.014	1491	2359
-84.039	-0.989	-0.100	-0.027	1492	2366
-84.729	-0.994	-0.087	-0.029	1494	2372
-84.706	-0.990	-0.088	-0.026	1493	2379
-86.056	-0.986	-0.065	-0.019	1490	2386
-86.488	-0.986	-0.058	-0.019	1490	2393
-87.015	-0.984	-0.048	-0.019	1491	2400
-87.076	-0.994	-0.047	-0.020	1493	2406
-87.213	-1.005	-0.044	-0.021	1493	2413
-87.308	-1.005	-0.041	-0.023	1494	2420
-87.003	-1.001	-0.047	-0.023	1495	2426
-87.068	-1.002	-0.048	-0.019	1497	2434
-86.561	-0.997	-0.057	-0.020	1496	2440
-86.700	-0.991	-0.054	-0.020	1498	2447
-87.195	-0.991	-0.042	-0.024	1500	2454
-87.182	-0.997	-0.036	-0.033	1501	2460
-87.269	-1.004	-0.030	-0.037	1501	2467
-87.474	-0.987	-0.032	-0.029	1501	2473
-86.430	-0.994	-0.052	-0.034	1502	2481
-85.997	-0.977	-0.059	-0.035	1500	2488
-85.032	-0.990	-0.078	-0.036	1500	2494
-84.744	-0.992	-0.082	-0.040	1499	2501
-84.603	-0.986	-0.078	-0.051	1495	2507
-84.856	-0.982	-0.076	-0.045	1494	2514
-85.192	-0.974	-0.070	-0.042	1490	2521
-85.343	-0.975	-0.067	-0.042	1491	2528
-85.588	-0.987	-0.062	-0.045	1494	2535
-84.969	-1.000	-0.073	-0.049	1494	2541
-85.240	-1.018	-0.075	-0.039	1493	2548
-85.209	-1.012	-0.074	-0.041	1493	2554
-85.277	-1.000	-0.072	-0.040	1491	2562
-85.789	-0.997	-0.064	-0.035	1479	2569
-85.686	-0.999	-0.064	-0.039	1478	2575
-86.033	-0.992	-0.057	-0.039	1480	2582
-86.385	-0.999	-0.052	-0.036	1479	2588
-86.432	-0.996	-0.050	-0.037	1482	2595
-87.062	-0.996	-0.037	-0.035	1488	2603
-87.018	-1.008	-0.038	-0.036	1491	2609
-86.968	-1.004	-0.037	-0.038	1491	2616
-86.934	-1.007	-0.044	-0.031	1487	2622
-86.469	-0.997	-0.050	-0.036	1486	2629
-86.878	-0.993	-0.048	-0.025	1485	2635
-86.536	-0.981	-0.054	-0.025	1486	2642
-86.572	-0.990	-0.050	-0.032	1486	2650
-86.706	-0.989	-0.053	-0.021	1487	2656
-86.388	-0.993	-0.060	-0.020	1489	2663
-86.197	-0.988	-0.064	-0.013	1489	2669
-85.400	-0.987	-0.074	-0.028	1487	2676
-85.829	-0.992	-0.067	-0.026	1482	2683
-85.637	-0.996	-0.067	-0.035	1488	2690
-84.783	-1.000	-0.077	-0.049	1485	2697
-84.616	-0.992	-0.085	-0.039	1484	2703
-84.549	-0.994	-0.089	-0.033	1479	2710
-84.615	-0.986	-0.089	-0.027	1483	2717
-84.194	-0.985	-0.099	-0.018	1484	2723
-85.021	-0.981	-0.083	-0.021	1488	2731
-85.054	-0.992	-0.082	-0.025	1494	2737
-85.682	-1.004	-0.073	-0.020	1491	2744
-85.360	-1.001	-0.079	-0.019	1489	2751
-85.034	-1.004	-0.081	-0.032	1481	2757
-85.559	-0.998	-0.073	-0.025	1476	2764
-85.736	-0.986	-0.072	-0.014	1481	2770
-85.949	-0.981	-0.066	-0.021	1481	2778
-85.923	-0.980	-0.067	-0.019	1483	2785
-85.924	-0.979	-0.066	-0.021	1486	2791
-86.423	-0.986	-0.054	-0.030	1489	2798
-86.617	-0.998	-0.052	-0.028	1488	2804
-86.717	-1.013	-0.056	-0.017	1483	2811
-86.767	-1.015	-0.056	-0.014	1482	2818
-87.195	-1.001	-0.048	-0.011	1483	2825
-87.136	-0.997	-0.046	-0.020	1472	2832
-87.576	-0.993	-0.036	-0.021	1478	2838
-87.949	-0.988	-0.032	-0.015	1485	2845
-88.068	-0.988	-0.028	-0.018	1488	2851
-88.067	-0.985	-0.033	-0.002	1485	2859
-87.436	-0.983	-0.044	-0.003	1483	2866
-87.410	-0.994	-0.045	-0.002	1488	2872
-87.438	-1.005	-0.045	0.002	1481	2879
-87.271	-1.024	-0.049	0.000	1476	2885
-87.882	-1.035	-0.038	-0.004	1475	2892
-87.803	-1.026	-0.034	-0.020	1469	2899
-87.837	-1.014	-0.030	-0.023	1470	2906
-88.172	-0.999	-0.021	-0.024	1472	2913
-88.497	-0.982	-0.016	-0.021	1467	2919
-88.424	-0.990	-0.007	-0.026	1463	2926
-88.988	-0.997	-0.001	-0.018	1458	2933
-89.192	-0.999	0.008	-0.012	1456	2939
-88.686	-1.016	0.013	-0.020	1467	2947
-87.818	-1.024	0.021	-0.033	1463	2953
-88.010	-1.019	0.015	-0.032	1457	2960
-88.204	-1.015	0.010	-0.030	1460	2967
-88.544	-1.006	0.003	-0.025	1467	2973
-88.199	-0.994	-0.020	-0.024	1466	2980
-87.583	-0.996	-0.021	-0.036	1465	2987
-87.530	-0.986	-0.022	-0.036	1464	2994
-88.156	-0.995	-0.025	-0.020	1468	3001
-87.692	-0.999	-0.031	-0.025	1463	3007
-86.511	-1.021	-0.047	-0.041	1460	3014
-86.688	-1.021	-0.049	-0.033	1461	3020
-86.733	-1.012	-0.055	-0.019	1461	3027
-86.664	-0.986	-0.054	-0.021	1463	3035
-87.128	-0.967	-0.044	-0.021	1466	3041
-87.432	-0.949	-0.025	-0.034	1472	3048
-86.839	-0.957	-0.024	-0.047	1473	3054
-86.545	-0.971	-0.023	-0.054	1477	3061
-86.004	-0.994	-0.030	-0.063	1481	3068
-86.363	-1.015	-0.034	-0.055	1478	3075
-86.162	-1.021	-0.045	-0.052	1487	3082
-86.600	-1.004	-0.046	-0.038	1488	3088
-86.363	-0.986	-0.050	-0.038	1483	3095
-86.060	-0.973	-0.054	-0.040	1475	3101
-85.573	-0.976	-0.058	-0.049	1483	3108
-84.852	-0.989	-0.075	-0.048	1487	3116
-84.597	-1.013	-0.088	-0.038	1494	3122
-84.387	-1.017	-0.093	-0.037	1496	3129
-84.617	-1.003	-0.087	-0.037	1495	3135
-85.439	-0.993	-0.068	-0.040	1496	3142
-86.450	-0.975	-0.052	-0.031	1500	3149
-87.139	-0.968	-0.035	-0.033	1494	3155
-87.321	-0.971	-0.020	-0.041	1496	3163
-87.730	-0.983	-0.015	-0.036	1501	3169
-87.194	-0.998	-0.021	-0.044	1502	3176
-86.997	-1.002	-0.030	-0.043	1504	3183
-87.092	-1.008	-0.029	-0.042	1502	3189
-87.365	-1.009	-0.018	-0.043	1504	3196
-87.329	-1.012	-0.020	-0.043	1496	3203
-88.226	-1.002	-0.013	-0.028	1496	3210
-88.314	-0.994	-0.013	-0.026	1498	3217
-88.012	-0.994	-0.015	-0.031	1505	3223
-87.679	-0.991	-0.018	-0.036	1502	3230
-87.576	-0.992	-0.013	-0.040	1500	3236
-87.747	-0.989	-0.012	-0.037	1493	3244
-87.330	-0.995	-0.007	-0.046	1496	3251
-87.612	-1.006	-0.018	-0.038	1480	3257
-87.754	-1.004	-0.028	-0.027	1477	3264
-87.787	-0.996	-0.031	-0.022	1476	3270
-88.226	-0.990	-0.019	-0.024	1471	3277
-88.276	-0.985	-0.009	-0.028	1458	3284
-87.759	-0.979	-0.013	-0.036	1464	3291
-87.401	-0.987	-0.009	-0.044	1471	3298
-87.149	-1.000	-0.010	-0.049	1474	3304
-87.752	-0.999	-0.013	-0.037	1465	3311
-87.897	-0.993	-0.013	-0.034	1464	3318
-87.283	-0.986	-0.019	-0.043	1462	3324
-87.901	-0.990	-0.015	-0.033	1467	3332
-87.585	-0.994	-0.020	-0.037	1464	3338
-87.966	-1.001	-0.013	-0.033	1462	3345
-88.473	-1.000	-0.013	-0.023	1461	3352
-88.210	-1.002	-0.002	-0.031	1462	3358
-88.417	-1.000	0.015	-0.023	1459	3365
-87.298	-0.989	0.028	-0.037	1451	3372
-87.035	-0.992	0.032	-0.040	1455	3379
-86.573	-0.996	0.038	-0.046	1462	3385
-86.670	-1.006	0.025	-0.053	1464	3392
-87.383	-1.016	0.012	-0.045	1466	3399
-88.426	-1.018	-0.006	-0.027	1462	3405
-88.723	-1.012	-0.002	-0.022	1469	3412
-88.869	-1.009	-0.004	-0.020	1464	3419
-88.753	-0.993	-0.007	-0.021	1460	3426
-88.355	-0.991	-0.003	-0.028	1463	3433
-87.921	-0.992	-0.008	-0.035	1469	3439
-87.623	-0.997	-0.014	-0.039	1473	3446
-86.896	-1.007	-0.024	-0.049	1466	3452
-87.594	-1.004	-0.028	-0.031	1479	3460
-88.125	-0.988	-0.028	-0.016	1479	3467
-87.888	-0.972	-0.011	-0.034	1475	3473
-87.859	-0.959	0.018	-0.031	1484	3480
-87.317	-0.976	0.016	-0.043	1484	3486
-87.219	-0.998	0.008	-0.048	1476	3493
-87.599	-1.015	0.007	-0.042	1481	3501
-87.720	-1.024	0.012	-0.039	1488	3507
-88.354	-1.022	0.008	-0.028	1491	3514
-89.024	-1.001	0.004	-0.017	1479	3520
-88.520	-0.994	-0.004	-0.025	1489	3527
-87.972	-0.999	-0.004	-0.035	1490	3534
-87.850	-1.005	-0.014	-0.035	1491	3540
-88.261	-1.010	-0.016	-0.026	1496	3548
-87.848	-1.000	-0.018	-0.033	1502	3554
-87.323	-0.992	-0.030	-0.035	1508	3561
-87.112	-0.977	-0.031	-0.038	1512	3568
-86.643	-0.980	-0.044	-0.037	1512	3574
-86.966	-0.981	-0.033	-0.040	1504	3581
-86.966	-0.992	-0.014	-0.051	1508	3588
-86.908	-1.000	-0.012	-0.053	1502	3595
-87.029	-1.000	-0.004	-0.052	1513	3602
-87.577	-0.992	0.000	-0.042	1511	3608
-87.962	-0.991	-0.003	-0.035	1511	3615
-87.998	-0.982	-0.009	-0.033	1513	3621
-87.924	-0.983	-0.006	-0.035	1511	3629
-87.366	-0.995	-0.009	-0.045	1523	3635
-87.951	-1.007	-0.008	-0.035	1515	3642
-88.517	-1.002	-0.009	-0.024	1508	3649
-88.900	-0.999	-0.005	-0.019	1516	3655
-88.533	-0.994	0.002	-0.025	1516	3662
-88.272	-0.979	-0.004	-0.029	1508	3668
-88.153	-0.978	0.009	-0.030	1508	3676
-88.341	-0.992	0.005	-0.028	1514	3683
-87.886	-0.996	0.011	-0.035	1525	3689
-87.619	-0.999	0.021	-0.036	1503	3696
-87.675	-0.994	0.021	-0.034	1501	3702
-87.845	-0.993	0.021	-0.031	1507	3709
-87.687	-0.991	0.009	-0.039	1503	3717
-87.945	-0.989	0.005	-0.035	1506	3723
-87.762	-1.000	-0.001	-0.039	1494	3730
-88.415	-1.004	-0.005	-0.027	1484	3736
-88.428	-0.997	0.001	-0.027	1505	3743
-88.377	-0.994	0.016	-0.023	1509	3750
-88.188	-0.988	0.024	-0.020	1485	3757
-88.178	-1.006	0.027	-0.017	1492	3764
-88.245	-1.017	0.023	-0.021	1504	3770
-87.190	-1.032	0.023	-0.045	1494	3777
-87.705	-1.028	0.024	-0.033	1507	3783
-87.441	-1.016	0.015	-0.043	1482	3790
-86.805	-1.002	0.012	-0.055	1496	3798
-87.279	-0.993	0.020	-0.043	1489	3804
-87.075	-0.991	0.032	-0.039	1475	3811
-87.245	-0.995	0.030	-0.037	1488	3817
-86.224	-1.008	0.043	-0.051	1474	3824
-85.441	-1.008	0.037	-0.071	1478	3831
-86.129	-0.997	0.025	-0.063	1469	3837
-86.772	-0.983	0.024	-0.050	1489	3845
-86.874	-0.976	0.035	-0.040	1493	3851
-86.629	-0.972	0.052	-0.024	1490	3858
-86.868	-0.978	0.050	-0.020	1484	3865
-87.431	-0.985	0.032	-0.030	1487	3871
-88.315	-0.996	0.023	-0.018	1496	3878
-88.405	-0.998	0.009	-0.026	1497	3885
-88.812	-0.993	0.011	-0.018	1500	3892
-88.222	-0.979	0.021	-0.021	1510	3899
-87.498	-0.979	0.035	-0.024	1506	3905
-87.282	-0.976	0.042	-0.020	1497	3912
-87.575	-0.998	0.032	-0.027	1501	3918
-87.921	-1.022	0.021	-0.030	1515	3926
-88.681	-1.033	0.008	-0.022	1512	3932
-88.595	-1.038	0.014	-0.021	1518	3939
-88.784	-1.021	0.018	-0.013	1520	3946
-88.655	-0.998	0.000	-0.023	1511	3952
-87.688	-0.988	-0.015	-0.037	1504	3959
-88.483	-0.974	-0.021	-0.016	1514	3965
-89.151	-0.979	-0.010	-0.011	1514	3973
-88.991	-0.981	0.013	-0.012	1516	3980
-89.518	-0.991	0.008	-0.003	1523	3986
-89.683	-0.997	-0.004	-0.004	1527	3993
-88.788	-0.991	-0.019	-0.010	1528	3999
-89.268	-0.997	-0.011	0.007	1530	4006
-89.221	-1.000	-0.005	-0.013	1529	4014
-88.116	-1.009	0.022	-0.024	1534	4020
-86.948	-1.020	0.052	-0.017	1533	4027
-85.848	-1.026	0.073	-0.014	1526	4033
-85.876	-1.018	0.072	-0.013	1525	4040
-85.962	-1.004	0.069	-0.015	1532	4047
-87.362	-0.987	0.044	-0.012	1531	4054
-86.720	-0.977	0.041	-0.038	1533	4061
-86.842	-0.977	0.039	-0.037	1535	4067
-87.237	-0.992	0.030	-0.037	1543	4074
-87.585	-0.999	0.029	-0.030	1535	4081
-88.052	-1.005	0.027	-0.021	1535	4087
-88.494	-1.004	0.017	-0.021	1528	4094
-88.261	-0.997	0.000	-0.030	1531	4101
-87.966	-0.996	-0.004	-0.035	1527	4108
-88.042	-1.005	-0.009	-0.033	1531	4115
-88.426	-1.011	-0.005	-0.027	1527	4121
-88.365	-1.011	-0.012	-0.026	1531	4128
-88.666	-0.997	-0.006	-0.022	1534	4134
-89.200	-0.979	0.000	-0.014	1524	4142
-89.045	-0.966	0.004	-0.016	1534	4148
-88.397	-0.970	0.023	-0.014	1529	4155
-86.087	-0.986	0.063	-0.025	1530	4162
-85.441	-1.017	0.069	-0.042	1527	4168
-85.504	-1.033	0.072	-0.037	1525	4175
-85.610	-1.034	0.067	-0.042	1524	4182
-86.301	-1.025	0.047	-0.047	1533	4189
-87.147	-0.995	0.026	-0.042	1525	4196
-87.545	-0.979	0.018	-0.038	1528	4202
-89.138	-0.974	0.012	-0.009	1530	4209
-89.107	-0.980	0.014	-0.007	1536	4215
-88.611	-0.996	0.023	-0.006	1530	4222
-87.320	-1.008	0.042	-0.021	1524	4230
-86.704	-1.017	0.052	-0.027	1522	4236
-86.793	-1.001	0.046	-0.032	1522	4243
-87.461	-0.997	0.022	-0.038	1521	4249
-88.132	-0.992	-0.003	-0.032	1527	4256
-88.413	-0.995	-0.011	-0.025	1526	4263
-88.729	-0.993	0.005	-0.021	1525	4270
-88.320	-0.999	0.023	-0.018	1533	4277
-86.262	-1.008	0.056	-0.035	1531	4283
-84.390	-1.016	0.092	-0.039	1518	4290
-83.734	-1.011	0.101	-0.047	1531	4296
-83.642	-1.009	0.093	-0.063	1517	4303
-85.379	-0.993	0.064	-0.048	1523	4311
-86.883	-0.990	0.046	-0.028	1529	4317
-87.626	-0.980	0.017	-0.037	1524	4324
-87.421	-0.979	0.004	-0.044	1523	4330
-87.668	-0.983	0.001	-0.040	1524	4337
-87.703	-0.991	0.019	-0.035	1525	4344
-86.782	-1.004	0.034	-0.045	1525	4350
-85.761	-1.018	0.057	-0.050	1520	4358
-85.492	-1.011	0.064	-0.047	1521	4364
-85.750	-1.003	0.063	-0.039	1529	4371
-85.895	-0.994	0.062	-0.036	1529	4377
-85.971	-0.980	0.049	-0.049	1523	4384
-86.680	-0.979	0.027	-0.050	1524	4391
-87.550	-0.980	0.009	-0.041	1517	4398
-88.640	-0.987	0.000	-0.023	1505	4405
-88.021	-0.987	0.014	-0.031	1520	4411
-87.099	-0.992	0.024	-0.044	1522	4418
-86.056	-0.991	0.035	-0.059	1521	4425
-86.789	-0.985	0.047	-0.029	1523	4431
-86.784	-0.979	0.052	-0.019	1513	4439
-85.910	-0.983	0.063	-0.032	1515	4445
-85.473	-0.982	0.068	-0.037	1509	4452
-84.413	-0.991	0.087	-0.043	1512	4458
-84.315	-0.996	0.088	-0.046	1527	4465
-84.153	-0.998	0.091	-0.047	1521	4472
-85.106	-1.004	0.080	-0.031	1515	4478
-86.721	-1.000	0.050	-0.028	1500	4486
-87.027	-1.006	0.049	-0.019	1511	4492
-87.187	-1.006	0.043	-0.024	1514	4499
-87.099	-1.010	0.038	-0.034	1503	4506
-87.875	-1.008	0.028	-0.024	1507	4512
-88.008	-0.997	0.029	-0.019	1498	4519
-87.198	-0.994	0.048	-0.009	1516	4526
-85.807	-0.999	0.073	-0.001	1517	4533
-84.996	-0.993	0.087	-0.003	1506	4539
-84.720	-0.999	0.091	-0.017	1504	4546
-86.368	-1.001	0.063	-0.003	1509	4553
-88.402	-1.018	0.028	-0.002	1493	4559
-89.052	-1.016	0.010	-0.014	1505	4567
-89.193	-0.992	0.014	-0.003	1519	4573
-88.986	-0.977	0.013	0.012	1515	4580
-89.538	-0.976	0.001	0.008	1523	4587
-89.615	-0.976	-0.003	0.006	1527	4593
-89.589	-0.991	0.002	0.007	1525	4600
-88.982	-1.014	0.014	-0.012	1523	4606
-88.240	-1.018	0.030	-0.008	1522	4614
-86.471	-1.017	0.050	-0.038	1514	4621
-85.815	-1.004	0.060	-0.043	1523	4627
-85.753	-0.988	0.066	-0.031	1525	4634
-85.322	-0.985	0.077	-0.023	1531	4640
-85.497	-0.983	0.075	-0.019	1519	4647
-86.165	-0.989	0.065	-0.011	1524	4655
-86.890	-0.995	0.051	-0.019	1513	4661
-87.256	-0.995	0.047	-0.009	1519	4668
-86.915	-0.993	0.052	-0.014	1525	4674
-86.311	-0.989	0.058	-0.027	1532	4681
-86.325	-0.994	0.059	-0.025	1526	4687
-86.278	-0.998	0.063	-0.014	1524	4695
-86.503	-1.011	0.059	-0.020	1519	4702
-85.700	-1.023	0.070	-0.031	1522	4708
-84.837	-1.018	0.085	-0.035	1514	4715
-83.879	-1.017	0.107	-0.019	1518	4721
-83.159	-0.983	0.117	-0.014	1522	4728
-82.943	-0.975	0.118	-0.024	1523	4736
-83.254	-0.978	0.111	-0.031	1525	4742
-84.925	-0.989	0.080	-0.036	1528	4749
-86.836	-1.000	0.047	-0.029	1526	4755
-88.394	-1.018	0.022	-0.018	1520	4762
-88.382	-1.005	0.025	-0.013	1513	4769
-87.502	-0.994	0.037	-0.022	1511	4775
-86.756	-0.994	0.050	-0.026	1511	4783
-86.102	-0.983	0.063	-0.021	1512	4789
-85.670	-0.995	0.075	-0.005	1519	4796
-85.091	-1.010	0.086	-0.012	1517	4802
-84.204	-1.006	0.099	-0.026	1515	4809
-83.650	-0.999	0.105	-0.035	1509	4816
-83.598	-0.991	0.106	-0.032	1519	4823
-84.637	-0.979	0.085	-0.035	1510	4830
-85.492	-0.978	0.071	-0.029	1518	4836
-86.180	-0.969	0.057	-0.031	1510	4843
-86.453	-0.981	0.058	-0.020	1515	4850
-86.898	-0.987	0.050	-0.020	1513	4856
-86.719	-0.991	0.054	-0.019	1520	4864
-86.602	-0.990	0.058	-0.012	1503	4870
-86.423	-0.992	0.062	-0.008	1500	4877
-86.512	-0.993	0.058	-0.019	1499	4883
-86.005	-1.001	0.063	-0.029	1505	4890
-85.040	-1.008	0.076	-0.043	1518	4897
-84.224	-1.015	0.092	-0.046	1518	4903
-83.631	-1.003	0.103	-0.045	1504	4911
-83.244	-0.994	0.113	-0.032	1502	4917
-83.662	-0.986	0.107	-0.021	1506	4924
-84.024	-0.976	0.102	-0.011	1490	4931
-84.604	-0.976	0.090	-0.021	1495	4937
-85.632	-0.982	0.071	-0.023	1508	4944
-85.656	-0.985	0.072	-0.020	1509	4951
-85.337	-0.996	0.079	-0.019	1509	4958
-85.572	-1.001	0.073	-0.025	1509	4965
-85.442	-1.002	0.078	-0.017	1500	4971
-85.967	-1.009	0.070	-0.011	1498	4978
-86.931	-1.008	0.054	-0.006	1514	4984
-87.442	-1.008	0.045	0.003	1517	4992
-87.209	-1.002	0.049	-0.001	1510	4999
-85.950	-0.994	0.062	-0.034	1505	5005
-85.591	-0.989	0.072	-0.024	1506	5012
-84.596	-0.981	0.086	-0.035	1498	5018
-84.924	-0.979	0.078	-0.038	1502	5025
-84.896	-0.989	0.083	-0.030	1504	5031
-84.906	-0.997	0.087	-0.019	1506	5039
-85.979	-1.005	0.070	-0.007	1507	5046
-86.496	-0.997	0.061	-0.008	1502	5052
-85.827	-0.984	0.070	-0.015	1506	5059
-85.455	-0.983	0.076	-0.018	1503	5065
-84.372	-0.979	0.095	-0.019	1492	5072
-83.280	-0.989	0.115	-0.018	1495	5080
-82.631	-0.992	0.126	-0.024	1503	5086
-81.778	-1.000	0.141	-0.033	1492	5093
-82.348	-1.013	0.125	-0.054	1506	5099
-83.428	-1.008	0.110	-0.036	1503	5106
-85.062	-1.002	0.085	-0.017	1497	5113
-86.455	-1.001	0.062	-0.008	1492	5120
-86.875	-0.994	0.054	-0.008	1505	5127
-86.408	-0.994	0.059	-0.021	1504	5133
-85.403	-0.981	0.077	-0.017	1511	5140
-84.953	-0.974	0.083	-0.022	1508	5146
-83.317	-0.977	0.110	-0.030	1517	5153
-82.366	-0.975	0.124	-0.041	1514	5160
-81.609	-0.977	0.143	-0.021	1496	5167
-82.195	-0.986	0.135	-0.011	1489	5174
-82.168	-0.995	0.136	-0.018	1506	5180
-82.845	-1.015	0.125	-0.024	1511	5187
-84.036	-1.022	0.104	-0.026	1508	5194
-84.982	-1.015	0.080	-0.039	1519	5200
-86.495	-1.010	0.058	-0.022	1506	5208
-86.466	-0.996	0.062	0.000	1510	5214
-86.020	-0.987	0.066	-0.018	1509	5221
-84.445	-0.986	0.093	-0.024	1501	5228
-83.441	-0.991	0.111	-0.024	1487	5234
-82.963	-0.991	0.121	-0.018	1497	5241
-82.663	-0.986	0.124	-0.027	1504	5248
-82.537	-0.987	0.126	-0.029	1505	5255
-82.386	-0.982	0.126	-0.037	1492	5262
-82.486	-0.977	0.123	-0.038	1511	5268
-82.861	-0.973	0.119	-0.025	1512	5275
-82.973	-0.980	0.118	-0.025	1502	5281
-83.005	-0.991	0.119	-0.024	1498	5288
-84.048	-1.009	0.104	-0.019	1490	5296
-84.635	-1.009	0.092	-0.023	1498	5302
-83.909	-0.996	0.104	-0.020	1506	5309
-83.717	-0.988	0.102	-0.039	1509	5315
-83.229	-0.979	0.104	-0.053	1496	5322
-83.237	-0.976	0.107	-0.043	1493	5329
-84.205	-0.985	0.100	-0.009	1495	5336
-84.257	-0.981	0.099	-0.004	1496	5343
-83.855	-0.987	0.104	-0.020	1508	5349
-82.631	-0.985	0.124	-0.029	1478	5356
-81.763	-0.996	0.143	-0.021	1489	5363
-83.108	-0.995	0.118	-0.022	1484	5369
-84.029	-0.981	0.103	-0.005	1494	5377
-86.043	-0.988	0.068	0.000	1488	5383
-86.725	-0.997	0.057	-0.007	1501	5390
-86.213	-1.000	0.062	-0.024	1505	5396
-85.239	-1.005	0.083	-0.011	1499	5403
-84.525	-1.001	0.096	-0.007	1485	5410
-84.254	-1.015	0.099	-0.026	1501	5416
-83.507	-1.004	0.108	-0.036	1508	5424
-83.341	-0.994	0.112	-0.029	1502	5430
-83.224	-0.986	0.117	-0.001	1502	5437
-83.275	-0.978	0.115	-0.003	1501	5444
-82.381	-0.975	0.129	-0.020	1503	5450
-81.202	-0.974	0.149	-0.020	1477	5457
-81.530	-0.989	0.146	-0.016	1469	5464
-81.636	-0.999	0.146	-0.011	1473	5471
-82.575	-1.012	0.132	-0.002	1479	5478
-83.437	-1.014	0.116	-0.010	1446	5484
-84.053	-0.999	0.104	-0.011	1438	5491
-84.147	-0.988	0.097	-0.030	1467	5497
-83.642	-0.976	0.104	-0.033	1494	5505
-83.219	-0.977	0.110	-0.036	1499	5512
-82.552	-0.985	0.121	-0.044	1453	5518
-82.483	-0.987	0.126	-0.033	1468	5525
-82.021	-0.993	0.138	-0.021	1474	5531
-81.254	-1.004	0.153	-0.019	1473	5538
-81.145	-0.987	0.150	-0.032	1472	5545
-81.409	-0.981	0.142	-0.044	1482	5552
-82.529	-0.973	0.125	-0.025	1486	5559
-82.427	-0.982	0.128	-0.026	1477	5565
-83.058	-1.002	0.116	-0.037	1463	5572
-83.301	-1.003	0.115	-0.024	1473	5579
-83.350	-0.997	0.116	-0.003	1477	5585
-83.205	-0.995	0.118	-0.010	1493	5593
-83.119	-0.987	0.115	-0.030	1452	5599
-82.839	-0.978	0.121	-0.021	1471	5606
-82.617	-0.980	0.127	-0.005	1464	5613
-82.223	-0.992	0.134	-0.021	1477	5619
-82.294	-0.998	0.132	-0.029	1477	5626
-80.142	-0.984	0.167	-0.037	1489	5633
-80.269	-0.983	0.163	-0.043	1503	5640
-81.390	-0.975	0.143	-0.038	1480	5647
-82.135	-0.969	0.134	-0.003	1465	5653
-83.135	-0.976	0.117	0.008	1480	5660
-83.569	-0.993	0.111	0.012	1473	5666
-83.109	-1.014	0.121	-0.019	1493	5673
-82.228	-1.021	0.135	-0.035	1474	5681
-82.063	-1.013	0.138	-0.031	1468	5687
-82.589	-0.996	0.126	-0.030	1481	5694
-83.047	-0.979	0.119	-0.007	1478	5700
-83.408	-0.968	0.111	-0.011	1486	5707
-83.362	-0.964	0.111	-0.014	1474	5714
-82.825	-0.970	0.122	0.000	1492	5721
-82.266	-0.975	0.132	-0.012	1501	5728
-81.610	-0.992	0.146	-0.016	1496	5734
-81.576	-1.000	0.147	-0.014	1507	5741
-81.168	-1.011	0.154	-0.029	1487	5748
-80.612	-1.002	0.159	-0.046	1487	5754
-79.945	-0.991	0.170	-0.045	1495	5762
-80.800	-0.992	0.157	-0.033	1490	5768
-81.339	-0.988	0.147	-0.030	1488	5775
-81.303	-0.983	0.148	-0.024	1499	5782
-80.853	-0.989	0.158	-0.019	1506	5788
-80.391	-0.989	0.167	-0.013	1517	5795
-79.319	-0.974	0.184	0.004	1485	5801
-80.056	-0.964	0.169	-0.004	1500	5809
-81.358	-0.964	0.146	0.001	1510	5816
-81.882	-0.978	0.139	-0.015	1469	5822
-82.087	-0.997	0.134	-0.036	1488	5829
-82.186	-1.007	0.133	-0.038	1503	5835
-81.677	-0.991	0.145	-0.012	1509	5842
-81.716	-0.984	0.143	0.015	1516	5850
-81.985	-0.979	0.138	0.008	1474	5856
-81.908	-0.983	0.140	0.007	1487	5863
-81.910	-0.991	0.141	0.009	1518	5869
-81.756	-1.005	0.146	-0.005	1535	5876
-81.453	-1.015	0.151	-0.019	1497	5883
-81.431	-1.016	0.150	-0.028	1496	5890
-82.029	-1.010	0.141	-0.015	1519	5897
-82.198	-0.998	0.136	-0.017	1508	5903
-83.040	-0.991	0.120	-0.015	1520	5910
-83.392	-0.989	0.114	-0.009	1528	5917
-83.142	-0.975	0.117	-0.003	1516	5923
-82.504	-0.965	0.127	0.000	1501	5931
-83.066	-0.972	0.118	0.000	1522	5937
-83.074	-0.969	0.117	0.011	1509	5944
-83.237	-0.974	0.114	0.017	1521	5950
-83.502	-0.986	0.112	0.003	1522	5957
-83.691	-1.000	0.110	0.007	1527	5964
-83.654	-1.012	0.112	-0.007	1511	5970
-83.124	-1.019	0.121	-0.021	1480	5978
-81.671	-0.997	0.145	-0.021	1494	5984
-80.938	-0.987	0.156	-0.020	1514	5991
-80.926	-0.981	0.155	-0.021	1521	5998
-81.004	-0.978	0.151	-0.032	1517	6004
-80.560	-0.964	0.159	-0.019	1520	6011
-80.391	-0.959	0.162	-0.009	1526	6018
-80.039	-0.958	0.168	-0.010	1515	6025
-79.145	-0.969	0.184	-0.028	1513	6032
-77.937	-0.973	0.207	-0.019	1515	6038
-78.339	-0.989	0.204	-0.005	1509	6045
-79.233	-1.015	0.191	-0.024	1505	6051
-81.050	-1.026	0.155	-0.045	1500	6059
-82.089	-1.013	0.136	-0.037	1505	6066
-82.423	-1.001	0.130	-0.029	1475	6072
-81.914	-0.974	0.134	-0.035	1512	6079
-80.989	-0.964	0.149	-0.032	1519	6085
-80.191	-0.966	0.162	-0.040	1523	6092
-79.937	-0.976	0.170	-0.033	1510	6099
-79.659	-0.980	0.178	-0.021	1523	6106
-79.130	-0.983	0.188	-0.012	1503	6113
-78.849	-0.977	0.191	-0.021	1492	6119
-78.888	-0.963	0.188	-0.016	1502	6126
-78.856	-0.962	0.188	-0.020	1503	6133
-80.864	-0.976	0.155	-0.022	1514	6139
-81.407	-0.978	0.147	-0.009	1492	6147
-81.070	-0.994	0.154	-0.024	1480	6153
-80.185	-1.010	0.172	-0.031	1514	6160
-80.358	-1.012	0.172	-0.002	1499	6167
-79.671	-1.001	0.181	0.025	1513	6173
-78.787	-0.987	0.195	0.013	1482	6180
-78.885	-0.975	0.191	-0.005	1509	6187
-79.417	-0.980	0.181	-0.030	1508	6194
-80.378	-0.993	0.161	-0.049	1506	6201
-80.909	-0.996	0.152	-0.047	1505	6207
-81.219	-0.983	0.151	-0.013	1504	6214
-80.812	-0.969	0.156	0.012	1512	6220
-81.079	-0.953	0.149	0.008	1505	6227
-81.716	-0.966	0.141	0.000	1485	6234
-82.124	-0.970	0.134	-0.010	1477	6241
-82.551	-0.979	0.128	0.000	1451	6248
-82.342	-1.013	0.135	-0.020	1518	6254
-81.144	-1.005	0.151	-0.040	1513	6261
-79.809	-0.994	0.176	-0.032	1519	6267
-79.034	-0.975	0.188	-0.012	1518	6275
-78.438	-0.971	0.198	-0.012	1518	6282
-78.345	-0.972	0.200	-0.010	1486	6288
-78.441	-0.977	0.198	-0.024	1489	6295
-78.016	-0.979	0.205	-0.034	1514	6301
-77.945	-0.988	0.207	-0.041	1513	6308
-78.892	-0.996	0.192	-0.035	1505	6316
-78.929	-1.001	0.194	-0.024	1532	6322
-78.926	-0.987	0.189	-0.038	1507	6329
-78.530	-0.986	0.196	-0.039	1526	6335
-78.471	-0.980	0.198	-0.026	1505	6342
-78.809	-0.974	0.192	-0.010	1494	6349
-79.711	-0.978	0.177	-0.016	1514	6355
-80.506	-0.990	0.165	-0.014	1487	6363
-81.067	-0.999	0.156	-0.016	1513	6369
-80.367	-0.992	0.163	-0.042	1498	6376
-80.601	-0.983	0.153	-0.055	1515	6383
-81.557	-0.976	0.142	-0.030	1486	6389
-82.046	-0.968	0.133	0.025	1509	6396
-80.949	-0.960	0.139	0.064	1506	6403
-80.604	-0.969	0.157	0.031	1521	6410
-80.177	-0.976	0.167	-0.025	1486	6417
-79.163	-0.979	0.184	-0.038	1520	6423
-78.183	-0.979	0.201	-0.039	1496	6430
-78.090	-0.984	0.204	-0.038	1532	6436
-78.428	-0.984	0.195	-0.050	1517	6444
-78.615	-0.978	0.195	-0.024	1516	6451
-78.448	-0.982	0.200	-0.016	1508	6457
-78.846	-0.982	0.193	-0.012	1528	6464
-78.754	-0.978	0.194	-0.004	1510	6470
-78.506	-0.981	0.199	-0.012	1487	6477
-78.498	-0.990	0.199	-0.030	1491	6484
-78.847	-0.990	0.192	-0.033	1500	6491
-80.444	-0.981	0.165	-0.008	1489	6498
-81.598	-0.979	0.145	-0.001	1513	6504
-81.201	-0.968	0.149	-0.011	1499	6511
-80.630	-0.966	0.159	-0.008	1521	6518
-79.022	-0.967	0.187	0.004	1499	6524
-78.820	-0.979	0.193	0.004	1519	6532
-78.266	-0.992	0.206	0.004	1507	6538
-77.841	-1.011	0.218	0.002	1513	6545
-77.429	-1.013	0.225	-0.023	1482	6552
-77.520	-1.010	0.222	-0.028	1514	6558
-77.638	-0.980	0.213	-0.029	1509	6565
-79.292	-0.974	0.183	-0.023	1473	6572
-80.029	-0.958	0.164	-0.038	1490	6579
-81.198	-0.974	0.148	-0.026	1511	6586
-81.720	-0.976	0.141	-0.020	1506	6592
-81.856	-0.985	0.140	-0.020	1446	6599
-81.515	-0.996	0.148	-0.007	1485	6605
-80.492	-0.991	0.166	0.000	1498	6612
-79.624	-0.981	0.180	0.002	1523	6620
-78.850	-0.967	0.190	-0.007	1514	6626
-77.354	-0.966	0.215	-0.028	1502	6633
-76.878	-0.977	0.225	-0.037	1493	6639
-76.143	-0.982	0.241	-0.023	1533	6646
-75.844	-0.984	0.248	-0.011	1546	6653
-75.769	-0.983	0.249	-0.014	1527	6660
-76.714	-0.984	0.231	-0.021	1516	6667
-77.753	-0.983	0.213	-0.016	1470	6673
-78.150	-0.988	0.207	-0.012	1524	6680
-78.739	-1.002	0.199	-0.011	1522	6687
-78.888	-1.000	0.187	-0.062	1557	6693
-79.482	-1.005	0.176	-0.063	1528	6701
-79.595	-0.994	0.180	-0.032	1526	6707
-79.814	-0.974	0.175	-0.007	1498	6714
-80.833	-0.950	0.153	-0.002	1526	6721
-80.855	-0.935	0.150	-0.004	1497	6727
-80.503	-0.947	0.156	-0.026	1501	6734
-79.464	-0.954	0.177	-0.016	1517	6740
-78.954	-0.973	0.189	-0.013	1529	6748
-79.030	-0.982	0.190	0.000	1523	6755
-79.257	-0.988	0.187	0.001	1515	6761
-79.265	-0.984	0.187	0.006	1524	6768
-78.711	-0.980	0.195	0.013	1509	6774
-78.343	-0.990	0.204	-0.009	1518	6781
-77.303	-0.998	0.224	-0.023	1484	6789
-77.747	-0.992	0.214	-0.026	1501	6795
-79.150	-0.981	0.187	-0.024	1480	6802
-80.265	-0.972	0.165	-0.023	1516	6808
-81.058	-0.945	0.147	-0.020	1507	6815
-80.454	-0.945	0.157	-0.023	1508	6822
-79.607	-0.943	0.173	-0.008	1516	6829
-77.758	-0.958	0.207	0.019	1506	6836
-76.993	-0.977	0.226	0.001	1495	6842
-76.893	-0.982	0.228	-0.023	1477	6849
-76.892	-0.987	0.227	-0.039	1526	6856
-76.998	-0.991	0.225	-0.044	1505	6862
-77.363	-0.991	0.217	-0.049	1509	6870
-76.977	-0.991	0.225	-0.046	1496	6876
-76.913	-0.981	0.226	-0.034	1532	6883
-76.467	-0.979	0.233	-0.033	1495	6890
-76.512	-0.977	0.229	-0.047	1513	6896
-76.417	-0.978	0.233	-0.036	1484	6903
-75.974	-0.977	0.243	-0.020	1473	6909
-75.531	-0.984	0.252	-0.032	1499	6917
-75.703	-0.985	0.248	-0.039	1532	6924
-75.625	-0.986	0.251	-0.030	1474	6930
-76.518	-0.977	0.233	-0.019	1495	6937
-76.951	-0.978	0.227	-0.001	1520	6943
-77.059	-0.986	0.227	0.006	1508	6950
-77.976	-0.995	0.212	-0.004	1511	6958
-77.210	-0.989	0.224	-0.021	1495	6964
-75.986	-0.976	0.241	-0.033	1493	6971
-75.690	-0.956	0.240	-0.042	1513	6977
-76.962	-0.947	0.218	-0.026	1507	6984
-77.838	-0.942	0.200	-0.034	1493	6991
-78.029	-0.938	0.195	-0.038	1530	6998
-78.186	-0.949	0.197	-0.022	1495	7005
-78.484	-0.964	0.196	-0.006	1513	7011
-78.105	-0.974	0.205	0.002	1482	7018
-78.092	-0.993	0.209	-0.014	1511	7024
-77.150	-0.999	0.228	-0.013	1529	7031
-76.938	-1.002	0.232	-0.004	1537	7038
-76.807	-1.000	0.234	-0.005	1534	7045
-76.725	-0.987	0.231	-0.026	1514	7052
-77.795	-0.978	0.211	-0.015	1495	7058
-78.569	-0.976	0.197	-0.001	1497	7065
-78.345	-0.966	0.199	0.000	1489	7072
-78.344	-0.966	0.199	0.003	1512	7078
-78.828	-0.964	0.189	-0.019	1506	7086
-79.386	-0.961	0.176	-0.039	1498	7092
-78.975	-0.953	0.180	-0.047	1480	7099
-78.909	-0.954	0.185	-0.030	1489	7106
-78.845	-0.972	0.191	-0.009	1513	7112
-78.674	-0.982	0.196	-0.014	1517	7119
-78.847	-0.995	0.195	-0.019	1503	7126
-77.924	-0.981	0.210	-0.002	1505	7133
-77.559	-0.988	0.218	-0.011	1461	7140
-76.717	-0.986	0.230	-0.033	1512	7146
-75.936	-0.990	0.242	-0.054	1501	7153
-75.844	-0.992	0.248	-0.033	1515	7159
-76.607	-0.982	0.233	-0.016	1512	7166
-78.108	-0.972	0.204	-0.015	1484	7174
-78.088	-0.948	0.197	-0.033	1474	7180
-77.787	-0.943	0.197	-0.053	1498	7187
-76.417	-0.939	0.215	-0.073	1507	7193
-76.365	-0.942	0.223	-0.052	1484	7200
-76.645	-0.954	0.225	-0.029	1480	7207
-76.954	-0.972	0.225	-0.016	1475	7214
-76.505	-0.984	0.235	-0.021	1502	7221
-76.261	-0.981	0.238	-0.028	1478	7228
-75.303	-0.980	0.255	-0.034	1507	7234
-74.515	-0.966	0.266	-0.032	1508	7241
-74.283	-0.968	0.270	-0.039	1472	7247
-75.143	-0.974	0.257	-0.027	1485	7255
-76.090	-0.979	0.241	-0.023	1515	7262
-77.380	-0.982	0.217	-0.037	1525	7268
-77.408	-0.978	0.215	-0.039	1517	7275
-77.315	-0.980	0.220	-0.021	1493	7281
-76.401	-0.958	0.231	-0.012	1490	7288
-75.768	-0.958	0.241	-0.029	1484	7296
-75.923	-0.951	0.236	-0.032	1530	7302
-76.879	-0.949	0.221	-0.016	1492	7309
-78.520	-0.963	0.195	-0.010	1518	7315
-78.866	-0.959	0.188	-0.010	1475	7322
-78.683	-0.970	0.193	-0.017	1480	7329
-78.392	-0.982	0.200	-0.025	1519	7335
-77.955	-0.984	0.210	-0.006	1515	7343
-78.376	-0.992	0.204	0.001	1501	7349
-78.933	-0.999	0.195	-0.006	1520	7356
-78.978	-0.990	0.192	-0.014	1441	7362
-78.414	-0.977	0.200	-0.002	1482	7369
-77.838	-0.960	0.206	-0.019	1508	7376
-76.269	-0.950	0.227	-0.051	1520	7383
-76.298	-0.946	0.225	-0.053	1510	7390
-76.510	-0.946	0.226	-0.025	1479	7396
-76.219	-0.962	0.235	-0.017	1448	7403
-75.929	-0.951	0.238	-0.008	1490	7410
-75.456	-0.960	0.249	-0.004	1455	7416
-74.828	-0.963	0.261	-0.014	1457	7424
-74.989	-0.968	0.255	-0.049	1506	7431
-76.036	-0.967	0.239	-0.023	1538	7437
-75.499	-0.975	0.252	-0.008	1515	7444
-74.998	-0.982	0.263	-0.018	1458	7450
-74.058	-0.993	0.279	-0.050	1518	7457
-72.863	-1.005	0.308	-0.037	1503	7464
-72.753	-1.005	0.312	-0.017	1477	7471
-73.429	-0.988	0.294	-0.009	1467	7478
-74.891	-0.965	0.260	-0.020	1528	7484
-76.331	-0.946	0.229	-0.027	1515	7491
-75.885	-0.933	0.232	-0.031	1435	7498
-74.231	-0.928	0.261	-0.025	1486	7504
-74.123	-0.948	0.270	-0.010	1509	7512
-74.230	-0.979	0.276	-0.012	1499	7518
-75.650	-1.001	0.256	-0.011	1459	7525
-77.151	-1.014	0.230	-0.019	1475	7532
-78.456	-0.998	0.202	-0.026	1531	7538
-78.968	-0.980	0.190	-0.017	1477	7545
-78.358	-0.954	0.196	-0.011	1502	7552
-77.734	-0.932	0.202	-0.013	1508	7559
-76.649	-0.939	0.223	-0.012	1502	7566
-75.739	-0.968	0.245	-0.021	1532	7572
-75.586	-0.976	0.249	-0.029	1473	7579
-75.479	-0.973	0.249	-0.038	1506	7585
-76.374	-0.949	0.228	-0.034	1499	7592
-78.369	-0.946	0.191	-0.036	1513	7600
-79.185	-0.937	0.175	-0.038	1516	7606
-79.047	-0.955	0.181	-0.039	1486	7613
-78.094	-0.977	0.198	-0.056	1493	7619
-76.380	-0.990	0.232	-0.060	1483	7626
-75.382	-0.988	0.256	-0.031	1508	7633
-74.193	-0.978	0.275	-0.027	1494	7640
-73.495	-0.969	0.283	-0.047	1491	7647
-72.835	-0.952	0.292	-0.035	1528	7653
-72.374	-0.950	0.302	-0.009	1494	7660
-72.188	-0.967	0.311	-0.007	1482	7667
-71.389	-0.979	0.328	-0.030	1521	7673
-71.033	-0.975	0.333	-0.036	1484	7681
-71.915	-0.964	0.313	-0.028	1491	7687
-73.602	-0.951	0.279	-0.019	1499	7694
-75.020	-0.942	0.251	-0.024	1461	7701
-77.023	-0.948	0.216	-0.034	1518	7707
-78.878	-0.957	0.187	-0.016	1481	7714
-79.397	-0.971	0.182	-0.005	1500	7720
-78.676	-0.964	0.192	-0.016	1489	7728
-76.394	-0.969	0.233	-0.022	1490	7735
-75.211	-0.960	0.251	-0.035	1524	7741
-73.853	-0.960	0.273	-0.050	1489	7748
-73.485	-0.949	0.277	-0.048	1461	7754
-73.742	-0.951	0.275	-0.033	1486	7761
-72.992	-0.963	0.293	-0.030	1520	7769
-72.909	-0.973	0.297	-0.036	1484	7775
-72.964	-0.979	0.297	-0.042	1500	7782
-73.259	-0.976	0.292	-0.029	1479	7788
-73.379	-0.974	0.289	-0.030	1511	7795
-74.747	-0.975	0.265	-0.024	1489	7802
-75.405	-0.970	0.252	-0.017	1474	7809
-75.940	-0.971	0.241	-0.030	1447	7816
-76.879	-0.963	0.223	-0.028	1479	7822
-76.520	-0.957	0.228	-0.029	1515	7829
-76.755	-0.952	0.224	-0.015	1465	7836
-76.430	-0.959	0.231	-0.003	1521	7842
-75.621	-0.957	0.245	0.011	1465	7849
-74.123	-0.952	0.271	0.013	1467	7856
-74.156	-0.964	0.273	-0.008	1507	7863
-75.214	-0.970	0.255	-0.023	1491	7870
-75.544	-0.974	0.250	-0.022	1502	7876
-75.712	-0.968	0.246	-0.014	1455	7883
-75.523	-0.974	0.250	-0.026	1523	7889
-76.171	-0.990	0.241	-0.035	1539	7897
-75.222	-0.993	0.260	-0.034	1519	7904
-74.157	-0.995	0.282	-0.010	1504	7910
-72.562	-0.979	0.308	-0.006	1463	7917
-71.609	-0.950	0.315	-0.018	1539	7923
-71.752	-0.926	0.303	-0.039	1504	7930
-71.690	-0.912	0.298	-0.049	1431	7938
-73.067	-0.907	0.273	-0.039	1527	7944
-75.383	-0.923	0.240	-0.015	1520	7951
-76.422	-0.961	0.230	-0.027	1469	7957
-77.401	-0.986	0.219	-0.027	1483	7964
-77.111	-1.007	0.229	-0.029	1500	7971
-75.871	-1.004	0.252	-0.020	1517	7977
-75.128	-0.995	0.264	-0.018	1496	7985
-74.523	-0.976	0.268	-0.037	1502	7991
-73.906	-0.949	0.269	-0.054	1493	7998
-73.492	-0.923	0.269	-0.052	1489	8005
-73.246	-0.919	0.273	-0.042	1509	8011
-73.192	-0.935	0.277	-0.053	1471	8018
-73.223	-0.946	0.281	-0.048	1498	8025
-73.517	-0.954	0.276	-0.058	1506	8032
-74.026	-0.966	0.272	-0.047	1480	8039
-73.454	-0.957	0.280	-0.048	1508	8045
-72.761	-0.951	0.290	-0.055	1511	8052
-71.513	-0.941	0.312	-0.045	1513	8058
-71.159	-0.944	0.320	-0.035	1458	8066
-71.269	-0.972	0.327	-0.039	1477	8073
-71.998	-0.986	0.318	-0.037	1471	8079
-72.462	-0.989	0.311	-0.036	1517	8086
-72.889	-0.983	0.300	-0.042	1508	8092
-73.180	-0.966	0.291	-0.023	1462	8099
-73.240	-0.950	0.283	-0.041	1510	8107
-72.798	-0.938	0.285	-0.056	1453	8113
-72.690	-0.936	0.289	-0.038	1532	8120
-72.981	-0.934	0.285	-0.019	1521	8126
-73.414	-0.948	0.282	-0.011	1476	8133
-74.723	-0.959	0.262	-0.011	1524	8140
-74.840	-0.959	0.260	-0.006	1558	8146
-74.450	-0.961	0.267	-0.021	1530	8154
-73.719	-0.964	0.279	-0.035	1444	8160
-73.010	-0.959	0.291	-0.034	1487	8167
-72.263	-0.960	0.307	-0.016	1487	8174
-72.411	-0.972	0.307	-0.029	1414	8180
-73.421	-0.972	0.288	-0.026	1579	8187
-74.591	-0.953	0.263	-0.002	1527	8194
-76.362	-0.958	0.231	-0.021	1508	8201
-76.957	-0.943	0.215	-0.040	1520	8208
-77.410	-0.936	0.205	-0.040	1579	8214
-76.971	-0.939	0.215	-0.033	1423	8221
-76.183	-0.953	0.231	-0.037	1497	8227
-74.616	-0.945	0.257	-0.041	1474	8235
-73.678	-0.941	0.272	-0.042	1491	8242
-73.547	-0.952	0.271	-0.073	1581	8248
-73.270	-0.962	0.276	-0.085	1503	8255
-71.375	-0.968	0.317	-0.075	1533	8261
-71.277	-0.963	0.323	-0.045	1484	8268
-70.584	-0.969	0.340	-0.033	1513	8275
-70.806	-0.963	0.335	-0.013	1477	8282
-70.110	-0.950	0.344	-0.004	1472	8289
-70.002	-0.945	0.344	-0.014	1511	8295
-70.165	-0.933	0.335	-0.031	1552	8302
-71.248	-0.937	0.316	-0.031	1466	8309
-72.936	-0.952	0.292	-0.013	1483	8315
-73.875	-0.953	0.275	0.010	1540	8323
-75.633	-0.953	0.244	0.001	1527	8329
-76.376	-0.952	0.229	-0.032	1468	8336
-77.901	-0.949	0.198	-0.046	1503	8343
-79.179	-0.953	0.178	-0.040	1491	8349
-79.541	-0.973	0.175	-0.041	1520	8356
-79.028	-0.982	0.186	-0.043	1461	8363
-76.623	-0.969	0.229	-0.029	1484	8370
-74.038	-0.951	0.271	-0.018	1492	8377
-72.040	-0.940	0.305	-0.010	1463	8383
-70.927	-0.926	0.318	-0.033	1519	8390
-70.032	-0.918	0.330	-0.048	1462	8396
-69.702	-0.924	0.336	-0.063	1507	8403
-69.505	-0.933	0.341	-0.073	1476	8411
-70.300	-0.944	0.333	-0.059	1482	8417
-71.533	-0.971	0.322	-0.035	1445	8424
-72.586	-0.976	0.305	-0.028	1462	8430
-72.090	-0.974	0.313	-0.027	1502	8437
-71.681	-0.973	0.320	-0.033	1530	8444
-70.362	-0.960	0.340	-0.043	1529	8451
-69.945	-0.952	0.346	-0.036	1526	8458
-69.700	-0.963	0.353	-0.051	1493	8464
-69.236	-0.964	0.362	-0.048	1487	8471
-68.100	-0.948	0.378	-0.050	1508	8478
-68.575	-0.944	0.367	-0.050	1486	8484
-69.244	-0.930	0.351	-0.035	1535	8492
-70.739	-0.932	0.324	-0.029	1424	8498
-72.604	-0.919	0.287	-0.021	1503	8505
-73.745	-0.919	0.268	-0.014	1471	8512
-74.396	-0.925	0.257	-0.027	1504	8518
-75.105	-0.934	0.246	-0.033	1429	8525
-75.018	-0.937	0.249	-0.028	1541	8531
-74.650	-0.943	0.258	-0.024	1545	8539
-74.928	-0.968	0.258	-0.038	1535	8546
-74.597	-0.979	0.263	-0.061	1474	8552
-73.969	-0.979	0.274	-0.063	1452	8559
-73.769	-0.970	0.279	-0.041	1534	8565
-73.370	-0.960	0.284	-0.038	1471	8572
-71.952	-0.937	0.298	-0.066	1499	8580
-71.393	-0.924	0.305	-0.063	1442	8586
-71.572	-0.913	0.300	-0.052	1560	8593
-73.232	-0.920	0.274	-0.039	1475	8599
-73.570	-0.932	0.272	-0.035	1511	8606
-72.325	-0.945	0.301	-0.017	1488	8613
-72.081	-0.945	0.306	0.001	1453	8620
-71.511	-0.947	0.316	-0.015	1522	8627
-71.312	-0.947	0.318	-0.036	1441	8633
-70.624	-0.955	0.332	-0.051	1498	8640
-70.365	-0.954	0.335	-0.061	1510	8647
-70.256	-0.954	0.338	-0.056	1576	8653
-70.359	-0.953	0.337	-0.047	1477	8660
-70.341	-0.953	0.339	-0.033	1538	8667
-70.950	-0.945	0.325	-0.028	1478	8674
-70.841	-0.936	0.323	-0.034	1504	8681
-71.012	-0.920	0.313	-0.044	1526	8687
-71.619	-0.930	0.303	-0.062	1490	8694
-71.710	-0.962	0.305	-0.091	1509	8700
-71.320	-0.968	0.319	-0.071	1463	8708
-70.926	-0.975	0.334	-0.045	1472	8715
-71.364	-0.966	0.323	-0.040	1532	8721
-71.475	-0.939	0.314	-0.015	1445	8728
-72.180	-0.921	0.296	-0.009	1553	8734
-72.775	-0.917	0.284	-0.008	1551	8741
-73.101	-0.917	0.276	-0.035	1500	8749
-72.689	-0.927	0.282	-0.062	1501	8755
-72.502	-0.933	0.289	-0.054	1529	8762
-71.843	-0.933	0.304	-0.036	1558	8768
-71.469	-0.926	0.310	-0.021	1461	8775
-71.387	-0.944	0.317	-0.021	1505	8782
-71.016	-0.960	0.329	-0.027	1529	8788
-70.077	-0.965	0.347	-0.046	1507	8796
-70.244	-0.961	0.338	-0.070	1508	8802
-70.518	-0.939	0.327	-0.059	1540	8809
-70.193	-0.922	0.327	-0.057	1503	8816
-69.506	-0.929	0.342	-0.061	1503	8822
-69.792	-0.936	0.342	-0.042	1523	8829
-70.066	-0.951	0.345	-0.013	1464	8836
-71.419	-0.959	0.322	0.009	1511	8843
-71.920	-0.949	0.309	-0.028	1535	8850
-72.664	-0.943	0.292	-0.038	1521	8856
-73.247	-0.931	0.276	-0.046	1501	8863
-72.358	-0.923	0.291	-0.038	1507	8869
-71.652	-0.919	0.303	-0.035	1477	8877
-70.759	-0.925	0.322	-0.019	1489	8884
-69.451	-0.938	0.352	-0.013	1495	8890
-68.617	-0.938	0.366	-0.025	1525	8897
-67.963	-0.949	0.381	-0.051	1506	8903
-67.906	-0.950	0.378	-0.077	1531	8910
-68.708	-0.951	0.360	-0.087	1559	8918
-69.674	-0.948	0.345	-0.067	1503	8924
-70.842	-0.943	0.324	-0.048	1489	8931
-71.050	-0.938	0.320	-0.035	1477	8937
-71.307	-0.933	0.313	-0.036	1538	8944
-72.010	-0.936	0.299	-0.055	1476	8951
-72.752	-0.943	0.286	-0.063	1464	8957
-72.687	-0.937	0.285	-0.063	1489	8965
-72.239	-0.937	0.293	-0.064	1525	8971
-71.191	-0.928	0.312	-0.047	1435	8978
-70.130	-0.927	0.331	-0.051	1518	8985
-68.544	-0.923	0.358	-0.056	1521	8991
-68.493	-0.928	0.362	-0.049	1532	8998
-69.602	-0.938	0.346	-0.045	1507	9005
-70.699	-0.924	0.321	-0.038	1423	9012
-72.156	-0.912	0.291	-0.039	1573	9019
-73.530	-0.904	0.266	-0.030	1474	9025
-73.094	-0.919	0.278	-0.023	1494	9032
-70.886	-0.928	0.318	-0.045	1511	9038
-68.895	-0.927	0.354	-0.048	1563	9046
-67.555	-0.938	0.385	-0.044	1476	9053
-66.890	-0.949	0.402	-0.047	1497	9059
-68.019	-0.957	0.384	-0.044	1533	9066
-69.490	-0.950	0.354	-0.037	1479	9072
-70.223	-0.950	0.340	-0.035	1478	9079
-69.783	-0.946	0.346	-0.044	1523	9086
-68.996	-0.925	0.352	-0.050	1505	9093
-68.668	-0.940	0.364	-0.047	1558	9100
-68.225	-0.938	0.372	-0.046	1452	9106
-68.642	-0.934	0.363	-0.036	1495	9113
-69.683	-0.916	0.338	-0.029	1544	9120
-71.485	-0.901	0.300	-0.035	1451	9126
-72.203	-0.893	0.281	-0.055	1475	9134
-72.177	-0.894	0.282	-0.054	1542	9140
-70.909	-0.909	0.311	-0.051	1459	9147
-69.945	-0.935	0.337	-0.054	1532	9154
-68.732	-0.947	0.366	-0.043	1500	9160
-68.137	-0.947	0.380	-0.013	1496	9167
-68.282	-0.945	0.376	-0.021	1462	9175
-68.829	-0.932	0.359	-0.032	1478	9181
-70.812	-0.925	0.320	-0.031	1484	9188
-71.133	-0.925	0.315	-0.020	1552	9194
-70.183	-0.929	0.332	-0.042	1463	9201
-68.466	-0.920	0.358	-0.058	1517	9208
-67.267	-0.918	0.383	-0.037	1497	9214
-66.736	-0.933	0.399	-0.035	1523	9222
-66.527	-0.930	0.400	-0.052	1503	9228
-66.972	-0.934	0.394	-0.051	1458	9235
-66.291	-0.928	0.403	-0.058	1488	9242
-65.605	-0.930	0.415	-0.074	1519	9248
-64.977	-0.917	0.420	-0.083	1468	9255
-64.701	-0.907	0.421	-0.082	1521	9262
-64.299	-0.902	0.428	-0.075	1478	9269
-64.585	-0.907	0.426	-0.067	1504	9275
-65.501	-0.933	0.420	-0.065	1504	9282
-66.754	-0.947	0.404	-0.046	1486	9289
-67.592	-0.939	0.387	-0.022	1503	9295
-68.280	-0.928	0.369	-0.018	1503	9303
-68.881	-0.913	0.353	-0.010	1462	9309
-70.293	-0.895	0.320	-0.008	1484	9316
-71.486	-0.890	0.298	-0.006	1505	9323
-72.906	-0.907	0.277	-0.030	1476	9329
-73.554	-0.907	0.265	-0.041	1596	9336
-73.930	-0.919	0.264	-0.023	1492	9342
-74.281	-0.928	0.261	-0.014	1467	9350
-72.969	-0.938	0.286	-0.024	1442	9357
-70.632	-0.924	0.323	-0.031	1527	9363
-68.382	-0.898	0.353	-0.050	1499	9370
-66.904	-0.885	0.366	-0.091	1528	9376
-66.971	-0.878	0.359	-0.101	1484	9383
-66.623	-0.881	0.374	-0.071	1524	9391
-65.923	-0.900	0.396	-0.068	1457	9397
-65.528	-0.924	0.415	-0.067	1501	9404
-64.817	-0.936	0.434	-0.074	1519	9410
-63.909	-0.929	0.450	-0.064	1602	9417
-65.033	-0.922	0.425	-0.062	1484	9424
-65.471	-0.922	0.416	-0.063	1458	9431
-65.580	-0.915	0.414	-0.034	1471	9438
-66.224	-0.914	0.402	-0.017	1621	9444
-67.147	-0.911	0.384	-0.013	1450	9451
-67.087	-0.904	0.382	-0.018	1493	9458
-67.609	-0.894	0.367	-0.026	1493	9464
-67.238	-0.891	0.371	-0.044	1464	9472
-66.364	-0.893	0.385	-0.067	1556	9478
-65.697	-0.901	0.400	-0.073	1562	9485
-64.548	-0.909	0.426	-0.077	1523	9492
-64.330	-0.917	0.436	-0.067	1511	9498
-65.244	-0.923	0.423	-0.048	1526	9505
-66.419	-0.923	0.402	-0.020	1532	9511
-67.068	-0.916	0.387	-0.025	1575	9519
-67.665	-0.911	0.372	-0.041	1441	9526
-66.736	-0.902	0.384	-0.057	1589	9532
-65.399	-0.903	0.407	-0.072	1472	9539
-64.455	-0.894	0.421	-0.072	1603	9545
-65.573	-0.889	0.397	-0.070	1495	9552
-67.742	-0.887	0.360	-0.043	1486	9560
-69.615	-0.890	0.330	-0.019	1487	9566
-70.794	-0.889	0.310	-0.001	1540	9573
-71.033	-0.915	0.314	0.004	1534	9579
-68.611	-0.929	0.363	-0.019	1602	9586
-65.655	-0.922	0.416	-0.030	1532	9593
-62.514	-0.900	0.467	-0.039	1485	9600
-60.288	-0.870	0.494	-0.049	1505	9607
-59.696	-0.865	0.503	-0.053	1539	9613
-59.628	-0.867	0.506	-0.049	1459	9620
-61.651	-0.891	0.479	-0.044	1544	9627
-63.391	-0.912	0.456	-0.028	1521	9633
-64.983	-0.937	0.437	-0.021	1475	9640
-65.064	-0.933	0.434	-0.005	1484	9647
-64.003	-0.911	0.444	0.001	1559	9654
-63.629	-0.892	0.441	-0.023	1545	9660
-63.400	-0.872	0.433	-0.060	1496	9667
-62.626	-0.865	0.440	-0.082	1426	9674
-63.285	-0.866	0.429	-0.079	1486	9680
-64.124	-0.870	0.418	-0.059	1467	9688
-66.142	-0.879	0.386	-0.048	1567	9694
-66.183	-0.871	0.384	-0.023	1568	9701
-65.106	-0.855	0.396	-0.034	1467	9708
-63.802	-0.851	0.415	-0.054	1522	9714
-63.478	-0.853	0.419	-0.074	1509	9721
-64.010	-0.874	0.421	-0.066	1512	9728
-65.752	-0.904	0.402	-0.063	1497	9735
-66.928	-0.920	0.389	-0.050	1522	9742
-66.933	-0.938	0.396	-0.047	1495	9748
-66.681	-0.947	0.405	-0.050	1488	9755
-65.432	-0.924	0.418	-0.061	1441	9761
-63.369	-0.901	0.443	-0.088	1474	9768
-61.587	-0.864	0.454	-0.111	1539	9776
-60.146	-0.848	0.476	-0.103	1505	9782
-59.722	-0.816	0.473	-0.062	1454	9789
-60.271	-0.794	0.453	-0.016	1441	9795
-62.040	-0.795	0.422	-0.008	1491	9802
-63.348	-0.821	0.412	-0.009	1442	9809
-62.875	-0.840	0.430	-0.021	1464	9816
-61.433	-0.858	0.466	-0.038	1524	9823
-60.508	-0.861	0.486	-0.028	1506	9829
-59.942	-0.875	0.506	-0.022	1466	9836
-60.782	-0.890	0.497	-0.022	1523	9842
-64.170	-0.906	0.438	-0.014	1503	9849
-66.309	-0.914	0.400	0.023	1431	9857
-67.140	-0.896	0.378	0.005	1453	9863
-65.926	-0.862	0.385	-0.020	1471	9870
-63.020	-0.816	0.413	-0.046	1441	9876
-59.506	-0.789	0.457	-0.084	1457	9883
-57.672	-0.788	0.490	-0.092	1500	9890
-56.687	-0.798	0.518	-0.084	1516	9896
-56.941	-0.817	0.528	-0.063	1403	9904
-58.331	-0.847	0.521	-0.043	1484	9910
-60.917	-0.884	0.490	-0.036	1559	9917
-62.310	-0.897	0.470	-0.034	1532	9924
-62.187	-0.887	0.467	-0.030	1535	9930
-61.578	-0.876	0.474	-0.021	1449	9937
-60.074	-0.865	0.498	0.001	1468	9944
-57.879	-0.853	0.535	-0.009	1472	9951
-56.685	-0.837	0.550	-0.017	1619	9958
-55.624	-0.812	0.554	-0.040	1426	9964
-55.738	-0.815	0.550	-0.079	1443	9971
-57.099	-0.821	0.522	-0.097	1477	9977
-59.553	-0.823	0.480	-0.058	1510	9985
-62.194	-0.844	0.440	-0.063	1476	9991
-64.399	-0.845	0.399	-0.065	1451	9998
-63.113	-0.826	0.417	-0.040	1488	10005
-59.791	-0.790	0.460	-0.005	1486	10011
-56.847	-0.782	0.511	0.015	1505	10018
-55.355	-0.793	0.547	0.034	1497	10025
-53.546	-0.797	0.588	0.030	1498	10032
-53.646	-0.821	0.604	0.002	1541	10039
-54.727	-0.837	0.591	-0.037	1490	10045
-55.573	-0.844	0.576	-0.050	1453	10052
-58.442	-0.850	0.520	-0.049	1430	10059
-60.176	-0.833	0.478	0.000	1432	10065
-60.708	-0.789	0.441	0.033	1484	10073
-61.409	-0.753	0.410	-0.013	1509	10080
-62.109	-0.726	0.382	-0.041	1498	10086
-60.559	-0.711	0.400	-0.026	1474	10093
-56.825	-0.705	0.461	0.003	1463	10100
-56.510	-0.740	0.489	0.022	1464	10106
-56.895	-0.775	0.504	0.041	1488	10114
-56.333	-0.789	0.521	0.065	1502	10120
-56.589	-0.797	0.524	0.036	1506	10127
-55.423	-0.779	0.537	-0.006	1516	10134
-52.773	-0.764	0.579	-0.036	1523	10140
-49.054	-0.769	0.665	-0.049	1541	10147
-45.702	-0.789	0.762	-0.112	1505	10155
-45.043	-0.823	0.806	-0.163	1488	10161
-47.757	-0.838	0.746	-0.149	1491	10168
-52.847	-0.818	0.614	-0.085	1489	10175
-56.700	-0.773	0.508	-0.016	1484	10181
-60.460	-0.721	0.407	0.031	1488	10188
-62.103	-0.647	0.343	-0.001	1482	10194
-61.611	-0.617	0.325	-0.074	1478	10202
-62.380	-0.613	0.280	-0.156	1481	10209
-66.792	-0.593	0.241	-0.080	1488	10215
-64.070	-0.552	0.265	0.044	1490	10222
-58.020	-0.568	0.335	0.117	1492	10229
-58.276	-0.625	0.368	0.117	1489	10235
-58.897	-0.697	0.419	0.038	1482	10243
-56.691	-0.746	0.490	-0.005	1504	10249
-53.489	-0.763	0.561	-0.067	1523	10256
-51.264	-0.771	0.604	-0.129	1518	10263
-50.934	-0.761	0.581	-0.209	1505	10269
-50.827	-0.723	0.563	-0.171	1503	10276
-49.486	-0.650	0.551	-0.074	1501	10284
-47.088	-0.604	0.562	0.022	1504	10290
-41.981	-0.552	0.599	0.133	1481	10297
-36.941	-0.523	0.667	0.199	1472	10304
-34.930	-0.516	0.706	0.216	1477	10310
-35.239	-0.538	0.748	0.144	1489	10317
-35.387	-0.554	0.779	0.019	1495	10323
-35.595	-0.541	0.754	-0.054	1505	10331
-37.380	-0.527	0.677	-0.136	1513	10338
-39.361	-0.521	0.607	-0.184	1490	10344
-42.761	-0.498	0.519	-0.146	1487	10351
-48.007	-0.475	0.426	-0.035	1504	10357
-55.304	-0.490	0.337	0.041	1507	10364
-60.781	-0.503	0.263	0.101	1494	10372
-61.196	-0.495	0.199	0.186	1491	10378
-56.285	-0.438	0.178	0.232	1492	10385
-50.214	-0.357	0.213	0.208	1509	10392
-38.539	-0.237	0.264	0.139	1512	10398
-23.227	-0.149	0.333	0.102	1490	10405
-10.468	-0.075	0.398	0.083	1500	10412
-7.419	-0.062	0.464	0.090	1524	10419
-4.108	-0.042	0.543	0.217	1488	10425
-5.629	-0.064	0.579	0.304	1515	10432
0.600	0.007	0.635	0.153	1536	10439
-2.813	-0.029	0.593	-0.063	1546	10445
-5.319	-0.054	0.541	-0.200	1561	10452
-9.094	-0.091	0.511	-0.247	1566	10459
-15.266	-0.175	0.607	-0.203	1556	10466
-29.132	-0.741	1.302	0.272	1543	10473
-23.471	-0.584	1.266	0.455	1550	10479
-22.433	-0.438	1.037	0.218	1565	10486
-7.110	-0.162	1.286	0.187	1566	10492
-0.651	-0.022	1.973	-0.124	1593	10500
-9.708	-0.388	1.999	-1.067	1655	10506
-34.269	-1.735	1.999	-1.578	1735	10513
-22.118	-0.823	1.999	0.327	1797	10520
-18.307	-0.895	1.999	1.820	1819	10526
-6.735	-0.276	1.999	1.217	1801	10533
-20.637	-0.848	1.999	1.034	1763	10541
-3.290	-0.135	1.999	1.225	1719	10547
3.126	0.122	1.999	1.000	1714	10554
5.657	0.220	1.999	0.962	1705	10560
5.181	0.202	1.999	0.987	1692	10567
7.348	0.266	1.913	0.764	1679	10573
4.293	0.138	1.783	0.430	1671	10580
4.794	0.131	1.503	0.419	1663	10587
-0.591	-0.014	1.293	0.295	1663	10594
3.811	0.074	1.111	0.078	1670	10601
5.318	0.063	0.671	0.027	1670	10607
20.053	0.161	0.415	-0.150	1659	10614
50.203	0.207	0.159	-0.066	1643	10620
31.479	0.085	-0.005	-0.139	1626	10628
36.481	0.092	-0.121	-0.027	1607	10635
22.978	0.073	-0.150	0.085	1584	10641
-10.016	-0.032	-0.071	0.168	1570	10648
-32.919	-0.125	-0.025	0.191	1553	10654
-34.748	-0.148	0.078	0.199	1537	10661
-45.647	-0.225	0.156	0.154	1525	10669
-20.700	-0.184	0.474	0.108	1510	10675
-11.401	-0.144	0.712	0.001	1499	10682
-16.372	-0.322	1.097	0.025	1506	10688
-15.069	-0.298	1.105	-0.041	1516	10695
-20.917	-0.460	1.203	0.027	1521	10702
-21.242	-0.501	1.276	-0.179	1519	10708
-22.832	-0.534	1.240	-0.268	1508	10716
-24.396	-0.592	1.278	-0.262	1496	10722
-24.943	-0.581	1.204	-0.333	1481	10729
-20.663	-0.490	1.276	-0.246	1468	10736
-20.420	-0.447	1.197	-0.100	1471	10742
-22.547	-0.425	1.021	-0.074	1468	10749
-21.314	-0.376	0.949	0.166	1461	10757
-12.056	-0.208	0.974	0.022	1460	10763
-11.148	-0.193	0.980	0.039	1462	10770
-9.227	-0.173	1.061	0.086	1461	10776
-10.320	-0.197	1.072	0.154	1458	10783
-9.180	-0.178	1.071	0.249	1452	10789
-9.042	-0.182	1.086	0.352	1452	10797
-13.944	-0.278	1.052	0.388	1450	10804
-11.392	-0.255	1.181	0.454	1444	10810
-11.844	-0.282	1.261	0.471	1442	10817
-11.636	-0.267	1.198	0.490	1430	10824
-10.378	-0.234	1.185	0.484	1434	10830
-8.398	-0.171	1.110	0.327	1430	10838
-6.267	-0.129	1.130	0.318	1427	10844
-9.327	-0.173	1.029	0.220	1424	10851
-9.160	-0.160	0.983	0.140	1422	10857
-9.688	-0.167	0.972	0.112	1419	10864
-9.928	-0.159	0.908	0.048	1412	10871
-8.356	-0.127	0.864	0.012	1415	10877
-8.089	-0.122	0.858	-0.028	1410	10885
-5.184	-0.078	0.860	-0.035	1414	10891
-4.246	-0.064	0.866	-0.059	1419	10898
-3.833	-0.058	0.858	-0.052	1421	10904
-5.472	-0.082	0.855	-0.037	1423	10911
-6.483	-0.096	0.842	-0.025	1434	10917
-6.994	-0.104	0.843	-0.041	1440	10925
-8.283	-0.126	0.865	-0.013	1450	10932
-9.920	-0.152	0.871	0.007	1467	10938
-10.765	-0.164	0.862	0.033	1481	10945
-12.878	-0.200	0.874	0.053	1494	10951
-13.394	-0.213	0.889	0.098	1500	10958
-13.857	-0.224	0.896	0.135	1505	10966
-14.563	-0.241	0.914	0.163	1511	10972
-14.934	-0.330	1.214	0.241	1511	10979
-23.667	-0.496	1.110	0.220	1509	10985
-15.650	-0.282	0.946	0.346	1507	10992
-13.164	-0.236	0.960	0.315	1506	10999
-10.738	-0.196	0.996	0.281	1495	11005
-10.103	-0.191	1.045	0.249	1498	11013
-8.197	-0.162	1.098	0.248	1495	11019
-13.331	-0.247	1.013	0.248	1494	11026
-5.937	-0.104	0.946	0.309	1489	11033
-10.297	-0.191	1.021	0.262	1484	11039
-12.262	-0.228	1.015	0.258	1485	11046
-12.996	-0.230	0.967	0.250	1487	11053
-12.865	-0.222	0.940	0.240	1486	11060
-12.519	-0.213	0.932	0.227	1486	11067
-12.608	-0.215	0.940	0.195	1488	11073
-12.791	-0.215	0.926	0.196	1489	11080
-13.169	-0.218	0.909	0.199	1491	11087
-13.169	-0.221	0.921	0.204	1493	11094
-13.147	-0.216	0.897	0.220	1488	11101
-13.320	-0.220	0.897	0.236	1490	11107
-12.897	-0.217	0.912	0.254	1500	11114
-14.091	-0.238	0.907	0.279	1504	11121
-14.153	-0.240	0.903	0.303	1506	11127
-13.769	-0.235	0.903	0.326	1505	11134
-13.938	-0.242	0.914	0.342	1503	11141
-13.786	-0.238	0.897	0.371	1501	11148
-11.314	-0.199	0.925	0.369	1501	11155
-12.233	-0.217	0.926	0.378	1504	11161
-11.685	-0.208	0.927	0.391	1501	11168
-11.951	-0.215	0.934	0.398	1500	11174
-11.543	-0.209	0.928	0.432	1500	11182
-9.647	-0.179	0.955	0.439	1499	11189
-10.269	-0.189	0.959	0.417	1495	11195
-10.318	-0.192	0.970	0.420	1499	11202
-9.698	-0.181	0.967	0.428	1500	11208
-9.546	-0.177	0.961	0.426	1501	11215
-9.694	-0.181	0.971	0.420	1487	11223
-9.310	-0.174	0.974	0.420	1494	11229
-8.944	-0.166	0.967	0.422	1499	11236
-9.371	-0.174	0.970	0.411	1500	11242
-9.202	-0.170	0.971	0.397	1500	11249
-9.271	-0.170	0.967	0.386	1498	11255
-9.141	-0.167	0.962	0.390	1498	11262
-9.032	-0.166	0.968	0.393	1499	11269
-9.359	-0.170	0.962	0.371	1498	11276
-8.849	-0.162	0.969	0.382	1497	11283
-8.932	-0.163	0.967	0.377	1496	11289
-8.625	-0.157	0.970	0.366	1494	11296
-8.558	-0.155	0.967	0.360	1494	11302
-8.628	-0.155	0.964	0.344	1495	11310
-8.677	-0.155	0.959	0.340	1491	11316
-9.036	-0.161	0.959	0.327	1492	11323
-9.636	-0.169	0.947	0.305	1493	11330
-9.364	-0.163	0.944	0.294	1494	11336
-10.377	-0.179	0.937	0.274	1492	11343
-10.870	-0.186	0.931	0.260	1493	11350
-11.595	-0.193	0.914	0.229	1493	11357
-12.156	-0.201	0.907	0.222	1493	11364
-13.088	-0.217	0.906	0.220	1491	11370
-12.860	-0.214	0.910	0.222	1487	11377
-13.198	-0.219	0.908	0.213	1489	11383
-12.267	-0.205	0.918	0.217	1488	11390
-11.799	-0.199	0.929	0.217	1487	11398
-11.069	-0.189	0.943	0.219	1486	11404
-10.887	-0.188	0.954	0.224	1483	11411
-11.208	-0.192	0.944	0.226	1480	11417
-11.263	-0.194	0.945	0.242	1478	11424
-11.168	-0.194	0.953	0.246	1476	11431
-10.966	-0.192	0.962	0.246	1471	11438
-10.739	-0.189	0.965	0.259	1465	11445
-10.833	-0.190	0.962	0.255	1464	11452
-9.864	-0.173	0.964	0.243	1465	11458
-8.405	-0.140	0.935	0.141	1465	11465
-10.909	-0.203	1.027	0.235	1466	11471
-10.392	-0.180	0.957	0.210	1467	11479
-10.197	-0.176	0.949	0.232	1467	11485
-9.416	-0.160	0.940	0.220	1465	11492
-10.367	-0.177	0.943	0.209	1467	11499
-9.153	-0.154	0.939	0.186	1465	11505
-10.028	-0.171	0.949	0.182	1466	11512
-10.350	-0.178	0.956	0.182	1468	11518
-9.841	-0.166	0.940	0.178	1467	11526
-10.075	-0.172	0.952	0.171	1468	11533
-10.169	-0.176	0.961	0.192	1470	11539
-10.483	-0.181	0.957	0.193	1471	11546
-10.133	-0.175	0.960	0.187	1470	11552
-10.688	-0.185	0.957	0.201	1467	11559
-10.710	-0.185	0.955	0.200	1466	11567
-10.933	-0.187	0.950	0.198	1468	11573
-11.254	-0.194	0.955	0.204	1468	11580
-10.893	-0.188	0.957	0.208	1470	11586
-10.705	-0.185	0.952	0.216	1471	11593
-10.660	-0.185	0.952	0.234	1470	11600
-10.500	-0.183	0.958	0.230	1468	11607
-10.440	-0.182	0.957	0.236	1470	11614
-10.423	-0.182	0.957	0.243	1472	11621
-9.920	-0.173	0.958	0.243	1472	11627
-10.370	-0.182	0.963	0.241	1472	11634
-9.574	-0.168	0.962	0.258	1471	11640
-10.520	-0.184	0.956	0.252	1470	11648
-10.181	-0.179	0.962	0.255	1472	11654
-10.335	-0.181	0.957	0.256	1473	11661
-10.347	-0.181	0.955	0.259	1474	11668
-10.499	-0.183	0.952	0.254	1473	11674
-10.447	-0.183	0.954	0.266	1473	11681
-10.471	-0.182	0.950	0.251	1473	11688
-10.311	-0.180	0.953	0.259	1474	11695
-10.447	-0.183	0.954	0.266	1474	11702
-10.082	-0.177	0.958	0.266	1474	11708
-9.951	-0.174	0.953	0.271	1474	11715
-9.835	-0.173	0.958	0.276	1473	11722
-9.647	-0.171	0.964	0.286	1474	11728
-9.403	-0.166	0.962	0.282	1474	11736
-9.458	-0.168	0.967	0.286	1474	11742
-9.691	-0.173	0.970	0.290	1474	11749
-9.703	-0.172	0.964	0.285	1474	11755
-9.539	-0.170	0.971	0.283	1473	11762
-9.210	-0.164	0.969	0.292	1473	11769
-9.235	-0.164	0.966	0.292	1474	11776
-9.194	-0.163	0.963	0.297	1474	11783
-9.270	-0.165	0.964	0.306	1475	11789
-8.936	-0.159	0.968	0.297	1475	11796
-9.136	-0.163	0.969	0.300	1473	11802
-9.207	-0.164	0.967	0.300	1472	11809
-9.355	-0.165	0.958	0.293	1469	11816
-9.508	-0.169	0.966	0.291	1472	11823
-9.421	-0.166	0.960	0.282	1473	11830
-9.571	-0.168	0.957	0.276	1474	11836
-9.623	-0.169	0.955	0.284	1474	11843
-9.500	-0.167	0.955	0.289	1474	11849
-9.936	-0.175	0.958	0.279	1475	11856
-9.789	-0.171	0.953	0.270	1477	11864
-10.118	-0.177	0.953	0.270	1481	11870
-10.074	-0.177	0.958	0.269	1484	11877
-10.359	-0.182	0.957	0.268	1488	11883
-9.869	-0.173	0.956	0.271	1493	11890
-10.229	-0.179	0.954	0.266	1497	11897
-9.971	-0.174	0.952	0.267	1500	11904
-9.621	-0.168	0.954	0.268	1501	11911
-9.656	-0.170	0.962	0.269	1503	11917
-9.984	-0.175	0.957	0.265	1503	11924
-9.948	-0.174	0.955	0.265	1503	11930
-10.081	-0.176	0.955	0.256	1503	11937
-10.170	-0.176	0.948	0.247	1501	11944
-10.455	-0.182	0.953	0.246	1499	11951
-10.305	-0.179	0.953	0.240	1497	11958
-10.554	-0.182	0.945	0.238	1496	11965
-10.675	-0.184	0.945	0.234	1495	11971
-10.809	-0.186	0.943	0.233	1495	11978
-10.559	-0.182	0.945	0.236	1493	11984
-10.438	-0.180	0.946	0.236	1491	11992
-10.230	-0.178	0.953	0.248	1488	11999
-10.089	-0.175	0.953	0.238	1483	12005
-9.874	-0.172	0.957	0.243	1485	12012
-9.653	-0.169	0.959	0.259	1485	12018
-9.761	-0.170	0.955	0.252	1484	12025
-9.891	-0.174	0.962	0.262	1483	12032
-10.076	-0.176	0.956	0.254	1482	12039
-10.467	-0.182	0.953	0.241	1480	12046
-10.462	-0.182	0.954	0.239	1480	12052
-10.421	-0.180	0.948	0.235	1478	12059
-9.778	-0.169	0.951	0.237	1477	12065
-9.758	-0.169	0.949	0.253	1476	12072
-9.603	-0.168	0.959	0.257	1476	12080
-9.457	-0.167	0.968	0.262	1475	12086
-9.293	-0.164	0.967	0.266	1474	12093
-8.920	-0.158	0.974	0.261	1473	12099
-9.169	-0.161	0.964	0.260	1472	12106
-9.146	-0.160	0.963	0.250	1472	12112
-9.547	-0.167	0.961	0.250	1472	12120
-9.942	-0.173	0.953	0.253	1471	12127
-10.234	-0.178	0.952	0.250	1471	12133
-10.081	-0.174	0.946	0.246	1471	12140
-9.921	-0.172	0.953	0.239	1471	12146
-10.182	-0.177	0.954	0.241	1471	12153
-9.944	-0.172	0.952	0.233	1471	12161
-9.930	-0.172	0.953	0.235	1470	12167
-10.218	-0.177	0.952	0.234	1470	12174
-10.057	-0.174	0.950	0.240	1470	12180
-9.874	-0.171	0.949	0.251	1470	12187
-9.899	-0.172	0.953	0.248	1470	12193
-10.028	-0.175	0.955	0.255	1469	12200
-10.098	-0.176	0.951	0.264	1469	12208
-9.939	-0.173	0.949	0.269	1469	12214
-9.791	-0.172	0.958	0.272	1469	12221
-9.610	-0.169	0.961	0.269	1468	12227
-9.421	-0.165	0.958	0.268	1468	12234
-9.488	-0.166	0.954	0.276	1468	12241
-9.235	-0.162	0.960	0.270	1468	12248
-9.240	-0.163	0.966	0.269	1468	12255
-9.381	-0.164	0.958	0.262	1468	12261
-9.193	-0.161	0.957	0.274	1468	12268
-9.460	-0.166	0.956	0.280	1469	12274
-9.456	-0.166	0.960	0.269	1469	12281
-9.315	-0.163	0.957	0.270	1469	12289
-9.199	-0.161	0.958	0.269	1469	12295
-9.181	-0.160	0.950	0.281	1470	12302
-9.302	-0.163	0.956	0.278	1470	12308
-9.137	-0.160	0.956	0.278	1471	12315
-9.120	-0.160	0.956	0.285	1471	12321
-9.082	-0.161	0.967	0.285	1471	12328
-9.064	-0.160	0.963	0.284	1472	12336
-8.733	-0.154	0.965	0.279	1472	12342
-8.807	-0.156	0.967	0.287	1472	12349
-9.138	-0.161	0.960	0.286	1473	12355
-8.754	-0.154	0.960	0.287	1473	12362
-8.816	-0.155	0.960	0.284	1473	12368
-9.048	-0.159	0.959	0.282	1474	12376
-8.900	-0.157	0.964	0.281	1474	12382
-9.186	-0.161	0.957	0.277	1474	12389
-9.119	-0.160	0.957	0.282	1474	12396
-9.315	-0.164	0.959	0.284	1475	12402
-9.308	-0.163	0.957	0.272	1475	12409
-9.533	-0.167	0.954	0.280	1476	12416
-9.451	-0.165	0.954	0.270	1476	12423
-9.602	-0.168	0.955	0.271	1476	12429
-9.717	-0.169	0.948	0.272	1476	12436
-9.736	-0.168	0.941	0.269	1477	12443
-9.567	-0.166	0.948	0.267	1477	12449
-9.548	-0.166	0.949	0.271	1477	12456
-9.662	-0.167	0.943	0.269	1477	12463
-9.409	-0.164	0.952	0.271	1477	12470
-9.337	-0.163	0.953	0.274	1477	12476
-9.677	-0.169	0.953	0.271	1477	12483
-9.379	-0.164	0.956	0.270	1477	12490
-9.163	-0.161	0.962	0.270	1477	12496
-9.276	-0.163	0.959	0.278	1477	12504
-9.139	-0.160	0.954	0.284	1478	12510
-9.437	-0.165	0.955	0.271	1477	12517
-9.181	-0.162	0.962	0.284	1477	12523
-8.893	-0.156	0.959	0.278	1477	12530
-9.194	-0.161	0.954	0.284	1477	12537
-9.237	-0.161	0.953	0.271	1476	12544
-9.422	-0.166	0.961	0.278	1476	12551
-9.401	-0.166	0.962	0.283	1475	12557
-9.552	-0.167	0.953	0.276	1475	12564
-9.321	-0.165	0.967	0.276	1475	12570
-9.488	-0.166	0.956	0.270	1474	12577
-9.193	-0.161	0.959	0.268	1475	12584
-9.393	-0.164	0.956	0.264	1475	12591
-9.162	-0.160	0.956	0.269	1475	12598
-9.508	-0.165	0.952	0.254	1474	12604
-9.686	-0.168	0.949	0.260	1474	12611
-9.845	-0.171	0.950	0.259	1473	12617
-9.967	-0.172	0.945	0.251	1473	12624
-10.079	-0.173	0.939	0.251	1473	12632
-10.310	-0.176	0.933	0.253	1474	12638
-10.513	-0.179	0.929	0.255	1473	12645
-10.336	-0.178	0.941	0.252	1474	12651
-10.498	-0.180	0.933	0.266	1474	12658
-10.654	-0.183	0.935	0.263	1475	12665
-10.468	-0.180	0.936	0.266	1476	12672
-10.572	-0.182	0.935	0.271	1475	12679
-10.533	-0.183	0.940	0.283	1474	12686
-10.040	-0.174	0.940	0.282	1477	12692
-9.752	-0.168	0.937	0.279	1479	12699
-9.541	-0.165	0.943	0.272	1481	12705
-9.180	-0.158	0.943	0.262	1482	12712
-8.827	-0.153	0.951	0.265	1483	12719
-8.089	-0.141	0.951	0.272	1484	12726
-8.007	-0.141	0.962	0.272	1485	12733
-8.089	-0.143	0.963	0.281	1486	12739
-8.196	-0.145	0.961	0.289	1486	12746
-8.082	-0.143	0.962	0.288	1487	12752
-7.995	-0.142	0.963	0.299	1487	12760
-7.877	-0.140	0.963	0.303	1487	12766
-7.744	-0.138	0.968	0.298	1488	12773
-7.446	-0.134	0.978	0.304	1488	12780
-7.325	-0.131	0.971	0.307	1487	12786
-7.183	-0.129	0.975	0.311	1489	12793
-7.356	-0.132	0.976	0.302	1491	12800
-7.358	-0.132	0.972	0.313	1491	12807
-7.403	-0.133	0.973	0.314	1491	12813
-7.385	-0.133	0.974	0.319	1491	12820
-7.558	-0.136	0.972	0.320	1492	12827
-7.749	-0.139	0.970	0.313	1489	12833
-7.833	-0.141	0.972	0.317	1490	12840
-7.739	-0.139	0.971	0.314	1492	12847
-7.711	-0.138	0.968	0.312	1493	12854
-7.947	-0.142	0.968	0.304	1495	12861
-8.201	-0.146	0.963	0.304	1495	12867
-8.248	-0.146	0.958	0.300	1496	12874
-8.532	-0.149	0.953	0.289	1496	12880
-8.885	-0.156	0.954	0.298	1497	12888
-8.983	-0.156	0.947	0.282	1497	12894
-9.228	-0.160	0.948	0.270	1497	12901
-9.325	-0.161	0.944	0.267	1496	12908
-9.313	-0.162	0.952	0.266	1496	12914
-9.254	-0.161	0.953	0.264	1495	12921
-9.390	-0.163	0.947	0.274	1494	12928
-9.480	-0.164	0.945	0.268	1494	12935
-9.463	-0.164	0.947	0.268	1493	12941
-9.304	-0.161	0.947	0.265	1492	12948
-9.058	-0.158	0.955	0.270	1491	12955
-9.208	-0.160	0.950	0.271	1490	12961
-9.441	-0.165	0.954	0.273	1489	12968
-9.398	-0.164	0.956	0.262	1489	12975
-9.196	-0.160	0.952	0.269	1488	12982
-9.062	-0.158	0.955	0.268	1488	12988
-9.239	-0.160	0.949	0.262	1487	12995
-9.141	-0.159	0.955	0.258	1486	13001
-9.252	-0.160	0.948	0.260	1486	13008
-9.220	-0.161	0.957	0.264	1485	13016
-8.986	-0.156	0.954	0.257	1485	13022
-9.166	-0.160	0.956	0.267	1484	13029
-9.276	-0.162	0.956	0.267	1484	13035
-9.187	-0.160	0.955	0.262	1483	13042
-9.025	-0.158	0.960	0.266	1483	13048
-9.046	-0.158	0.955	0.274	1482	13056
-9.057	-0.159	0.961	0.271	1482	13063
-9.061	-0.160	0.963	0.285	1482	13069
-9.129	-0.160	0.957	0.278	1479	13076
-8.857	-0.155	0.957	0.277	1476	13082
-9.017	-0.159	0.963	0.281	1479	13089
-9.004	-0.157	0.952	0.279	1480	13095
-8.673	-0.153	0.966	0.278	1480	13103
-8.887	-0.155	0.954	0.275	1481	13110
