⸮f⸮v⸮o⸮⸮⸮⸮⸮⸮g⸮o⸮⸮⸮⸮⸮⸮⸮⸮⸮⸮⸮⸮⸮⸮o⸮MMA8452Q Basic Reading Code!
I2C Verbindung gefunden!.
1496	15
-82.234	-0.984	-0.133	-0.020	1496	22
-82.388	-0.990	-0.130	-0.025	1497	28
-82.156	-0.994	-0.134	-0.029	1498	35
-82.976	-0.993	-0.121	-0.018	1498	41
-82.991	-0.990	-0.118	-0.029	1499	49
-82.799	-0.985	-0.122	-0.024	1499	55
-83.097	-0.989	-0.118	-0.020	1498	62
-83.585	-0.986	-0.108	-0.023	1499	68
-83.326	-0.985	-0.113	-0.021	1499	75
-83.138	-0.990	-0.116	-0.026	1499	81
-83.368	-0.987	-0.113	-0.019	1498	89
-83.154	-0.997	-0.117	-0.024	1499	95
-83.039	-0.990	-0.119	-0.021	1500	102
-83.127	-0.993	-0.119	-0.012	1500	108
-83.170	-0.995	-0.118	-0.016	1499	115
-83.803	-0.995	-0.106	-0.019	1498	122
-83.967	-0.995	-0.104	-0.019	1498	129
-83.948	-0.988	-0.104	-0.008	1497	136
-84.361	-0.980	-0.096	-0.015	1496	142
-84.205	-0.973	-0.099	-0.004	1495	149
-84.312	-0.976	-0.097	-0.010	1495	155
-84.132	-0.979	-0.101	-0.004	1494	162
-83.939	-0.996	-0.105	-0.008	1494	168
-83.978	-0.999	-0.104	-0.014	1493	176
-84.249	-1.009	-0.102	-0.003	1493	183
-84.311	-1.020	-0.102	0.001	1493	189
-84.163	-1.013	-0.104	0.001	1490	196
-84.142	-1.001	-0.103	0.006	1490	202
-84.481	-0.991	-0.096	-0.004	1492	209
-84.329	-0.983	-0.098	-0.001	1493	216
-84.500	-0.994	-0.096	-0.002	1494	223
-84.085	-1.008	-0.104	-0.014	1494	229
-84.358	-1.017	-0.098	-0.023	1494	236
-84.118	-1.022	-0.104	-0.020	1494	242
-83.897	-1.023	-0.106	-0.025	1494	249
-83.773	-1.012	-0.107	-0.025	1494	257
-83.005	-0.992	-0.118	-0.029	1495	263
-82.968	-0.985	-0.117	-0.032	1495	270
-82.414	-0.975	-0.126	-0.031	1495	276
-82.981	-0.983	-0.118	-0.026	1496	283
-82.990	-0.994	-0.119	-0.027	1497	289
-83.140	-0.996	-0.114	-0.036	1497	296
-83.474	-0.991	-0.106	-0.039	1497	303
-83.492	-0.984	-0.108	-0.029	1496	310
-83.424	-0.973	-0.105	-0.038	1495	316
-83.447	-0.979	-0.106	-0.036	1495	323
-83.055	-0.984	-0.117	-0.025	1496	330
-82.985	-0.999	-0.117	-0.037	1495	336
-82.887	-1.003	-0.120	-0.035	1494	344
-83.037	-0.994	-0.116	-0.035	1494	350
-83.303	-0.986	-0.110	-0.035	1494	357
-83.011	-0.978	-0.114	-0.036	1494	363
-83.330	-0.975	-0.107	-0.038	1495	370
-83.437	-0.973	-0.104	-0.040	1495	376
-83.278	-0.983	-0.111	-0.032	1495	384
-83.490	-0.993	-0.107	-0.036	1495	391
-83.506	-0.997	-0.109	-0.030	1496	397
-83.432	-0.996	-0.110	-0.031	1496	404
-83.688	-0.989	-0.106	-0.025	1497	410
-83.282	-0.986	-0.111	-0.033	1497	417
-83.490	-0.985	-0.107	-0.033	1498	423
-83.615	-0.982	-0.104	-0.034	1499	431
-83.718	-0.993	-0.104	-0.035	1499	437
-83.988	-1.003	-0.101	-0.032	1499	444
-83.743	-1.000	-0.104	-0.036	1500	450
-83.368	-1.003	-0.108	-0.043	1501	457
-83.897	-0.994	-0.100	-0.037	1501	464
-84.245	-0.980	-0.094	-0.031	1500	471
-83.994	-0.975	-0.098	-0.031	1499	478
-84.219	-0.976	-0.096	-0.024	1499	484
-83.406	-0.979	-0.110	-0.025	1499	491
-83.771	-0.996	-0.105	-0.026	1497	497
-83.886	-1.007	-0.104	-0.030	1497	504
-83.808	-1.008	-0.104	-0.032	1497	510
-83.545	-1.005	-0.110	-0.027	1498	518
-83.404	-0.994	-0.110	-0.032	1498	524
-83.112	-0.988	-0.116	-0.027	1498	531
-82.839	-0.980	-0.120	-0.027	1498	538
-82.879	-0.992	-0.122	-0.021	1499	544
-83.348	-0.993	-0.115	-0.012	1500	551
-83.225	-0.995	-0.117	-0.016	1500	558
-83.453	-0.993	-0.112	-0.020	1499	565
-83.403	-0.987	-0.110	-0.029	1499	571
-83.644	-0.980	-0.106	-0.024	1499	578
-83.220	-0.986	-0.114	-0.026	1499	584
-82.831	-0.982	-0.118	-0.036	1500	591
-82.856	-0.990	-0.122	-0.022	1499	599
-82.691	-1.002	-0.126	-0.025	1499	605
-82.377	-1.002	-0.131	-0.029	1500	612
-82.667	-1.011	-0.127	-0.028	1501	618
-83.099	-1.002	-0.120	-0.017	1501	625
-83.378	-0.997	-0.114	-0.019	1500	631
-83.827	-0.997	-0.105	-0.022	1500	638
-83.985	-0.989	-0.101	-0.027	1501	645
-84.141	-0.987	-0.097	-0.030	1502	652
-83.599	-0.988	-0.105	-0.034	1502	658
-83.315	-0.991	-0.111	-0.033	1503	665
-83.156	-0.996	-0.114	-0.035	1504	672
-83.580	-1.002	-0.109	-0.027	1505	678
-83.718	-0.999	-0.108	-0.019	1505	686
-84.063	-0.991	-0.102	-0.018	1505	692
-84.515	-0.987	-0.090	-0.030	1505	699
-84.709	-0.978	-0.083	-0.036	1504	705
-85.031	-0.975	-0.075	-0.039	1504	712
-85.186	-0.987	-0.069	-0.046	1504	718
-85.626	-0.995	-0.063	-0.042	1503	726
-85.583	-0.995	-0.068	-0.035	1503	733
-85.467	-0.997	-0.070	-0.036	1503	739
-85.708	-0.993	-0.063	-0.039	1502	746
-85.612	-0.995	-0.071	-0.027	1501	752
-85.580	-0.989	-0.069	-0.032	1500	759
-85.247	-0.984	-0.077	-0.027	1500	765
-85.404	-0.983	-0.071	-0.034	1498	773
-85.301	-0.988	-0.072	-0.037	1497	779
-85.071	-0.993	-0.075	-0.041	1497	786
-84.320	-0.995	-0.085	-0.051	1497	792
-84.195	-1.001	-0.091	-0.046	1495	799
-83.907	-0.994	-0.095	-0.048	1495	805
-83.650	-0.986	-0.101	-0.044	1494	813
-83.598	-0.985	-0.101	-0.046	1494	820
-83.450	-0.981	-0.102	-0.049	1495	826
-83.225	-0.985	-0.105	-0.051	1495	833
-83.444	-0.992	-0.101	-0.054	1494	839
-83.280	-0.997	-0.104	-0.054	1494	846
-83.185	-0.987	-0.104	-0.057	1491	852
-83.167	-0.980	-0.104	-0.054	1491	860
-82.891	-0.980	-0.109	-0.055	1492	866
-82.984	-0.977	-0.105	-0.058	1492	873
-82.800	-0.979	-0.109	-0.058	1491	879
-83.122	-0.984	-0.102	-0.062	1491	886
-83.309	-0.987	-0.102	-0.056	1491	893
-83.425	-0.989	-0.101	-0.054	1493	900
-83.558	-0.990	-0.101	-0.049	1492	907
-83.400	-0.981	-0.102	-0.051	1491	913
-83.263	-0.983	-0.104	-0.053	1491	920
-83.241	-0.980	-0.103	-0.055	1489	926
-83.158	-0.990	-0.107	-0.051	1489	933
-82.729	-0.996	-0.113	-0.058	1489	940
-82.828	-1.004	-0.115	-0.052	1489	947
-82.858	-1.000	-0.116	-0.047	1489	954
-83.356	-0.998	-0.108	-0.042	1490	960
-83.265	-0.989	-0.107	-0.046	1490	967
-83.438	-0.984	-0.104	-0.046	1491	973
-83.339	-0.984	-0.101	-0.056	1492	980
-83.972	-0.991	-0.090	-0.054	1493	987
-83.800	-0.999	-0.094	-0.055	1493	994
-83.926	-1.003	-0.093	-0.053	1494	1000
-83.929	-0.998	-0.094	-0.050	1496	1007
-84.103	-0.989	-0.087	-0.054	1496	1014
-84.141	-0.979	-0.085	-0.054	1496	1020
-84.465	-0.979	-0.080	-0.051	1496	1028
-84.369	-0.990	-0.084	-0.050	1498	1034
-84.292	-0.990	-0.085	-0.051	1497	1041
-84.280	-1.000	-0.087	-0.050	1496	1048
-84.093	-0.992	-0.093	-0.044	1492	1054
-83.925	-0.993	-0.094	-0.049	1493	1061
-83.451	-0.986	-0.104	-0.046	1494	1068
-83.314	-0.982	-0.106	-0.044	1494	1075
-83.396	-0.989	-0.104	-0.047	1495	1082
-83.447	-0.996	-0.103	-0.051	1495	1088
-83.770	-1.001	-0.100	-0.045	1495	1095
-84.001	-1.006	-0.094	-0.049	1495	1101
-84.174	-0.993	-0.090	-0.047	1496	1108
-84.124	-0.986	-0.088	-0.051	1496	1116
-84.209	-0.989	-0.086	-0.052	1496	1122
-83.738	-0.987	-0.090	-0.061	1496	1129
-83.737	-0.995	-0.089	-0.063	1495	1135
-83.662	-1.000	-0.094	-0.060	1496	1142
-83.440	-0.995	-0.102	-0.053	1497	1148
-83.430	-0.994	-0.101	-0.055	1497	1156
-83.257	-0.987	-0.097	-0.065	1496	1163
-83.809	-0.980	-0.092	-0.054	1496	1169
-74.022	-0.976	-0.244	-0.136	1498	1176
-17.804	-0.446	0.960	1.005	1494	1182
-9.609	-0.105	0.470	-0.409	1490	1189
-39.380	-1.994	-1.385	-1.996	1492	1196
-72.424	-1.014	-0.247	0.205	1498	1203
-77.924	-1.852	0.380	0.112	1504	1210
-72.448	-1.007	0.115	0.297	1505	1216
-65.367	-0.931	0.050	0.424	1502	1223
-67.510	-1.091	0.063	-0.447	1499	1230
-71.687	-0.926	-0.239	-0.191	1498	1236
-66.602	-0.874	-0.326	-0.191	1499	1244
-69.809	-0.857	-0.211	-0.234	1499	1250
-78.010	-0.855	-0.163	0.080	1500	1257
-77.734	-0.912	-0.127	0.152	1501	1264
-80.895	-1.014	-0.120	0.109	1500	1270
-79.892	-1.081	-0.133	-0.140	1499	1277
-78.448	-1.088	-0.086	-0.205	1499	1284
-81.493	-1.004	-0.058	-0.139	1499	1291
-85.689	-0.957	-0.056	-0.046	1501	1298
-85.384	-0.947	-0.076	-0.007	1501	1304
-83.418	-0.949	-0.109	0.006	1502	1311
-82.900	-0.969	-0.118	-0.024	1502	1317
-83.259	-0.987	-0.106	-0.048	1501	1325
-83.674	-1.013	-0.102	-0.048	1501	1331
-83.640	-1.020	-0.100	-0.055	1499	1338
-84.357	-1.008	-0.089	-0.045	1499	1345
-85.783	-0.995	-0.065	-0.033	1500	1351
-85.871	-0.992	-0.064	-0.031	1499	1358
-85.939	-0.988	-0.058	-0.040	1499	1364
-85.619	-0.992	-0.056	-0.052	1500	1372
-85.376	-0.990	-0.063	-0.049	1501	1379
-85.646	-0.999	-0.066	-0.037	1501	1385
-85.356	-1.000	-0.072	-0.037	1502	1392
-85.764	-0.999	-0.068	-0.028	1502	1398
-85.333	-0.995	-0.073	-0.035	1500	1405
-43.198	-1.264	-1.022	-0.875	1500	1413
-36.723	-1.593	0.750	1.999	1497	1419
-59.774	-0.959	-0.519	-0.208	1495	1426
-45.022	-2.000	-1.704	-1.044	1497	1432
-68.577	-1.187	-0.362	0.293	1499	1439
-70.101	-1.932	0.558	-0.422	1504	1446
-70.654	-0.886	0.168	0.262	1503	1453
-74.608	-0.911	0.142	0.207	1499	1460
-81.855	-0.897	0.090	-0.092	1500	1466
-65.103	-0.959	-0.192	-0.401	1498	1473
-75.547	-0.965	-0.227	-0.103	1499	1480
-79.465	-0.962	-0.168	-0.062	1500	1486
-80.390	-0.901	-0.107	0.108	1500	1494
-75.486	-0.892	-0.148	0.177	1498	1500
-76.548	-0.854	-0.187	0.083	1498	1507
-76.554	-0.975	-0.232	-0.017	1498	1514
-77.355	-1.137	-0.173	-0.187	1498	1520
-83.932	-1.165	-0.101	-0.072	1498	1527
-85.495	-1.114	-0.079	-0.038	1499	1533
-84.752	-1.000	-0.091	-0.014	1501	1541
-83.616	-0.937	-0.104	0.008	1502	1548
-81.973	-0.914	-0.126	-0.027	1503	1554
-80.454	-0.940	-0.156	-0.024	1504	1561
-80.103	-1.000	-0.171	-0.035	1505	1567
-80.488	-1.030	-0.171	-0.024	1505	1574
-80.993	-1.038	-0.164	-0.013	1505	1582
-81.879	-1.021	-0.146	0.006	1506	1588
-82.168	-1.002	-0.138	-0.006	1506	1595
-82.802	-0.988	-0.121	-0.030	1506	1601
-83.182	-0.981	-0.111	-0.037	1506	1608
-83.028	-0.980	-0.110	-0.047	1506	1615
-83.452	-0.989	-0.102	-0.051	1506	1622
-83.941	-0.996	-0.099	-0.038	1507	1629
-84.399	-1.003	-0.090	-0.040	1507	1635
-84.695	-1.000	-0.086	-0.035	1507	1642
-84.452	-1.004	-0.085	-0.048	1507	1649
-84.820	-0.994	-0.078	-0.045	1505	1655
-84.963	-0.993	-0.068	-0.055	1506	1662
-84.948	-0.984	-0.063	-0.061	1507	1669
-85.437	-0.986	-0.056	-0.056	1507	1676
-85.491	-0.996	-0.049	-0.062	1506	1683
-85.305	-0.996	-0.045	-0.068	1505	1689
-84.998	-0.998	-0.039	-0.078	1503	1696
-84.810	-0.996	-0.028	-0.086	1502	1702
-85.109	-0.997	-0.023	-0.082	1501	1710
-84.976	-0.998	-0.025	-0.084	1498	1716
-85.138	-0.994	-0.021	-0.082	1497	1723
-85.342	-0.989	-0.026	-0.076	1495	1730
-85.117	-0.994	-0.025	-0.081	1494	1736
-84.659	-0.989	-0.034	-0.086	1493	1743
-84.627	-0.979	-0.033	-0.086	1492	1750
-84.426	-0.975	-0.031	-0.090	1492	1757
-84.579	-0.979	-0.035	-0.086	1493	1764
-84.335	-0.979	-0.039	-0.089	1493	1770
-84.735	-0.982	-0.031	-0.085	1491	1777
-84.625	-0.979	-0.024	-0.089	1492	1783
-84.598	-0.975	-0.016	-0.091	1493	1790
-84.349	-0.974	-0.018	-0.095	1493	1798
-84.084	-0.975	-0.017	-0.100	1496	1804
-83.962	-0.977	-0.027	-0.100	1499	1811
-84.082	-0.989	-0.034	-0.097	1499	1817
-84.130	-0.986	-0.049	-0.089	1499	1824
-84.417	-0.989	-0.060	-0.076	1500	1831
-83.109	-0.994	-0.085	-0.085	1499	1838
-82.803	-0.994	-0.097	-0.080	1498	1845
-82.350	-0.993	-0.107	-0.079	1499	1851
-82.942	-0.993	-0.102	-0.069	1499	1858
-82.575	-0.996	-0.110	-0.068	1499	1865
-82.372	-0.993	-0.105	-0.081	1500	1871
-82.526	-0.993	-0.100	-0.084	1499	1879
-82.458	-0.981	-0.102	-0.081	1498	1885
-82.752	-0.978	-0.090	-0.086	1499	1892
-82.617	-0.975	-0.080	-0.098	1499	1899
-82.752	-0.978	-0.070	-0.103	1500	1905
-83.291	-0.992	-0.048	-0.106	1500	1912
-83.595	-0.999	-0.032	-0.107	1500	1918
-84.238	-1.006	-0.020	-0.100	1500	1926
-84.223	-1.004	0.001	-0.102	1501	1933
-84.496	-0.995	0.006	-0.096	1501	1939
-84.516	-0.978	0.020	-0.092	1500	1946
-83.124	-0.974	0.022	-0.115	1499	1952
-82.774	-0.973	0.018	-0.122	1498	1959
-82.289	-0.980	0.016	-0.132	1498	1967
-82.971	-0.983	0.017	-0.120	1497	1973
-83.759	-0.997	0.012	-0.108	1495	1980
-84.383	-1.008	0.010	-0.099	1497	1986
-84.201	-1.003	-0.008	-0.102	1496	1993
-84.182	-0.998	-0.021	-0.100	1495	2000
-84.410	-0.985	-0.026	-0.093	1495	2007
-83.578	-0.979	-0.035	-0.104	1496	2014
-83.777	-0.979	-0.043	-0.098	1495	2020
-83.868	-0.978	-0.053	-0.091	1494	2027
-83.613	-0.982	-0.067	-0.087	1494	2034
-83.813	-0.987	-0.075	-0.076	1494	2040
-83.598	-0.993	-0.084	-0.073	1493	2048
-83.623	-0.998	-0.085	-0.072	1494	2054
-83.856	-0.989	-0.087	-0.062	1496	2061
-83.839	-0.980	-0.079	-0.070	1497	2068
-83.755	-0.991	-0.079	-0.074	1497	2074
-83.645	-0.990	-0.085	-0.070	1496	2081
-83.480	-0.997	-0.082	-0.079	1495	2087
-83.569	-1.000	-0.089	-0.069	1496	2095
-83.668	-1.002	-0.087	-0.069	1496	2102
-83.845	-0.996	-0.086	-0.064	1497	2108
-84.439	-0.982	-0.073	-0.062	1498	2115
-84.877	-0.979	-0.061	-0.063	1497	2121
-84.478	-0.983	-0.053	-0.079	1497	2128
-84.304	-0.991	-0.054	-0.083	1496	2136
-84.811	-0.993	-0.050	-0.075	1498	2142
-84.991	-1.008	-0.051	-0.072	1495	2149
-84.666	-1.007	-0.051	-0.079	1496	2155
-85.012	-0.996	-0.054	-0.068	1494	2162
-85.482	-1.000	-0.051	-0.061	1491	2168
-86.264	-0.996	-0.038	-0.053	1489	2176
-85.933	-1.002	-0.034	-0.063	1490	2183
-86.316	-1.000	-0.024	-0.060	1491	2189
-85.410	-1.007	-0.034	-0.073	1493	2196
-86.029	-1.011	-0.020	-0.067	1494	2202
-86.691	-1.008	-0.014	-0.057	1494	2209
-86.599	-0.997	-0.009	-0.059	1497	2216
-86.789	-0.982	-0.007	-0.055	1499	2223
-86.472	-0.967	0.002	-0.060	1497	2230
-85.474	-0.958	0.010	-0.075	1498	2236
-85.843	-0.968	-0.002	-0.070	1497	2243
-86.099	-0.976	-0.004	-0.066	1497	2250
-85.558	-0.994	-0.018	-0.075	1496	2256
-85.255	-1.016	-0.036	-0.076	1495	2264
-85.103	-1.028	-0.046	-0.075	1493	2270
-84.123	-1.030	-0.063	-0.085	1492	2277
-84.503	-1.022	-0.063	-0.075	1490	2284
-83.802	-1.000	-0.072	-0.081	1490	2290
-83.496	-0.976	-0.076	-0.081	1489	2297
-82.894	-0.970	-0.083	-0.088	1489	2304
-82.116	-0.973	-0.093	-0.098	1491	2311
-81.633	-0.973	-0.111	-0.090	1492	2318
-81.208	-0.974	-0.120	-0.091	1493	2324
-80.795	-0.976	-0.142	-0.070	1496	2331
-80.158	-0.979	-0.150	-0.079	1497	2337
-80.001	-0.981	-0.157	-0.072	1497	2344
-80.197	-0.991	-0.155	-0.072	1498	2352
-80.319	-0.989	-0.154	-0.068	1500	2358
-80.651	-0.984	-0.146	-0.069	1504	2365
-80.482	-0.980	-0.150	-0.066	1502	2371
-80.381	-0.983	-0.155	-0.061	1504	2378
-80.359	-0.985	-0.152	-0.069	1505	2385
-80.371	-0.995	-0.157	-0.062	1507	2392
-80.803	-0.986	-0.150	-0.054	1506	2399
-81.076	-0.986	-0.145	-0.056	1507	2405
-81.498	-0.983	-0.140	-0.046	1511	2412
-81.462	-0.978	-0.138	-0.051	1513	2419
-82.201	-0.975	-0.123	-0.052	1513	2425
-83.038	-0.974	-0.108	-0.049	1512	2433
-83.333	-0.968	-0.102	-0.050	1511	2439
-83.548	-0.977	-0.103	-0.041	1511	2446
-83.953	-0.984	-0.097	-0.039	1510	2453
-84.316	-0.996	-0.094	-0.032	1508	2459
-83.758	-0.997	-0.103	-0.037	1508	2466
-83.669	-1.002	-0.105	-0.035	1509	2472
-83.216	-1.000	-0.117	-0.021	1506	2480
-83.275	-0.999	-0.115	-0.024	1504	2487
-81.748	-0.997	-0.142	-0.029	1506	2493
-81.492	-0.997	-0.148	-0.015	1505	2500
-81.111	-0.993	-0.155	-0.004	1502	2506
-80.390	-0.986	-0.167	-0.002	1502	2513
-80.601	-0.985	-0.163	0.003	1503	2521
-79.853	-0.983	-0.176	-0.009	1502	2527
-79.266	-0.989	-0.187	-0.003	1500	2534
-80.045	-0.996	-0.175	-0.003	1501	2540
-80.257	-0.984	-0.169	0.005	1504	2547
-81.232	-0.981	-0.151	0.000	1507	2554
-82.112	-0.974	-0.135	-0.006	1509	2561
-82.797	-0.974	-0.123	0.001	1511	2568
-83.333	-0.978	-0.114	0.001	1510	2574
-84.159	-0.983	-0.101	-0.002	1509	2581
-83.892	-0.998	-0.106	-0.009	1508	2588
-83.843	-1.006	-0.108	-0.005	1507	2594
-84.316	-1.012	-0.101	0.005	1507	2601
-84.171	-1.018	-0.104	0.009	1506	2608
-84.217	-1.014	-0.103	0.005	1506	2615
-85.079	-1.011	-0.086	0.014	1503	2621
-85.027	-1.004	-0.087	0.009	1498	2628
-84.600	-0.996	-0.094	0.009	1499	2635
-84.853	-0.998	-0.090	0.003	1503	2641
-84.816	-1.007	-0.091	0.010	1505	2649
-84.379	-1.005	-0.098	0.016	1506	2655
-83.959	-1.007	-0.106	0.005	1507	2662
-83.872	-1.004	-0.107	0.009	1505	2669
-84.104	-0.995	-0.103	0.007	1504	2675
-84.171	-0.997	-0.102	0.007	1502	2682
-84.293	-0.991	-0.098	0.017	1500	2689
-85.035	-0.990	-0.086	0.004	1501	2696
-85.334	-0.993	-0.081	0.001	1495	2702
-86.036	-1.007	-0.069	0.008	1494	2709
-86.823	-1.003	-0.056	0.000	1492	2716
-87.795	-1.020	-0.039	-0.004	1492	2722
-88.399	-1.019	-0.028	-0.003	1494	2729
-88.024	-1.021	-0.033	-0.012	1484	2736
-88.121	-1.018	-0.031	-0.012	1480	2743
-88.546	-1.001	-0.025	-0.001	1483	2750
-88.536	-0.993	-0.023	-0.010	1480	2756
-88.706	-0.980	-0.015	-0.017	1483	2763
-88.018	-0.988	-0.001	-0.034	1484	2769
-87.215	-0.993	-0.012	-0.047	1484	2777
-86.679	-1.001	-0.026	-0.052	1489	2784
-87.001	-1.005	-0.034	-0.040	1491	2790
-87.491	-0.996	-0.028	-0.033	1486	2797
-88.001	-0.989	-0.017	-0.030	1486	2803
-87.646	-0.984	-0.006	-0.040	1486	2810
-87.101	-0.990	-0.006	-0.050	1486	2817
-86.580	-1.000	-0.012	-0.059	1487	2824
-86.951	-1.010	-0.015	-0.052	1484	2831
-86.413	-1.011	-0.030	-0.056	1486	2837
-86.439	-1.001	-0.041	-0.047	1489	2844
-86.257	-0.986	-0.050	-0.041	1487	2850
-86.343	-0.975	-0.041	-0.047	1488	2857
-85.901	-0.976	-0.046	-0.053	1483	2865
-85.247	-0.980	-0.046	-0.067	1483	2871
-85.385	-0.996	-0.052	-0.062	1484	2878
-85.102	-1.004	-0.066	-0.055	1488	2884
-85.171	-1.016	-0.064	-0.057	1490	2891
-85.145	-1.013	-0.066	-0.055	1490	2898
-85.400	-0.997	-0.068	-0.042	1488	2905
-85.370	-1.000	-0.067	-0.045	1490	2912
-84.886	-0.981	-0.077	-0.042	1492	2918
-85.268	-0.971	-0.075	-0.028	1489	2925
-85.326	-0.973	-0.072	-0.033	1489	2932
-85.126	-0.979	-0.078	-0.029	1495	2938
-84.694	-0.983	-0.083	-0.038	1498	2946
-84.467	-0.997	-0.088	-0.040	1500	2952
-84.007	-0.990	-0.094	-0.045	1501	2959
-84.053	-0.985	-0.096	-0.037	1503	2966
-83.644	-0.981	-0.104	-0.035	1502	2972
-83.284	-0.979	-0.108	-0.039	1504	2979
-83.384	-0.980	-0.106	-0.040	1506	2985
-83.327	-0.989	-0.104	-0.052	1506	2993
-83.283	-0.983	-0.105	-0.048	1504	3000
-83.194	-0.985	-0.107	-0.048	1505	3006
-83.217	-0.983	-0.108	-0.044	1504	3013
-83.754	-0.990	-0.099	-0.045	1503	3019
-83.636	-0.988	-0.096	-0.055	1504	3026
-83.823	-0.987	-0.092	-0.055	1507	3033
-83.465	-0.988	-0.094	-0.063	1507	3040
-84.117	-0.992	-0.093	-0.043	1508	3047
-84.659	-0.989	-0.086	-0.034	1511	3053
-84.053	-0.984	-0.097	-0.034	1513	3060
-84.251	-0.993	-0.098	-0.021	1509	3066
-84.150	-0.995	-0.096	-0.035	1507	3074
-84.480	-0.994	-0.086	-0.043	1504	3081
-84.105	-1.008	-0.091	-0.051	1508	3087
-84.203	-1.015	-0.088	-0.054	1512	3094
-84.224	-1.023	-0.092	-0.048	1515	3100
-84.522	-1.016	-0.088	-0.042	1514	3107
-84.571	-0.998	-0.083	-0.046	1513	3115
-85.126	-0.983	-0.075	-0.037	1515	3121
-85.195	-0.977	-0.067	-0.047	1515	3128
-85.446	-0.974	-0.063	-0.046	1512	3134
-85.289	-0.986	-0.063	-0.051	1514	3141
-85.381	-0.989	-0.065	-0.046	1512	3148
-85.480	-1.001	-0.072	-0.032	1510	3154
-84.809	-0.990	-0.084	-0.032	1515	3162
-84.392	-0.988	-0.091	-0.034	1515	3168
-84.269	-0.979	-0.093	-0.032	1508	3175
-84.751	-0.982	-0.088	-0.021	1507	3182
-84.423	-0.990	-0.091	-0.033	1511	3188
-84.169	-1.001	-0.097	-0.033	1510	3195
-84.017	-1.016	-0.099	-0.040	1507	3202
-84.465	-1.019	-0.089	-0.043	1511	3209
-84.829	-1.007	-0.086	-0.030	1512	3216
-85.259	-0.994	-0.078	-0.026	1511	3222
-85.237	-0.980	-0.072	-0.038	1508	3229
-85.554	-0.974	-0.065	-0.038	1510	3235
-85.471	-0.985	-0.066	-0.041	1511	3243
-85.565	-0.998	-0.067	-0.038	1511	3249
-86.192	-1.000	-0.062	-0.025	1507	3256
-85.487	-1.010	-0.076	-0.023	1509	3263
-85.351	-1.002	-0.079	-0.020	1509	3269
-85.112	-0.997	-0.083	-0.020	1507	3276
-85.236	-0.986	-0.075	-0.033	1507	3282
-85.343	-0.987	-0.073	-0.033	1500	3290
-85.135	-0.995	-0.079	-0.030	1495	3297
-85.480	-1.000	-0.070	-0.036	1499	3303
-85.077	-1.010	-0.076	-0.042	1500	3310
-85.466	-1.008	-0.071	-0.036	1495	3316
-85.660	-0.994	-0.070	-0.027	1500	3323
-85.738	-0.986	-0.069	-0.024	1504	3331
-85.741	-0.983	-0.070	-0.021	1501	3337
-85.379	-0.980	-0.073	-0.030	1493	3344
-84.804	-0.981	-0.085	-0.027	1486	3350
-85.360	-0.985	-0.079	-0.012	1485	3357
-85.518	-0.989	-0.077	-0.008	1484	3363
-85.566	-0.989	-0.071	-0.028	1490	3371
-86.095	-0.988	-0.063	-0.025	1473	3378
-85.901	-1.000	-0.067	-0.024	1465	3384
-85.909	-0.999	-0.066	-0.026	1479	3391
-85.941	-1.007	-0.066	-0.026	1488	3397
-86.394	-0.998	-0.056	-0.029	1490	3404
-86.187	-0.998	-0.051	-0.043	1484	3411
-85.187	-0.995	-0.067	-0.050	1479	3418
-85.546	-0.998	-0.069	-0.035	1489	3425
-86.344	-0.998	-0.057	-0.029	1490	3431
-87.824	-1.001	-0.025	-0.028	1481	3438
-87.976	-0.998	-0.003	-0.035	1481	3445
-87.193	-0.996	0.001	-0.049	1482	3451
-87.006	-0.991	0.003	-0.052	1473	3459
-87.336	-0.988	0.003	-0.046	1470	3465
-87.943	-0.980	0.002	-0.035	1474	3472
-87.748	-0.993	-0.023	-0.031	1472	3478
-87.826	-0.988	-0.023	-0.029	1468	3485
-87.234	-0.997	-0.015	-0.046	1465	3492
-87.093	-1.004	-0.015	-0.049	1454	3499
-86.669	-1.016	-0.022	-0.055	1467	3506
-86.240	-1.018	-0.032	-0.059	1465	3512
-86.227	-1.009	-0.043	-0.051	1465	3519
-86.026	-0.997	-0.045	-0.053	1461	3526
-85.886	-0.989	-0.052	-0.049	1453	3532
-86.117	-0.979	-0.054	-0.039	1454	3539
-85.736	-0.974	-0.061	-0.040	1446	3546
-85.866	-0.976	-0.061	-0.036	1452	3553
-86.432	-0.989	-0.057	-0.024	1454	3560
-86.290	-1.005	-0.057	-0.032	1452	3566
-86.773	-1.005	-0.046	-0.033	1462	3573
-87.581	-1.008	-0.034	-0.025	1460	3579
-87.950	-0.999	-0.029	-0.021	1456	3587
-87.883	-0.989	-0.021	-0.030	1458	3594
-87.152	-0.990	-0.012	-0.048	1460	3600
-86.543	-0.996	-0.014	-0.059	1461	3607
-86.712	-1.002	-0.015	-0.056	1458	3613
-87.442	-1.011	-0.017	-0.042	1460	3620
-87.666	-1.008	-0.020	-0.036	1467	3628
-87.581	-1.000	-0.023	-0.035	1470	3634
-87.613	-0.984	-0.025	-0.032	1467	3641
-87.269	-0.973	-0.035	-0.030	1468	3647
-86.981	-0.975	-0.040	-0.032	1470	3654
-86.867	-0.981	-0.048	-0.024	1473	3660
-86.486	-0.982	-0.053	-0.029	1469	3667
-86.060	-0.997	-0.060	-0.034	1469	3675
-86.085	-1.011	-0.060	-0.035	1477	3681
-86.419	-1.005	-0.051	-0.037	1475	3688
-87.237	-1.005	-0.044	-0.021	1480	3694
-87.861	-0.999	-0.025	-0.027	1475	3701
-88.016	-0.996	-0.015	-0.031	1471	3708
-88.534	-1.002	-0.017	-0.020	1473	3715
-88.096	-0.997	-0.023	-0.023	1475	3722
-86.901	-1.008	-0.038	-0.039	1484	3728
-87.087	-0.998	-0.040	-0.031	1489	3735
-86.608	-0.996	-0.049	-0.033	1489	3742
-87.215	-1.000	-0.038	-0.030	1491	3748
-87.927	-0.995	-0.023	-0.027	1488	3756
-88.037	-0.994	-0.016	-0.030	1489	3762
-86.818	-0.995	-0.020	-0.052	1496	3769
-86.796	-0.998	-0.033	-0.045	1498	3776
-86.680	-0.996	-0.050	-0.029	1490	3782
-85.925	-0.993	-0.063	-0.031	1492	3789
-85.791	-0.986	-0.069	-0.021	1497	3795
-85.448	-0.987	-0.070	-0.035	1498	3803
-85.696	-0.986	-0.063	-0.040	1498	3810
-85.869	-0.999	-0.056	-0.046	1495	3816
-86.321	-1.003	-0.055	-0.034	1503	3823
-86.487	-1.007	-0.053	-0.032	1507	3829
-86.640	-0.998	-0.047	-0.035	1503	3836
-86.849	-0.994	-0.045	-0.031	1501	3843
-86.837	-0.989	-0.041	-0.036	1498	3850
-86.590	-0.998	-0.052	-0.029	1502	3857
-86.235	-1.013	-0.052	-0.042	1507	3863
-86.494	-1.017	-0.041	-0.047	1511	3870
-86.548	-1.011	-0.050	-0.035	1510	3876
-86.856	-0.992	-0.032	-0.044	1507	3884
-87.338	-0.984	-0.025	-0.038	1507	3891
-87.144	-0.985	-0.018	-0.046	1505	3897
-87.532	-0.989	-0.015	-0.040	1509	3904
-86.684	-1.005	-0.022	-0.054	1515	3910
-86.495	-1.004	-0.033	-0.052	1507	3917
-86.715	-0.992	-0.029	-0.049	1509	3924
-87.407	-0.985	-0.018	-0.041	1507	3931
-87.369	-0.981	-0.014	-0.043	1510	3938
-87.095	-0.985	-0.011	-0.049	1514	3944
-86.886	-0.999	-0.017	-0.052	1505	3951
-87.470	-1.008	-0.012	-0.043	1502	3957
-88.058	-1.006	-0.008	-0.033	1496	3964
-88.012	-0.998	-0.013	-0.032	1501	3972
-87.871	-0.987	-0.016	-0.033	1506	3978
-87.442	-0.994	-0.024	-0.037	1506	3985
-87.080	-0.988	-0.035	-0.036	1516	3991
-87.086	-0.991	-0.034	-0.037	1511	3998
-86.896	-0.999	-0.030	-0.045	1505	4005
-86.657	-1.002	-0.025	-0.053	1503	4012
-86.786	-0.988	-0.026	-0.049	1502	4019
-86.708	-0.978	-0.020	-0.053	1506	4025
-87.109	-0.972	-0.025	-0.042	1506	4032
-86.356	-0.979	-0.033	-0.053	1507	4039
-86.197	-0.987	-0.039	-0.053	1511	4045
-86.419	-1.005	-0.037	-0.051	1512	4052
-86.631	-1.009	-0.035	-0.048	1508	4059
-87.354	-1.021	-0.021	-0.042	1506	4066
-87.380	-1.018	-0.008	-0.046	1507	4073
-86.838	-1.009	-0.011	-0.055	1505	4079
-86.399	-1.002	-0.018	-0.061	1505	4086
-86.761	-0.992	-0.013	-0.055	1505	4092
-87.279	-0.987	-0.010	-0.046	1508	4100
-86.777	-0.989	-0.002	-0.056	1505	4107
-87.059	-0.979	-0.007	-0.050	1503	4113
-87.237	-0.981	-0.007	-0.047	1510	4120
-87.397	-0.990	-0.003	-0.045	1509	4126
-87.271	-0.985	-0.003	-0.047	1511	4133
-87.694	-0.994	-0.009	-0.039	1516	4140
-87.542	-0.991	-0.007	-0.042	1504	4147
-88.021	-0.989	0.000	-0.034	1499	4154
-87.757	-0.978	0.004	-0.038	1501	4160
-87.509	-0.975	-0.006	-0.042	1491	4167
-86.947	-0.981	-0.013	-0.051	1504	4173
-87.039	-0.988	-0.024	-0.045	1509	4180
-87.304	-1.001	-0.030	-0.036	1517	4188
-87.862	-1.021	-0.029	-0.024	1508	4194
-89.351	-1.009	-0.004	-0.011	1505	4201
-88.695	-1.001	0.016	-0.017	1505	4207
-87.359	-0.992	0.029	-0.035	1508	4214
-86.577	-0.988	0.030	-0.051	1508	4221
-86.413	-0.994	0.033	-0.053	1510	4228
-86.916	-0.992	0.009	-0.053	1518	4235
-87.295	-0.993	-0.002	-0.047	1519	4241
-87.425	-0.996	-0.013	-0.043	1523	4248
-87.852	-1.006	-0.014	-0.035	1522	4255
-88.742	-0.999	-0.012	-0.019	1519	4261
-88.614	-1.009	-0.020	-0.015	1500	4269
-88.355	-1.004	-0.014	-0.025	1499	4275
-88.486	-0.994	-0.020	-0.018	1497	4282
-87.583	-0.999	-0.031	-0.028	1503	4289
-87.015	-0.997	-0.024	-0.046	1512	4295
-86.537	-0.994	-0.035	-0.049	1521	4302
-86.822	-0.996	-0.037	-0.041	1520	4308
-87.327	-0.998	-0.025	-0.039	1510	4316
-87.767	-1.000	-0.015	-0.036	1510	4322
-88.158	-1.004	-0.002	-0.032	1511	4329
-88.035	-1.001	0.009	-0.033	1505	4336
-87.960	-1.007	0.018	-0.031	1504	4342
-88.528	-1.004	0.013	-0.022	1516	4349
-88.188	-1.000	0.005	-0.031	1518	4356
-88.263	-0.999	-0.011	-0.028	1519	4363
-88.288	-0.996	-0.020	-0.022	1515	4370
-88.299	-0.989	-0.027	-0.011	1513	4376
-88.448	-0.980	-0.021	-0.016	1511	4383
-88.384	-0.975	-0.026	-0.008	1514	4389
-87.733	-0.982	-0.024	-0.030	1526	4397
-87.247	-0.996	-0.030	-0.037	1523	4404
-88.097	-1.014	-0.017	-0.029	1516	4410
-88.074	-1.020	-0.012	-0.032	1516	4417
-88.115	-1.013	-0.003	-0.033	1524	4423
-87.350	-1.013	0.000	-0.047	1518	4430
-86.970	-0.997	-0.002	-0.053	1521	4438
-87.249	-0.999	0.004	-0.048	1522	4444
-88.018	-1.002	0.006	-0.034	1524	4451
-87.744	-1.007	0.007	-0.039	1517	4457
-86.986	-1.004	0.015	-0.051	1513	4464
-87.718	-0.986	0.018	-0.035	1515	4470
-87.456	-0.989	0.026	-0.035	1516	4477
-87.576	-0.974	0.024	-0.033	1511	4485
-87.580	-0.965	0.012	-0.039	1512	4491
-88.608	-0.972	-0.003	-0.023	1515	4498
-87.991	-0.984	-0.017	-0.030	1510	4504
-87.511	-1.001	-0.030	-0.031	1509	4511
-86.874	-1.017	-0.035	-0.043	1514	4518
-87.751	-1.021	-0.029	-0.027	1515	4525
-87.770	-1.011	-0.020	-0.034	1514	4532
-87.818	-1.000	-0.001	-0.038	1511	4538
-87.718	-0.986	0.018	-0.035	1513	4545
-87.082	-0.986	0.024	-0.044	1515	4552
-87.438	-0.988	0.022	-0.038	1514	4558
-87.127	-0.992	0.021	-0.045	1522	4566
-86.915	-0.989	0.025	-0.047	1516	4572
-86.809	-0.992	0.037	-0.041	1511	4579
-87.062	-0.997	0.034	-0.038	1515	4586
-87.550	-0.995	0.025	-0.034	1519	4592
-87.619	-0.997	0.028	-0.030	1509	4599
-87.172	-1.007	0.034	-0.036	1516	4605
-86.768	-0.999	0.022	-0.052	1521	4613
-86.853	-0.996	0.011	-0.054	1512	4619
-87.354	-0.995	0.003	-0.046	1520	4626
-88.387	-0.993	-0.006	-0.027	1509	4633
-88.533	-0.994	-0.002	-0.025	1504	4639
-87.987	-1.000	0.000	-0.035	1503	4646
-87.940	-1.006	-0.002	-0.036	1493	4653
-87.460	-1.005	0.021	-0.039	1505	4660
-87.564	-0.990	0.029	-0.030	1508	4667
-86.996	-0.983	0.025	-0.045	1490	4673
-87.455	-0.976	0.025	-0.035	1497	4680
-86.866	-0.979	0.029	-0.045	1509	4686
-87.266	-0.989	0.023	-0.041	1491	4694
-87.502	-0.994	0.025	-0.035	1506	4701
-87.772	-1.003	0.033	-0.021	1505	4707
-88.005	-1.013	0.023	-0.026	1515	4714
-87.837	-1.018	0.018	-0.034	1504	4720
-87.947	-1.005	0.020	-0.030	1502	4727
-87.496	-0.997	0.024	-0.036	1505	4733
-87.353	-0.990	0.025	-0.038	1503	4741
-87.523	-0.990	0.018	-0.039	1508	4748
-87.499	-0.997	0.029	-0.032	1508	4754
-86.584	-1.012	0.047	-0.038	1511	4761
-86.173	-1.020	0.033	-0.060	1513	4767
-86.443	-1.020	0.035	-0.053	1505	4774
-87.205	-1.007	0.037	-0.032	1499	4782
-86.933	-0.988	0.049	-0.021	1508	4788
-85.927	-0.981	0.059	-0.038	1502	4795
-85.674	-0.986	0.060	-0.045	1498	4801
-86.177	-1.000	0.060	-0.030	1500	4808
-86.088	-1.008	0.064	-0.024	1503	4814
-85.816	-1.010	0.067	-0.030	1509	4822
-86.009	-1.006	0.060	-0.037	1513	4829
-86.904	-0.997	0.040	-0.036	1505	4835
-86.962	-0.983	0.016	-0.050	1510	4842
-87.211	-0.982	0.000	-0.048	1511	4848
-87.456	-0.991	-0.003	-0.044	1503	4855
-88.258	-1.000	-0.003	-0.030	1507	4862
-88.828	-1.004	-0.001	-0.021	1501	4869
-88.383	-1.003	0.000	-0.028	1509	4876
-88.198	-0.995	0.002	-0.031	1516	4882
-87.434	-0.984	-0.004	-0.044	1514	4889
-87.146	-0.979	-0.001	-0.049	1505	4895
-87.035	-0.977	0.009	-0.050	1517	4902
-86.883	-0.982	0.020	-0.050	1508	4910
-86.744	-0.989	0.035	-0.044	1514	4916
-86.402	-1.000	0.046	-0.043	1513	4923
-86.479	-1.001	0.055	-0.028	1513	4929
-86.325	-0.996	0.055	-0.033	1516	4936
-86.059	-0.987	0.053	-0.043	1515	4943
-85.993	-0.996	0.048	-0.051	1507	4950
-85.999	-0.997	0.050	-0.049	1509	4957
-85.857	-1.001	0.051	-0.052	1511	4963
-85.764	-1.007	0.053	-0.053	1517	4970
-86.125	-1.000	0.046	-0.050	1520	4976
-86.193	-0.995	0.040	-0.053	1514	4983
-86.548	-0.992	0.033	-0.050	1510	4990
-87.410	-0.985	0.021	-0.039	1511	4997
-86.823	-0.984	0.026	-0.048	1515	5004
-86.231	-0.979	0.041	-0.050	1529	5010
-86.856	-0.983	0.041	-0.035	1514	5017
-86.545	-0.983	0.048	-0.035	1497	5024
-86.612	-0.993	0.050	-0.031	1506	5030
-86.357	-1.000	0.048	-0.042	1503	5038
-85.804	-1.011	0.057	-0.048	1495	5044
-85.189	-1.012	0.068	-0.051	1491	5051
-84.437	-1.004	0.081	-0.055	1505	5057
-84.877	-0.986	0.076	-0.045	1504	5064
-85.594	-0.984	0.063	-0.043	1512	5071
-87.034	-0.986	0.036	-0.036	1515	5078
-87.905	-0.982	0.024	-0.026	1517	5085
-87.800	-0.987	0.021	-0.031	1506	5091
-87.219	-0.993	0.025	-0.041	1496	5098
-87.238	-0.996	0.029	-0.038	1497	5105
-86.621	-1.000	0.033	-0.049	1505	5111
-86.535	-1.006	0.040	-0.046	1521	5118
-86.675	-0.993	0.032	-0.048	1516	5125
-86.358	-1.002	0.041	-0.049	1503	5132
-85.903	-0.983	0.050	-0.050	1507	5139
-86.184	-0.984	0.057	-0.033	1513	5145
-85.744	-0.990	0.061	-0.042	1517	5152
-85.813	-0.998	0.058	-0.045	1507	5158
-85.082	-1.012	0.063	-0.060	1503	5166
-85.164	-1.028	0.062	-0.062	1499	5172
-85.613	-1.018	0.054	-0.057	1502	5179
-86.211	-1.003	0.050	-0.044	1500	5186
-86.582	-0.984	0.050	-0.031	1509	5192
-86.893	-0.969	0.049	-0.020	1502	5199
-86.550	-0.964	0.053	-0.024	1512	5206
-86.176	-0.954	0.058	-0.027	1497	5213
-86.124	-0.975	0.061	-0.026	1496	5220
-86.331	-0.993	0.052	-0.037	1499	5226
-85.753	-1.015	0.051	-0.056	1499	5233
-85.460	-1.023	0.068	-0.044	1501	5239
-85.511	-1.014	0.069	-0.039	1504	5246
-85.641	-1.011	0.066	-0.039	1506	5253
-86.309	-1.004	0.060	-0.025	1499	5260
-86.114	-1.005	0.064	-0.022	1502	5267
-86.109	-0.996	0.065	-0.018	1477	5273
-86.009	-0.992	0.066	-0.020	1475	5280
-85.346	-0.989	0.078	-0.020	1490	5286
-84.136	-0.996	0.096	-0.036	1492	5294
-83.795	-0.992	0.097	-0.048	1500	5301
-83.768	-0.997	0.100	-0.044	1494	5307
-83.652	-0.991	0.102	-0.043	1501	5314
-84.676	-0.994	0.088	-0.029	1491	5320
-84.831	-0.988	0.083	-0.033	1484	5327
-84.680	-0.990	0.084	-0.038	1485	5335
-85.208	-0.991	0.072	-0.041	1480	5341
-85.345	-0.995	0.062	-0.053	1484	5348
-85.817	-0.995	0.056	-0.047	1493	5354
-85.683	-0.995	0.067	-0.033	1511	5361
-85.532	-0.996	0.071	-0.031	1499	5367
-85.431	-0.989	0.071	-0.034	1496	5374
-85.727	-0.994	0.067	-0.031	1487	5382
-85.658	-0.999	0.063	-0.043	1494	5388
-86.134	-1.003	0.055	-0.040	1492	5395
-85.753	-0.994	0.059	-0.045	1475	5401
-85.343	-0.994	0.067	-0.045	1486	5408
-85.242	-0.990	0.066	-0.049	1492	5415
-84.412	-0.992	0.078	-0.058	1509	5422
-84.821	-0.986	0.083	-0.033	1502	5429
-84.852	-0.991	0.087	-0.021	1505	5435
-84.688	-0.993	0.088	-0.028	1477	5442
-84.932	-0.995	0.080	-0.037	1499	5449
-85.477	-0.994	0.071	-0.033	1493	5455
-85.269	-0.998	0.075	-0.034	1467	5463
-84.882	-1.000	0.081	-0.038	1482	5469
-84.035	-1.002	0.100	-0.032	1492	5476
-84.228	-0.989	0.098	-0.021	1484	5482
-84.410	-0.985	0.093	-0.026	1497	5489
-84.676	-0.985	0.084	-0.037	1501	5496
-85.033	-0.984	0.081	-0.027	1501	5502
-84.573	-0.988	0.089	-0.030	1502	5510
-84.034	-0.987	0.099	-0.030	1487	5516
-83.833	-0.993	0.104	-0.028	1492	5523
-84.509	-0.994	0.094	-0.019	1480	5530
-84.656	-0.993	0.091	-0.020	1502	5536
-84.965	-0.997	0.080	-0.036	1490	5543
-84.511	-1.010	0.085	-0.047	1484	5550
-83.559	-0.998	0.101	-0.051	1504	5557
-83.563	-0.999	0.100	-0.053	1493	5564
-84.440	-0.987	0.087	-0.041	1509	5570
-85.122	-0.975	0.080	-0.022	1476	5577
-85.206	-0.979	0.078	-0.025	1498	5583
-84.854	-0.989	0.080	-0.039	1496	5591
-84.131	-0.994	0.092	-0.045	1506	5598
-83.670	-0.994	0.102	-0.043	1505	5604
-83.531	-1.003	0.106	-0.040	1492	5611
-83.683	-1.001	0.103	-0.042	1490	5617
-83.527	-1.006	0.104	-0.046	1483	5624
-82.475	-0.998	0.122	-0.050	1502	5630
-82.061	-0.983	0.131	-0.041	1510	5638
-81.337	-0.978	0.140	-0.052	1498	5645
-81.401	-0.994	0.140	-0.056	1504	5651
-81.711	-0.990	0.136	-0.049	1506	5658
-82.769	-1.003	0.120	-0.042	1503	5664
-84.073	-1.007	0.091	-0.052	1485	5671
-84.996	-1.008	0.078	-0.041	1506	5679
-84.823	-0.985	0.088	-0.016	1513	5685
-84.301	-0.974	0.097	-0.010	1507	5692
-83.466	-0.979	0.104	-0.043	1515	5698
-83.520	-0.988	0.104	-0.041	1507	5705
-82.811	-0.984	0.117	-0.041	1499	5712
-82.538	-0.995	0.123	-0.043	1502	5719
-82.839	-0.993	0.115	-0.048	1471	5726
-82.821	-0.988	0.117	-0.042	1504	5732
-82.809	-0.996	0.116	-0.048	1508	5739
-83.175	-1.000	0.111	-0.044	1492	5746
-85.010	-0.996	0.079	-0.036	1480	5752
-85.116	-0.990	0.080	-0.027	1504	5760
-84.321	-0.974	0.096	-0.015	1502	5766
-83.667	-0.974	0.106	-0.019	1488	5773
-83.460	-0.978	0.109	-0.024	1496	5780
-83.329	-0.989	0.107	-0.043	1495	5786
-83.166	-0.986	0.114	-0.030	1493	5793
-82.709	-0.978	0.121	-0.031	1482	5799
-82.233	-0.986	0.131	-0.031	1506	5807
-82.351	-1.003	0.129	-0.039	1500	5814
-82.276	-1.010	0.132	-0.037	1499	5820
-81.346	-1.015	0.149	-0.039	1490	5827
-81.376	-1.009	0.148	-0.037	1487	5833
-81.635	-0.999	0.137	-0.054	1506	5840
-81.472	-0.991	0.136	-0.061	1500	5848
-82.547	-0.978	0.122	-0.038	1494	5854
-83.255	-0.984	0.115	-0.017	1483	5861
-83.752	-0.990	0.107	-0.015	1504	5867
-82.992	-0.985	0.120	-0.016	1509	5874
-82.008	-0.993	0.139	-0.015	1487	5881
-81.784	-0.999	0.138	-0.043	1486	5888
-81.794	-1.011	0.139	-0.045	1468	5895
-81.269	-1.008	0.146	-0.053	1502	5901
-81.703	-0.993	0.138	-0.045	1514	5908
-82.453	-0.995	0.122	-0.050	1517	5915
-83.042	-0.996	0.111	-0.049	1520	5921
-83.360	-0.984	0.109	-0.034	1509	5928
-82.821	-0.987	0.120	-0.032	1496	5935
-81.994	-0.991	0.127	-0.058	1506	5942
-81.876	-0.992	0.132	-0.052	1495	5949
-81.811	-0.994	0.139	-0.035	1499	5955
-81.779	-0.990	0.139	-0.035	1520	5962
-82.132	-0.978	0.130	-0.037	1505	5968
-82.798	-0.973	0.116	-0.040	1493	5976
-84.055	-0.965	0.094	-0.036	1501	5983
-84.172	-0.972	0.090	-0.042	1504	5989
-83.896	-0.972	0.097	-0.038	1490	5996
-83.273	-0.975	0.114	-0.013	1502	6002
-83.043	-0.977	0.119	0.002	1491	6009
-83.210	-0.979	0.116	-0.010	1476	6017
-82.840	-0.980	0.119	-0.031	1484	6023
-83.077	-0.989	0.117	-0.026	1499	6030
-83.473	-0.999	0.107	-0.039	1510	6036
-83.202	-1.003	0.112	-0.041	1519	6043
-82.565	-1.012	0.123	-0.048	1479	6050
-82.570	-1.009	0.125	-0.041	1468	6056
-82.670	-0.998	0.124	-0.033	1485	6064
-82.390	-0.987	0.131	-0.017	1509	6070
-82.332	-0.969	0.128	-0.025	1516	6077
-81.927	-0.958	0.129	-0.043	1505	6084
-82.140	-0.965	0.128	-0.037	1461	6090
-82.642	-0.974	0.118	-0.043	1492	6097
-81.401	-0.980	0.142	-0.044	1523	6104
-80.262	-0.991	0.166	-0.037	1511	6111
-79.254	-0.995	0.185	-0.040	1502	6118
-79.967	-1.017	0.177	-0.033	1494	6124
-80.189	-1.008	0.171	-0.034	1502	6131
-80.245	-1.004	0.170	-0.030	1499	6137
-80.588	-0.997	0.162	-0.032	1505	6145
-81.039	-0.990	0.150	-0.042	1473	6152
-81.664	-0.979	0.142	-0.023	1501	6158
-82.652	-0.964	0.123	-0.018	1483	6165
-82.513	-0.970	0.124	-0.029	1492	6171
-82.299	-0.978	0.125	-0.043	1485	6178
-81.538	-0.992	0.137	-0.056	1472	6185
-81.363	-0.998	0.146	-0.039	1513	6192
-81.238	-1.002	0.149	-0.039	1513	6199
-81.613	-0.991	0.144	-0.027	1479	6205
-82.315	-0.979	0.131	-0.018	1475	6212
-82.133	-0.973	0.134	-0.013	1480	6219
-82.164	-0.976	0.132	-0.025	1507	6225
-82.001	-0.989	0.127	-0.057	1491	6233
-81.544	-0.997	0.136	-0.060	1479	6239
-80.433	-0.995	0.160	-0.050	1501	6246
-80.310	-0.992	0.163	-0.046	1495	6253
-80.590	-0.980	0.158	-0.037	1503	6259
-80.910	-0.972	0.149	-0.043	1502	6266
-81.424	-0.977	0.145	-0.028	1512	6273
-81.430	-0.973	0.145	-0.024	1483	6280
-81.141	-0.974	0.151	-0.011	1525	6287
-79.965	-0.979	0.172	-0.022	1490	6293
-78.196	-0.983	0.201	-0.042	1483	6300
-77.455	-0.994	0.215	-0.053	1483	6306
-77.801	-0.998	0.209	-0.054	1499	6313
-78.882	-1.000	0.188	-0.056	1502	6321
-79.400	-1.009	0.183	-0.048	1483	6327
-80.529	-1.013	0.166	-0.031	1502	6334
-80.886	-0.992	0.158	-0.018	1500	6340
-80.960	-0.978	0.154	-0.020	1505	6347
-80.749	-0.957	0.155	-0.014	1499	6354
-80.386	-0.968	0.163	-0.017	1505	6361
-80.780	-0.980	0.156	-0.030	1477	6368
-80.570	-0.982	0.162	-0.019	1491	6374
-79.579	-0.989	0.181	-0.021	1506	6381
-79.278	-0.996	0.182	-0.051	1472	6388
-80.046	-0.991	0.163	-0.061	1499	6394
-81.112	-0.978	0.146	-0.047	1492	6402
-81.669	-0.974	0.142	-0.017	1494	6408
-82.123	-0.966	0.133	0.015	1506	6415
-82.285	-0.974	0.132	-0.004	1507	6422
-81.465	-0.977	0.146	-0.018	1491	6428
-79.796	-0.989	0.178	-0.011	1512	6435
-80.295	-0.995	0.169	-0.021	1505	6441
-80.905	-1.004	0.154	-0.045	1514	6449
-80.567	-1.004	0.157	-0.056	1519	6456
-79.578	-0.991	0.175	-0.052	1516	6462
-79.469	-0.987	0.182	-0.026	1495	6469
-79.287	-0.983	0.186	-0.014	1517	6475
-77.709	-0.987	0.215	-0.011	1487	6482
-77.079	-0.990	0.227	-0.017	1501	6490
-77.975	-1.004	0.211	-0.035	1504	6496
-79.602	-1.017	0.183	-0.038	1508	6503
-80.460	-1.017	0.167	-0.036	1495	6509
-81.058	-0.999	0.149	-0.049	1473	6516
-81.392	-0.977	0.143	-0.039	1502	6523
-82.362	-0.963	0.126	-0.028	1516	6530
-82.278	-0.943	0.127	-0.016	1471	6537
-82.656	-0.960	0.121	-0.025	1483	6543
-82.603	-0.982	0.121	-0.040	1517	6550
-81.987	-0.983	0.133	-0.039	1520	6557
-81.034	-0.969	0.149	-0.032	1506	6563
-79.695	-0.960	0.167	-0.051	1498	6571
-79.076	-0.947	0.174	-0.057	1491	6577
-78.979	-0.961	0.181	-0.049	1524	6584
-78.946	-0.976	0.187	-0.034	1508	6591
-78.518	-0.997	0.201	-0.023	1509	6597
-78.578	-1.010	0.199	-0.044	1526	6604
-79.286	-1.012	0.185	-0.051	1479	6610
-79.019	-0.996	0.192	-0.019	1521	6618
-79.028	-0.994	0.192	-0.012	1516	6625
-79.407	-0.994	0.184	-0.029	1527	6631
-79.689	-1.000	0.174	-0.054	1508	6638
-79.688	-0.986	0.176	-0.036	1468	6644
-79.855	-0.978	0.174	-0.020	1506	6651
-80.121	-0.970	0.164	-0.040	1495	6659
-81.120	-0.969	0.145	-0.045	1511	6665
-80.476	-0.953	0.154	-0.042	1505	6672
-79.627	-0.966	0.174	-0.032	1521	6678
-80.023	-0.975	0.171	-0.014	1511	6685
-80.204	-0.979	0.169	-0.001	1469	6692
-80.106	-0.977	0.170	0.012	1494	6699
-79.551	-0.986	0.182	0.010	1505	6706
-79.368	-0.989	0.185	-0.021	1507	6713
-78.816	-1.005	0.190	-0.057	1494	6719
-78.419	-1.013	0.200	-0.055	1490	6726
-78.648	-0.998	0.197	-0.035	1530	6732
-79.928	-0.994	0.173	-0.036	1485	6739
-80.768	-0.979	0.151	-0.049	1492	6746
-80.660	-0.970	0.153	-0.044	1486	6753
-78.719	-0.950	0.183	-0.051	1531	6760
-77.644	-0.944	0.202	-0.044	1541	6766
-76.822	-0.958	0.221	-0.040	1505	6773
-77.202	-0.965	0.217	-0.032	1499	6780
-78.147	-0.982	0.204	-0.029	1519	6787
-78.941	-0.998	0.192	-0.032	1469	6794
-78.916	-1.001	0.195	-0.018	1503	6800
-78.398	-0.997	0.202	-0.032	1507	6807
-78.606	-0.997	0.196	-0.043	1521	6814
-79.982	-0.995	0.165	-0.061	1497	6820
-80.215	-0.975	0.161	-0.048	1503	6828
-80.331	-0.967	0.161	-0.034	1512	6834
-80.371	-0.956	0.161	-0.019	1503	6841
-79.889	-0.970	0.173	-0.005	1491	6848
-78.480	-0.973	0.198	0.001	1490	6854
-77.898	-0.979	0.210	-0.005	1502	6861
-77.784	-0.998	0.211	-0.047	1495	6867
-77.175	-1.004	0.216	-0.075	1507	6875
-76.954	-0.984	0.222	-0.054	1531	6882
-77.564	-0.971	0.212	-0.030	1543	6888
-77.961	-0.949	0.202	-0.011	1491	6895
-78.039	-0.940	0.199	0.002	1509	6901
-79.073	-0.962	0.186	0.008	1499	6908
-79.712	-0.986	0.179	-0.011	1519	6916
-79.999	-1.021	0.178	-0.029	1507	6922
-80.277	-1.028	0.173	-0.034	1490	6929
-80.237	-1.021	0.168	-0.052	1500	6935
-79.866	-0.999	0.171	-0.052	1506	6942
-79.948	-0.975	0.169	-0.036	1501	6949
-80.608	-0.959	0.156	-0.027	1518	6956
-80.138	-0.967	0.168	-0.006	1513	6963
-79.353	-0.977	0.184	-0.001	1520	6969
-79.253	-0.989	0.187	-0.021	1493	6976
-78.604	-0.983	0.194	-0.039	1496	6983
-78.004	-0.972	0.202	-0.042	1496	6989
-77.957	-0.968	0.202	-0.042	1490	6996
-78.254	-0.957	0.195	-0.038	1518	7003
-78.428	-0.952	0.194	-0.016	1496	7010
-78.320	-0.962	0.198	-0.016	1502	7017
-79.273	-0.977	0.185	-0.013	1498	7023
-79.856	-1.002	0.178	-0.023	1472	7030
-79.318	-1.022	0.189	-0.036	1512	7036
-78.891	-1.028	0.200	-0.026	1518	7044
-78.899	-0.999	0.193	-0.032	1521	7051
-78.730	-0.978	0.190	-0.041	1456	7057
-78.472	-0.967	0.189	-0.055	1496	7064
-77.302	-0.951	0.203	-0.068	1505	7070
-76.218	-0.949	0.227	-0.054	1530	7077
-76.141	-0.966	0.234	-0.043	1492	7085
-75.879	-0.969	0.240	-0.041	1514	7091
-76.087	-0.969	0.239	-0.019	1466	7098
-76.943	-0.978	0.226	-0.022	1499	7104
-77.308	-0.982	0.219	-0.033	1523	7111
-77.387	-0.983	0.216	-0.043	1522	7118
-78.374	-0.986	0.200	-0.033	1493	7124
-78.928	-0.982	0.190	-0.026	1503	7132
-78.115	-0.984	0.206	-0.021	1519	7138
-78.101	-0.984	0.207	-0.013	1493	7145
-77.999	-0.989	0.209	-0.023	1509	7152
-77.637	-0.989	0.212	-0.046	1508	7158
-78.059	-0.985	0.204	-0.042	1495	7165
-78.298	-0.978	0.199	-0.036	1512	7172
-78.718	-0.966	0.188	-0.040	1516	7179
-78.404	-0.950	0.191	-0.037	1502	7186
-78.861	-0.955	0.183	-0.045	1508	7192
-78.694	-0.958	0.187	-0.039	1529	7199
-78.701	-0.958	0.191	0.000	1498	7205
-78.678	-0.971	0.194	-0.002	1514	7213
-79.269	-0.985	0.187	-0.009	1506	7219
-79.014	-0.996	0.192	-0.020	1499	7226
-79.285	-0.997	0.186	-0.034	1523	7233
-78.873	-0.995	0.188	-0.053	1467	7239
-78.860	-0.979	0.188	-0.040	1496	7246
-79.684	-0.976	0.175	-0.031	1485	7254
-79.770	-0.973	0.174	-0.024	1502	7260
-79.867	-0.976	0.172	-0.029	1522	7267
-79.210	-0.969	0.184	-0.020	1522	7273
-78.866	-0.973	0.190	-0.020	1516	7280
-78.078	-0.964	0.202	-0.023	1474	7286
-77.887	-0.966	0.204	-0.036	1497	7293
-77.806	-0.968	0.203	-0.050	1525	7301
-77.726	-0.979	0.204	-0.061	1534	7307
-77.786	-0.979	0.204	-0.057	1488	7314
-77.808	-0.974	0.203	-0.055	1516	7320
-77.847	-0.974	0.208	-0.026	1481	7327
-77.320	-0.974	0.219	-0.012	1499	7334
-77.114	-0.980	0.222	-0.034	1502	7341
-76.671	-0.978	0.229	-0.031	1478	7348
-76.888	-0.966	0.224	-0.024	1502	7355
-77.600	-0.974	0.212	-0.030	1519	7361
-77.456	-0.976	0.214	-0.037	1507	7368
-77.044	-0.977	0.220	-0.047	1494	7374
-77.868	-0.979	0.204	-0.052	1465	7382
-78.297	-0.977	0.199	-0.035	1505	7389
-78.877	-0.974	0.190	-0.020	1508	7395
-78.927	-0.971	0.184	-0.049	1456	7402
-78.706	-0.964	0.185	-0.055	1518	7408
-78.126	-0.952	0.195	-0.044	1499	7415
-76.636	-0.957	0.226	-0.028	1528	7421
-75.460	-0.969	0.248	-0.040	1541	7429
-74.514	-0.984	0.268	-0.053	1520	7436
-75.310	-0.985	0.255	-0.042	1492	7442
-75.965	-0.987	0.244	-0.036	1487	7449
-76.194	-0.977	0.235	-0.047	1504	7456
-76.088	-0.968	0.233	-0.055	1496	7462
-76.178	-0.976	0.229	-0.070	1497	7470
-76.848	-0.974	0.219	-0.063	1500	7476
-76.863	-0.958	0.217	-0.055	1531	7483
-76.944	-0.948	0.219	-0.022	1525	7490
-77.038	-0.940	0.216	-0.017	1488	7496
-76.215	-0.942	0.230	-0.019	1500	7503
-75.790	-0.946	0.238	-0.025	1523	7510
-76.055	-0.968	0.240	-0.006	1435	7517
-76.053	-0.997	0.245	-0.035	1500	7523
-75.881	-0.999	0.247	-0.046	1496	7530
-75.504	-0.995	0.251	-0.057	1498	7537
-75.703	-0.970	0.241	-0.054	1517	7543
-75.346	-0.946	0.247	-0.014	1506	7550
-74.592	-0.946	0.261	-0.005	1502	7557
-74.442	-0.964	0.268	-0.021	1490	7564
-74.529	-0.979	0.269	-0.037	1491	7571
-75.257	-0.988	0.258	-0.034	1501	7577
-75.699	-0.994	0.251	-0.035	1502	7584
-76.906	-0.991	0.228	-0.037	1524	7591
-77.610	-0.974	0.208	-0.050	1496	7598
-78.302	-0.954	0.192	-0.045	1497	7605
-79.201	-0.946	0.179	-0.025	1461	7611
-78.804	-0.947	0.187	0.000	1487	7618
-78.509	-0.956	0.194	-0.003	1492	7624
-78.261	-0.975	0.201	-0.023	1508	7631
-77.551	-0.991	0.216	-0.036	1521	7639
-77.104	-0.992	0.227	-0.017	1506	7645
-77.178	-0.994	0.226	-0.018	1484	7652
-76.200	-0.980	0.237	-0.041	1493	7659
-75.420	-0.967	0.246	-0.052	1499	7665
-73.903	-0.972	0.274	-0.058	1463	7672
-73.209	-0.980	0.288	-0.067	1494	7678
-73.772	-0.977	0.279	-0.053	1525	7686
-74.322	-0.970	0.268	-0.050	1492	7693
-74.132	-0.966	0.271	-0.047	1516	7699
-74.000	-0.954	0.270	-0.047	1523	7706
-75.042	-0.956	0.252	-0.042	1469	7712
-75.735	-0.967	0.242	-0.042	1513	7719
-75.699	-0.969	0.244	-0.037	1524	7727
-75.420	-0.967	0.251	-0.016	1510	7733
-75.591	-0.963	0.247	-0.013	1525	7740
-76.344	-0.960	0.232	-0.020	1509	7746
-76.276	-0.953	0.232	-0.013	1450	7753
-76.311	-0.964	0.233	-0.025	1492	7760
-76.261	-0.969	0.234	-0.034	1508	7767
-76.270	-0.976	0.237	-0.022	1532	7774
-76.022	-0.977	0.239	-0.043	1529	7780
-75.831	-0.972	0.242	-0.039	1516	7787
-75.200	-0.957	0.252	-0.021	1496	7794
-75.206	-0.954	0.251	-0.022	1494	7800
-75.447	-0.955	0.246	-0.030	1489	7808
-75.285	-0.958	0.250	-0.028	1513	7814
-75.516	-0.959	0.246	-0.028	1509	7821
-75.132	-0.953	0.251	-0.032	1513	7828
-74.727	-0.955	0.254	-0.060	1465	7834
-75.485	-0.974	0.243	-0.066	1502	7841
-76.257	-0.988	0.237	-0.046	1496	7847
-77.634	-0.986	0.216	-0.014	1507	7855
-77.872	-0.973	0.209	0.004	1473	7862
-77.785	-0.957	0.206	-0.021	1496	7868
-77.546	-0.950	0.203	-0.053	1531	7875
-77.240	-0.957	0.211	-0.050	1499	7881
-76.576	-0.965	0.225	-0.051	1510	7888
-75.844	-0.970	0.240	-0.046	1498	7896
-75.041	-0.965	0.253	-0.050	1492	7902
-74.434	-0.957	0.262	-0.051	1490	7909
-73.799	-0.944	0.271	-0.046	1518	7915
-73.784	-0.947	0.274	-0.024	1479	7922
-73.858	-0.961	0.276	-0.031	1489	7929
-74.503	-0.965	0.265	-0.039	1501	7936
-74.085	-0.968	0.273	-0.037	1501	7943
-74.417	-0.977	0.270	-0.039	1498	7949
-74.293	-0.990	0.273	-0.053	1469	7956
-73.670	-0.999	0.288	-0.052	1498	7963
-74.008	-0.995	0.282	-0.041	1487	7969
-74.331	-0.976	0.273	-0.011	1515	7976
-74.086	-0.949	0.271	-0.009	1482	7983
-73.896	-0.936	0.270	-0.018	1497	7990
-73.368	-0.916	0.271	-0.034	1537	7997
-73.488	-0.922	0.271	-0.031	1515	8003
-73.355	-0.942	0.281	-0.017	1536	8010
-73.843	-0.969	0.278	-0.036	1495	8016
-75.266	-0.990	0.257	-0.043	1491	8024
-76.222	-0.980	0.232	-0.062	1527	8031
-77.379	-0.979	0.212	-0.056	1494	8037
-77.813	-0.982	0.202	-0.064	1515	8044
-77.830	-0.985	0.205	-0.056	1489	8050
-76.754	-0.975	0.227	-0.036	1499	8057
-75.667	-0.955	0.243	-0.021	1519	8065
-75.328	-0.948	0.247	-0.024	1521	8071
-74.566	-0.939	0.258	-0.028	1495	8078
-73.711	-0.940	0.273	-0.027	1506	8084
-73.104	-0.955	0.288	-0.034	1478	8091
-72.412	-0.964	0.302	-0.048	1510	8098
-72.883	-0.969	0.296	-0.038	1539	8104
-74.151	-0.971	0.274	-0.025	1469	8112
-75.282	-0.960	0.251	-0.024	1510	8118
-76.903	-0.953	0.221	-0.021	1477	8125
-77.550	-0.943	0.206	-0.030	1513	8132
-78.151	-0.954	0.199	-0.020	1473	8138
-78.077	-0.969	0.202	-0.031	1460	8145
-77.516	-0.971	0.210	-0.046	1494	8152
-77.003	-0.968	0.216	-0.058	1499	8159
-75.298	-0.940	0.245	-0.028	1498	8166
-71.777	-0.925	0.304	-0.021	1531	8172
-69.841	-0.922	0.334	-0.055	1500	8179
-68.661	-0.927	0.356	-0.063	1505	8185
-69.099	-0.951	0.361	-0.037	1477	8193
-69.076	-0.968	0.369	-0.025	1504	8200
-69.485	-0.986	0.366	-0.046	1488	8206
-70.026	-0.997	0.358	-0.054	1471	8213
-70.580	-1.001	0.348	-0.061	1528	8219
-71.231	-0.990	0.332	-0.055	1503	8226
-72.111	-0.982	0.313	-0.048	1531	8233
-72.456	-0.976	0.304	-0.054	1515	8240
-73.770	-0.967	0.280	-0.025	1442	8247
-74.419	-0.951	0.265	-0.018	1481	8253
-74.800	-0.917	0.249	-0.008	1471	8260
-74.339	-0.913	0.256	-0.008	1461	8267
-74.588	-0.913	0.250	-0.029	1496	8273
-75.098	-0.925	0.241	-0.049	1542	8281
-75.540	-0.942	0.235	-0.061	1461	8287
-75.255	-0.948	0.245	-0.047	1501	8294
-74.853	-0.968	0.261	-0.025	1486	8301
-74.845	-0.979	0.263	-0.037	1485	8307
-76.024	-0.992	0.243	-0.043	1516	8314
-76.932	-0.986	0.226	-0.039	1544	8321
-76.811	-0.971	0.226	-0.029	1479	8328
-76.513	-0.938	0.221	-0.043	1529	8335
-75.431	-0.930	0.235	-0.055	1487	8341
-74.681	-0.928	0.252	-0.033	1511	8348
-74.398	-0.927	0.258	-0.022	1475	8354
-75.164	-0.938	0.247	-0.027	1503	8361
-76.268	-0.950	0.230	-0.028	1516	8369
-75.884	-0.953	0.236	-0.040	1531	8375
-74.908	-0.943	0.252	-0.035	1461	8382
-74.448	-0.957	0.263	-0.044	1494	8388
-73.909	-0.958	0.273	-0.040	1493	8395
-72.713	-0.971	0.300	-0.037	1500	8402
-71.140	-0.969	0.328	-0.043	1530	8409
-70.533	-0.968	0.340	-0.039	1475	8416
-70.032	-0.964	0.349	-0.033	1543	8422
-69.331	-0.950	0.357	-0.027	1500	8429
-69.881	-0.950	0.347	-0.031	1444	8436
-70.843	-0.950	0.326	-0.051	1531	8442
-71.775	-0.952	0.308	-0.061	1481	8450
-72.924	-0.957	0.288	-0.059	1473	8456
-73.576	-0.964	0.273	-0.077	1503	8463
-73.197	-0.954	0.281	-0.063	1476	8470
-72.108	-0.940	0.300	-0.048	1518	8476
-71.130	-0.930	0.316	-0.029	1496	8483
-70.605	-0.936	0.327	-0.038	1492	8489
-70.536	-0.939	0.329	-0.044	1483	8497
-71.187	-0.948	0.320	-0.042	1445	8504
-73.008	-0.967	0.293	-0.038	1496	8510
-74.243	-0.974	0.271	-0.042	1520	8517
-73.614	-0.975	0.284	-0.037	1476	8523
-71.971	-0.963	0.312	-0.034	1542	8530
-72.012	-0.946	0.306	-0.031	1454	8538
-72.000	-0.939	0.303	-0.039	1535	8544
-72.153	-0.939	0.298	-0.053	1533	8551
-73.564	-0.950	0.276	-0.047	1456	8557
-74.103	-0.944	0.265	-0.048	1526	8564
-74.490	-0.935	0.252	-0.062	1502	8571
-74.066	-0.937	0.262	-0.055	1497	8578
-73.412	-0.936	0.277	-0.027	1531	8585
-72.284	-0.936	0.298	-0.024	1537	8591
-71.772	-0.934	0.304	-0.048	1497	8598
-71.664	-0.936	0.307	-0.046	1487	8605
-71.974	-0.949	0.305	-0.051	1523	8611
-73.118	-0.971	0.288	-0.062	1553	8619
-73.667	-0.971	0.276	-0.067	1436	8625
-72.210	-0.966	0.305	-0.057	1513	8632
-70.381	-0.952	0.337	-0.041	1571	8639
-69.263	-0.941	0.354	-0.037	1557	8645
-68.869	-0.952	0.366	-0.036	1424	8652
-68.164	-0.952	0.381	-0.022	1497	8658
-68.083	-0.954	0.384	-0.008	1545	8666
-69.063	-0.940	0.359	-0.018	1515	8673
-71.027	-0.945	0.324	-0.022	1527	8679
-71.111	-0.938	0.318	-0.042	1467	8686
-72.008	-0.937	0.299	-0.057	1500	8692
-72.604	-0.946	0.291	-0.057	1458	8699
-73.746	-0.939	0.271	-0.043	1497	8707
-74.775	-0.949	0.258	-0.017	1530	8713
-75.067	-0.947	0.252	-0.019	1494	8720
-74.819	-0.947	0.256	-0.024	1518	8726
-73.632	-0.942	0.274	-0.036	1495	8733
-71.711	-0.943	0.308	-0.051	1486	8740
-69.943	-0.947	0.337	-0.078	1491	8747
-68.728	-0.956	0.363	-0.081	1520	8754
-69.228	-0.959	0.355	-0.077	1507	8760
-69.233	-0.962	0.359	-0.063	1480	8767
-69.603	-0.955	0.351	-0.057	1503	8774
-69.691	-0.950	0.346	-0.064	1513	8780
-69.831	-0.943	0.341	-0.063	1497	8787
-70.556	-0.935	0.325	-0.056	1495	8794
-70.435	-0.920	0.321	-0.061	1565	8801
-71.500	-0.913	0.304	-0.033	1521	8808
-71.619	-0.903	0.300	-0.015	1484	8814
-71.894	-0.917	0.300	-0.003	1492	8821
-72.215	-0.932	0.299	-0.004	1554	8827
-73.146	-0.953	0.288	-0.020	1556	8835
-73.582	-0.962	0.281	-0.035	1456	8842
-72.579	-0.962	0.296	-0.060	1483	8848
-71.837	-0.961	0.306	-0.077	1538	8855
-71.623	-0.952	0.305	-0.085	1514	8861
-71.604	-0.932	0.302	-0.070	1483	8868
-72.433	-0.929	0.289	-0.054	1520	8876
-71.790	-0.924	0.302	-0.036	1540	8882
-70.884	-0.923	0.316	-0.047	1536	8889
-70.090	-0.938	0.335	-0.056	1462	8895
-68.397	-0.951	0.371	-0.064	1483	8902
-67.555	-0.968	0.394	-0.070	1480	8909
-66.711	-0.973	0.410	-0.084	1498	8915
-67.392	-0.974	0.397	-0.080	1528	8923
-68.154	-0.962	0.381	-0.061	1490	8929
-70.418	-0.954	0.335	-0.055	1477	8936
-72.133	-0.937	0.299	-0.043	1545	8943
-74.326	-0.918	0.257	-0.020	1557	8949
-74.215	-0.913	0.258	-0.013	1468	8956
-72.616	-0.904	0.282	-0.022	1525	8963
-71.211	-0.907	0.307	-0.035	1539	8970
-70.330	-0.909	0.322	-0.042	1472	8977
-70.493	-0.923	0.324	-0.042	1456	8983
-70.258	-0.943	0.336	-0.042	1527	8990
-69.812	-0.952	0.347	-0.049	1518	8996
-69.686	-0.958	0.350	-0.060	1516	9004
-70.338	-0.942	0.331	-0.062	1553	9011
-71.098	-0.932	0.314	-0.054	1457	9017
-71.381	-0.938	0.312	-0.046	1552	9024
-72.023	-0.937	0.303	-0.026	1512	9030
-72.045	-0.946	0.307	0.000	1470	9037
-72.423	-0.943	0.299	0.000	1438	9043
-73.254	-0.946	0.284	-0.018	1521	9051
-73.305	-0.925	0.276	-0.023	1540	9058
-73.050	-0.922	0.277	-0.045	1473	9064
-72.668	-0.922	0.281	-0.061	1474	9071
-72.862	-0.933	0.280	-0.064	1522	9077
-72.209	-0.934	0.296	-0.047	1443	9084
-72.311	-0.947	0.301	-0.028	1501	9092
-71.464	-0.947	0.315	-0.037	1486	9098
-68.703	-0.945	0.366	-0.041	1537	9105
-66.942	-0.945	0.399	-0.049	1504	9111
-65.728	-0.948	0.423	-0.063	1492	9118
-65.741	-0.943	0.419	-0.072	1485	9125
-66.272	-0.942	0.409	-0.064	1535	9132
-66.360	-0.944	0.409	-0.059	1485	9139
-67.233	-0.934	0.388	-0.057	1510	9145
-67.903	-0.935	0.373	-0.069	1501	9152
-68.329	-0.935	0.364	-0.072	1508	9159
-68.110	-0.931	0.368	-0.065	1514	9165
-68.541	-0.930	0.361	-0.055	1457	9172
-68.675	-0.938	0.361	-0.061	1446	9179
-69.908	-0.929	0.338	-0.035	1548	9186
-70.600	-0.920	0.323	-0.021	1484	9193
-70.509	-0.896	0.316	-0.019	1444	9199
-71.015	-0.889	0.304	-0.035	1482	9206
-71.515	-0.878	0.291	-0.038	1508	9212
-71.370	-0.887	0.295	-0.049	1464	9220
-71.263	-0.910	0.303	-0.061	1475	9227
-70.384	-0.939	0.327	-0.071	1503	9233
-69.504	-0.967	0.354	-0.070	1511	9240
-69.576	-0.987	0.364	-0.050	1538	9246
-70.021	-0.984	0.354	-0.056	1499	9253
-69.854	-0.975	0.353	-0.060	1524	9261
-69.801	-0.948	0.344	-0.060	1463	9267
-68.790	-0.910	0.349	-0.057	1487	9274
-68.444	-0.894	0.347	-0.066	1511	9280
-68.494	-0.877	0.342	-0.051	1443	9287
-68.342	-0.867	0.344	-0.021	1503	9294
-68.805	-0.879	0.341	-0.002	1462	9300
-70.399	-0.889	0.316	-0.006	1510	9308
-71.734	-0.897	0.296	-0.014	1516	9314
-71.258	-0.930	0.312	-0.043	1478	9321
-70.523	-0.953	0.330	-0.068	1515	9328
-69.560	-0.961	0.347	-0.090	1451	9334
-69.296	-0.983	0.366	-0.063	1509	9341
-69.152	-0.974	0.368	-0.044	1539	9348
-68.246	-0.963	0.384	-0.019	1496	9355
-67.020	-0.948	0.400	-0.037	1500	9362
-66.310	-0.924	0.401	-0.057	1519	9368
-65.696	-0.909	0.406	-0.060	1497	9375
-66.118	-0.897	0.393	-0.062	1510	9381
-67.325	-0.896	0.370	-0.055	1511	9389
-68.830	-0.887	0.341	-0.042	1471	9396
-71.127	-0.889	0.303	-0.025	1441	9402
-73.086	-0.897	0.271	-0.036	1468	9409
-73.175	-0.908	0.270	-0.053	1432	9415
-72.397	-0.912	0.284	-0.055	1548	9422
-70.555	-0.914	0.318	-0.053	1552	9430
-67.294	-0.924	0.383	-0.054	1520	9436
-64.483	-0.915	0.434	-0.053	1479	9443
-62.903	-0.921	0.470	-0.037	1549	9449
-62.873	-0.920	0.471	-0.023	1500	9456
-63.476	-0.923	0.458	-0.049	1476	9463
-64.862	-0.931	0.433	-0.060	1488	9469
-66.346	-0.930	0.400	-0.074	1443	9477
-67.283	-0.926	0.378	-0.086	1507	9483
-67.852	-0.913	0.359	-0.095	1485	9490
-69.267	-0.907	0.336	-0.071	1479	9497
-70.368	-0.908	0.322	-0.033	1501	9503
-70.636	-0.900	0.316	0.005	1485	9510
-70.690	-0.905	0.316	0.022	1434	9517
-70.573	-0.906	0.318	0.028	1513	9524
-69.011	-0.894	0.343	0.005	1482	9531
-66.880	-0.894	0.380	-0.035	1481	9537
-64.685	-0.908	0.422	-0.081	1455	9544
-63.123	-0.925	0.458	-0.100	1531	9550
-62.948	-0.927	0.465	-0.089	1477	9558
-63.490	-0.925	0.456	-0.069	1490	9564
-64.098	-0.930	0.447	-0.062	1551	9571
-66.561	-0.921	0.396	-0.047	1475	9578
-67.627	-0.915	0.376	-0.022	1492	9584
-69.074	-0.908	0.347	-0.021	1445	9591
-68.886	-0.902	0.345	-0.051	1518	9597
-68.172	-0.896	0.355	-0.051	1553	9605
-66.910	-0.889	0.377	-0.038	1507	9612
-65.530	-0.883	0.400	-0.033	1505	9618
-65.538	-0.885	0.401	-0.030	1434	9625
-65.424	-0.879	0.401	-0.021	1541	9631
-65.991	-0.885	0.394	-0.021	1487	9638
-65.348	-0.884	0.403	-0.043	1461	9646
-64.871	-0.891	0.416	-0.038	1507	9652
-64.537	-0.895	0.425	-0.031	1463	9659
-64.198	-0.897	0.433	-0.033	1518	9665
-65.370	-0.908	0.414	-0.044	1489	9672
-66.533	-0.914	0.396	-0.032	1437	9679
-68.466	-0.914	0.360	-0.016	1507	9686
-69.573	-0.915	0.340	-0.025	1504	9693
-69.416	-0.916	0.342	-0.039	1464	9699
-67.443	-0.918	0.376	-0.063	1520	9706
-65.037	-0.916	0.420	-0.074	1481	9713
-62.669	-0.897	0.458	-0.073	1507	9719
-61.918	-0.885	0.468	-0.063	1487	9726
-62.647	-0.874	0.450	-0.042	1460	9733
-63.644	-0.860	0.425	-0.035	1558	9740
-66.269	-0.862	0.379	-0.012	1483	9747
-67.288	-0.863	0.361	0.000	1573	9753
-67.471	-0.859	0.356	0.005	1433	9760
-66.749	-0.866	0.371	-0.028	1532	9766
-65.061	-0.866	0.400	-0.044	1532	9774
-64.295	-0.879	0.421	-0.043	1489	9781
-64.104	-0.895	0.433	-0.038	1480	9787
-64.412	-0.910	0.435	-0.033	1485	9794
-65.579	-0.919	0.416	-0.032	1545	9800
-67.367	-0.915	0.381	-0.022	1526	9807
-69.012	-0.918	0.352	-0.021	1515	9815
-69.036	-0.899	0.342	-0.044	1550	9821
-66.972	-0.880	0.370	-0.054	1480	9828
-64.733	-0.857	0.401	-0.052	1483	9834
-62.789	-0.840	0.429	-0.052	1511	9841
-61.082	-0.833	0.459	-0.033	1436	9848
-59.515	-0.818	0.481	-0.018	1564	9854
-60.162	-0.838	0.480	-0.012	1542	9862
-60.383	-0.846	0.480	-0.017	1523	9868
-60.279	-0.869	0.495	-0.032	1512	9875
-61.663	-0.895	0.481	-0.030	1511	9881
-61.824	-0.904	0.484	-0.003	1512	9888
-61.459	-0.891	0.484	-0.005	1604	9895
-61.236	-0.868	0.477	0.000	1487	9902
-61.301	-0.867	0.475	-0.012	1539	9909
-60.826	-0.859	0.479	-0.017	1546	9915
-61.065	-0.860	0.476	-0.007	1580	9922
-61.769	-0.864	0.464	0.012	1578	9929
-63.055	-0.863	0.438	0.018	1523	9935
-63.988	-0.867	0.422	0.033	1582	9943
-63.734	-0.858	0.423	0.025	1593	9949
-62.959	-0.861	0.439	0.013	1572	9956
-60.490	-0.848	0.479	-0.017	1647	9963
-58.412	-0.843	0.517	-0.041	1572	9969
-57.234	-0.848	0.544	-0.042	1585	9976
-57.758	-0.856	0.539	-0.035	1607	9982
-60.202	-0.858	0.491	-0.019	1604	9990
-61.924	-0.852	0.454	0.011	1610	9996
-63.348	-0.837	0.419	0.030	1649	10003
-61.895	-0.809	0.430	0.043	1593	10010
-60.400	-0.812	0.456	0.067	1584	10016
-58.274	-0.799	0.493	0.026	1575	10023
-56.278	-0.795	0.529	0.037	1540	10031
-56.655	-0.811	0.533	0.012	1545	10037
-58.101	-0.830	0.517	0.008	1553	10044
-60.141	-0.842	0.482	0.028	1576	10050
-61.302	-0.820	0.448	0.027	1515	10057
-62.815	-0.800	0.410	0.022	1509	10064
-61.949	-0.815	0.431	0.058	1539	10071
-61.019	-0.783	0.430	0.060	1575	10078
-60.042	-0.813	0.462	0.077	1520	10085
-59.813	-0.895	0.511	0.100	1518	10091
-58.333	-0.885	0.537	-0.097	1521	10098
-56.740	-0.905	0.594	-0.002	1519	10105
-54.702	-0.883	0.624	0.035	1514	10112
-54.300	-0.886	0.636	0.030	1509	10119
-53.088	-0.862	0.647	-0.019	1502	10125
-51.296	-0.817	0.649	-0.085	1498	10132
-50.440	-0.795	0.655	-0.043	1493	10139
-49.520	-0.713	0.608	-0.007	1488	10145
-49.602	-0.674	0.569	-0.068	1482	10152
-48.327	-0.628	0.559	0.020	1474	10160
-50.421	-0.656	0.535	0.089	1464	10166
-54.128	-0.676	0.470	0.135	1454	10173
-55.145	-0.683	0.465	0.100	1448	10180
-54.134	-0.642	0.441	0.143	1448	10186
-52.689	-0.690	0.457	0.261	1451	10193
-55.580	-0.625	0.424	0.062	1457	10200
-58.141	-0.668	0.415	0.008	1468	10207
-62.070	-0.709	0.373	-0.046	1477	10214
-57.754	-0.740	0.413	-0.218	1484	10220
-65.086	-0.782	0.353	-0.088	1491	10227
-78.386	-0.774	0.154	-0.039	1496	10234
-67.429	-0.775	0.322	0.005	1493	10241
-70.188	-0.786	0.283	-0.003	1486	10248
-73.845	-0.798	0.229	0.027	1489	10255
-76.588	-0.795	0.169	0.086	1489	10261
-80.910	-0.815	0.104	0.078	1478	10268
-80.784	-0.795	0.068	0.109	1474	10274
-77.132	-0.769	0.063	0.164	1475	10281
-72.859	-0.733	0.079	0.212	1481	10289
-68.825	-0.715	0.127	0.246	1481	10295
-68.280	-0.659	0.192	0.179	1468	10302
-63.911	-0.641	0.284	0.133	1468	10309
-58.531	-0.641	0.386	0.070	1482	10315
-54.211	-0.644	0.464	0.009	1498	10322
-53.322	-0.646	0.473	-0.088	1525	10330
-55.027	-0.673	0.455	-0.120	1528	10336
-52.834	-0.658	0.420	-0.270	1522	10343
-58.208	-0.639	0.382	-0.104	1510	10350
-61.989	-0.606	0.313	-0.076	1500	10356
-65.397	-0.536	0.245	-0.014	1474	10363
-60.464	-0.457	0.183	0.184	1452	10370
-60.428	-0.381	0.135	0.169	1460	10377
-39.936	-0.256	0.149	0.267	1467	10384
-25.677	-0.170	0.235	0.264	1467	10390
-7.938	-0.058	0.337	0.239	1470	10397
16.865	0.141	0.454	0.095	1479	10403
19.763	0.188	0.524	0.013	1497	10411
54.409	0.710	0.422	-0.283	1499	10418
18.486	0.261	0.775	-0.084	1514	10424
12.640	0.186	0.826	-0.045	1519	10431
18.833	0.387	1.134	-0.013	1530	10437
-11.276	-0.174	0.871	0.036	1538	10444
-22.315	-0.335	0.815	0.033	1543	10451
-26.771	-0.458	0.902	0.100	1540	10458
-33.730	-1.275	1.805	0.626	1530	10465
-31.128	-0.947	1.287	0.896	1534	10472
-25.549	-0.726	1.202	0.927	1556	10478
-28.189	-0.519	0.919	0.303	1577	10485
5.535	0.108	0.985	0.529	1580	10491
-13.037	-0.598	1.999	-1.633	1578	10499
-11.417	-0.458	1.999	-1.071	1607	10506
1.747	0.068	1.999	-1.013	1699	10512
-5.079	-0.178	1.999	-0.054	1778	10519
25.889	1.372	1.999	1.999	1827	10525
-13.002	-0.486	1.999	0.663	1843	10532
19.969	0.498	1.115	0.797	1840	10540
22.012	1.004	1.914	1.582	1838	10546
19.639	0.678	1.801	0.604	1828	10553
13.738	0.539	1.818	1.247	1803	10559
6.039	0.252	1.585	1.777	1768	10566
2.772	0.103	1.686	1.282	1765	10572
-5.547	-0.209	1.830	1.132	1758	10579
-6.813	-0.271	1.918	1.203	1795	10587
-14.485	-0.514	1.752	0.940	1826	10593
-9.066	-0.259	1.594	0.301	1842	10600
-12.218	-0.302	1.374	0.232	1848	10606
3.461	0.061	0.998	0.078	1846	10613
25.818	0.411	0.850	0.017	1831	10620
34.922	0.658	0.654	-0.679	1800	10627
32.405	0.552	0.770	-0.404	1760	10634
30.632	0.471	0.698	-0.380	1718	10640
34.169	0.482	0.684	-0.194	1677	10647
29.389	0.365	0.648	0.008	1647	10654
10.224	0.104	0.576	0.061	1619	10660
-8.546	-0.076	0.499	0.089	1589	10668
-15.278	-0.116	0.395	0.159	1559	10674
-48.222	-0.328	0.266	0.124	1533	10681
-56.580	-0.462	0.262	0.156	1510	10688
-55.787	-0.440	0.258	0.152	1483	10694
-58.004	-0.475	0.283	0.088	1456	10701
-52.698	-0.480	0.364	0.036	1433	10708
-46.650	-0.445	0.420	0.020	1416	10715
-39.080	-0.505	0.574	-0.238	1393	10722
-36.631	-0.435	0.570	-0.128	1391	10728
-29.981	-0.397	0.662	-0.190	1388	10735
-23.715	-0.360	0.803	-0.169	1392	10742
-20.700	-0.338	0.878	-0.170	1393	10748
-20.608	-0.337	0.894	-0.065	1396	10756
-22.159	-0.412	1.011	-0.049	1392	10762
-28.102	-0.559	1.046	0.020	1393	10769
-28.012	-0.557	1.042	0.096	1397	10776
-25.665	-0.494	1.013	0.179	1402	10782
-25.016	-0.540	1.147	0.150	1409	10789
-23.227	-0.501	1.152	0.187	1410	10796
-20.428	-0.422	1.123	0.147	1415	10803
-15.909	-0.339	1.180	0.147	1417	10810
-16.383	-0.339	1.142	0.159	1422	10816
-12.331	-0.259	1.171	0.175	1422	10823
-8.176	-0.164	1.122	0.212	1420	10829
-8.225	-0.161	1.097	0.200	1413	10836
-8.668	-0.167	1.079	0.188	1407	10844
-10.097	-0.190	1.055	0.177	1404	10850
-11.172	-0.199	0.995	0.165	1400	10857
-13.209	-0.232	0.976	0.170	1398	10863
-13.738	-0.246	0.990	0.181	1396	10870
-14.017	-0.242	0.954	0.176	1394	10877
-14.037	-0.251	0.987	0.182	1393	10884
-13.915	-0.251	0.996	0.185	1393	10891
-13.987	-0.244	0.958	0.207	1393	10897
-15.231	-0.268	0.962	0.201	1394	10904
-13.276	-0.238	0.994	0.178	1398	10911
-11.547	-0.200	0.963	0.182	1388	10917
-9.225	-0.162	0.983	0.171	1385	10925
-9.939	-0.180	1.012	0.167	1389	10931
-9.694	-0.175	1.014	0.140	1392	10938
-9.934	-0.179	1.011	0.140	1394	10945
-9.808	-0.175	0.997	0.168	1393	10951
-9.040	-0.157	0.974	0.169	1397	10958
-10.733	-0.183	0.947	0.176	1405	10964
-10.413	-0.174	0.927	0.189	1410	10972
-11.476	-0.196	0.945	0.203	1415	10979
-11.806	-0.195	0.909	0.216	1419	10985
-12.373	-0.204	0.904	0.219	1426	10992
-13.225	-0.214	0.886	0.209	1432	10998
-12.733	-0.209	0.906	0.185	1439	11005
-13.650	-0.224	0.909	0.146	1445	11013
-13.027	-0.205	0.869	0.174	1438	11019
-13.087	-0.218	0.924	0.155	1441	11026
-15.830	-0.267	0.917	0.208	1455	11032
-14.438	-0.244	0.929	0.191	1461	11039
-14.851	-0.256	0.944	0.198	1467	11046
-14.962	-0.258	0.944	0.197	1474	11053
-14.963	-0.260	0.949	0.209	1480	11060
-15.322	-0.267	0.947	0.223	1486	11066
-14.840	-0.261	0.955	0.237	1491	11073
-14.727	-0.265	0.978	0.241	1489	11080
-14.093	-0.257	0.990	0.257	1490	11086
-13.638	-0.254	1.012	0.268	1490	11094
-14.061	-0.265	1.019	0.281	1488	11101
-13.518	-0.258	1.036	0.276	1487	11107
-13.747	-0.260	1.028	0.265	1485	11114
-14.163	-0.266	1.020	0.262	1483	11120
-14.441	-0.263	0.989	0.249	1471	11127
-15.014	-0.268	0.968	0.242	1475	11134
-15.228	-0.268	0.953	0.240	1469	11141
-16.035	-0.275	0.936	0.207	1467	11148
-15.712	-0.265	0.921	0.192	1463	11154
-15.586	-0.263	0.925	0.178	1462	11161
-15.099	-0.250	0.912	0.163	1460	11168
-14.344	-0.235	0.905	0.166	1459	11174
-13.467	-0.225	0.925	0.156	1458	11182
-13.084	-0.219	0.926	0.170	1456	11188
-12.218	-0.205	0.930	0.181	1456	11195
-11.895	-0.203	0.945	0.190	1451	11202
-11.809	-0.204	0.956	0.197	1454	11208
-12.325	-0.214	0.959	0.196	1457	11215
-12.345	-0.214	0.956	0.202	1460	11222
-12.553	-0.215	0.945	0.193	1463	11229
-12.810	-0.221	0.952	0.188	1460	11236
-13.092	-0.225	0.946	0.193	1458	11242
-13.288	-0.230	0.954	0.205	1466	11249
-13.331	-0.229	0.946	0.206	1466	11255
-13.691	-0.236	0.949	0.200	1467	11262
-13.819	-0.238	0.948	0.198	1469	11270
-13.863	-0.239	0.949	0.197	1467	11276
-13.788	-0.237	0.947	0.194	1466	11283
-13.306	-0.229	0.947	0.190	1467	11289
-12.854	-0.224	0.960	0.197	1474	11296
-13.443	-0.236	0.967	0.207	1476	11303
-12.563	-0.222	0.974	0.204	1480	11310
-12.430	-0.224	0.992	0.212	1483	11317
-12.340	-0.220	0.980	0.218	1484	11324
-12.322	-0.222	0.991	0.218	1484	11330
-12.276	-0.219	0.981	0.218	1483	11337
-12.623	-0.225	0.979	0.216	1482	11343
-13.018	-0.229	0.970	0.212	1479	11351
-13.148	-0.230	0.965	0.206	1484	11358
-13.200	-0.231	0.963	0.216	1486	11364
-13.094	-0.231	0.973	0.210	1486	11371
-12.866	-0.228	0.974	0.211	1486	11377
-12.211	-0.216	0.976	0.207	1485	11384
-11.912	-0.210	0.973	0.211	1484	11392
-11.562	-0.203	0.972	0.204	1483	11398
-11.802	-0.206	0.968	0.189	1482	11405
-11.669	-0.203	0.967	0.181	1483	11411
-11.519	-0.198	0.954	0.189	1482	11418
-12.093	-0.207	0.949	0.181	1483	11425
-12.058	-0.203	0.934	0.181	1478	11431
-12.660	-0.212	0.926	0.182	1476	11439
-12.618	-0.211	0.925	0.181	1473	11445
-12.926	-0.216	0.922	0.186	1473	11452
-12.650	-0.214	0.937	0.176	1472	11459
-12.590	-0.213	0.936	0.183	1473	11465
-12.346	-0.210	0.943	0.174	1474	11472
-12.306	-0.209	0.939	0.187	1475	11479
-11.976	-0.204	0.943	0.189	1470	11486
-13.042	-0.232	0.984	0.194	1472	11493
-13.830	-0.237	0.946	0.184	1476	11499
-13.246	-0.229	0.948	0.208	1477	11506
-12.221	-0.210	0.948	0.201	1479	11513
-12.212	-0.210	0.949	0.200	1479	11520
-12.041	-0.206	0.946	0.194	1477	11527
-11.670	-0.201	0.952	0.205	1478	11533
-11.875	-0.207	0.962	0.210	1479	11540
-11.055	-0.193	0.964	0.225	1474	11547
-11.486	-0.202	0.967	0.234	1479	11553
-11.100	-0.199	0.987	0.237	1481	11560
-10.881	-0.198	1.002	0.244	1482	11567
-10.582	-0.194	1.009	0.254	1482	11574
-10.270	-0.188	1.010	0.250	1482	11581
-10.193	-0.187	1.012	0.253	1481	11587
-10.350	-0.188	0.999	0.259	1480	11594
-10.559	-0.191	0.992	0.265	1478	11600
-10.543	-0.190	0.991	0.254	1479	11608
-11.017	-0.197	0.984	0.240	1478	11615
-11.281	-0.200	0.976	0.235	1480	11621
-11.048	-0.193	0.964	0.228	1479	11628
-10.932	-0.191	0.967	0.218	1475	11634
-11.389	-0.197	0.958	0.203	1476	11641
-11.335	-0.194	0.950	0.192	1477	11649
-10.903	-0.187	0.951	0.182	1477	11655
-11.600	-0.196	0.941	0.168	1476	11662
-10.890	-0.186	0.950	0.165	1477	11668
-11.211	-0.190	0.946	0.166	1480	11675
-11.450	-0.192	0.936	0.164	1478	11682
-11.809	-0.200	0.943	0.164	1476	11688
-11.767	-0.199	0.943	0.157	1480	11696
-12.279	-0.207	0.938	0.155	1480	11703
-12.817	-0.218	0.943	0.162	1481	11709
-12.572	-0.215	0.946	0.181	1483	11716
-11.977	-0.210	0.970	0.198	1483	11722
-11.365	-0.201	0.978	0.215	1486	11729
-10.391	-0.188	1.001	0.233	1482	11737
-9.578	-0.175	1.009	0.235	1483	11743
-9.667	-0.178	1.016	0.239	1484	11750
-9.662	-0.177	1.011	0.237	1483	11756
-9.957	-0.180	0.997	0.231	1481	11763
-10.065	-0.180	0.985	0.232	1477	11769
-11.949	-0.212	0.976	0.226	1482	11777
-13.573	-0.238	0.963	0.217	1484	11784
-12.255	-0.214	0.966	0.191	1484	11790
-12.269	-0.209	0.945	0.173	1483	11797
-11.003	-0.185	0.937	0.155	1482	11804
-11.020	-0.186	0.942	0.141	1481	11810
-10.360	-0.174	0.940	0.141	1481	11817
-10.166	-0.169	0.933	0.134	1480	11824
-10.325	-0.173	0.938	0.140	1480	11831
-10.702	-0.179	0.936	0.138	1479	11838
-10.662	-0.179	0.939	0.136	1472	11844
-10.789	-0.182	0.941	0.149	1477	11851
-11.422	-0.192	0.940	0.149	1477	11857
-11.306	-0.191	0.945	0.151	1481	11865
-11.730	-0.199	0.945	0.164	1481	11872
-13.186	-0.236	0.994	0.171	1483	11878
-12.877	-0.223	0.957	0.181	1483	11885
-12.693	-0.217	0.943	0.191	1482	11891
-11.812	-0.202	0.948	0.187	1483	11898
-11.179	-0.194	0.962	0.204	1485	11906
-10.479	-0.185	0.976	0.210	1485	11912
-10.131	-0.182	0.993	0.217	1486	11919
-9.623	-0.174	0.999	0.230	1485	11925
-9.225	-0.169	1.011	0.246	1488	11932
-9.201	-0.170	1.019	0.251	1495	11939
-8.906	-0.163	1.012	0.244	1505	11945
-9.141	-0.165	0.998	0.236	1508	11953
-9.824	-0.177	0.994	0.231	1513	11959
-10.237	-0.182	0.979	0.232	1520	11966
-10.613	-0.185	0.962	0.212	1522	11973
-10.737	-0.187	0.963	0.201	1527	11979
-10.776	-0.186	0.957	0.186	1530	11986
-10.598	-0.181	0.949	0.177	1531	11993
-10.599	-0.182	0.954	0.179	1525	12000
-10.442	-0.180	0.960	0.171	1528	12007
-10.656	-0.183	0.956	0.167	1531	12013
-10.218	-0.176	0.960	0.172	1531	12020
-10.667	-0.184	0.958	0.180	1532	12027
-10.154	-0.175	0.958	0.187	1535	12034
-10.498	-0.182	0.961	0.193	1537	12041
-10.109	-0.175	0.960	0.199	1540	12047
-10.206	-0.178	0.965	0.209	1538	12054
-10.313	-0.180	0.967	0.201	1543	12061
-10.130	-0.178	0.974	0.204	1544	12067
-10.259	-0.180	0.970	0.213	1546	12075
-11.150	-0.194	0.961	0.221	1543	12081
-10.257	-0.180	0.970	0.214	1542	12088
-9.983	-0.178	0.985	0.221	1539	12095
-10.084	-0.178	0.979	0.203	1541	12101
-9.803	-0.174	0.982	0.217	1540	12108
-9.591	-0.170	0.982	0.215	1537	12114
-9.746	-0.171	0.974	0.205	1530	12122
-9.506	-0.168	0.979	0.221	1530	12128
-9.608	-0.170	0.979	0.220	1528	12135
-10.134	-0.179	0.976	0.219	1527	12142
-10.152	-0.177	0.964	0.213	1525	12148
-10.059	-0.177	0.974	0.212	1522	12155
-10.074	-0.176	0.968	0.206	1518	12162
-10.175	-0.177	0.964	0.202	1512	12169
-9.838	-0.172	0.971	0.200	1512	12176
-10.367	-0.180	0.960	0.208	1509	12182
-10.417	-0.181	0.962	0.201	1507	12189
-10.451	-0.181	0.961	0.189	1504	12195
-10.946	-0.189	0.961	0.190	1502	12203
-10.489	-0.181	0.956	0.195	1500	12210
-10.597	-0.184	0.962	0.194	1497	12216
-10.445	-0.181	0.960	0.197	1495	12223
-10.336	-0.180	0.965	0.199	1493	12229
-10.230	-0.178	0.963	0.207	1488	12236
-10.271	-0.179	0.965	0.204	1485	12243
-10.087	-0.176	0.966	0.209	1484	12250
-10.101	-0.176	0.966	0.202	1482	12257
-10.376	-0.182	0.970	0.209	1480	12263
-9.915	-0.174	0.973	0.207	1478	12270
-9.930	-0.173	0.967	0.200	1477	12277
-10.021	-0.174	0.963	0.201	1466	12283
-10.212	-0.178	0.965	0.206	1467	12291
-9.990	-0.174	0.965	0.207	1470	12297
-10.076	-0.176	0.968	0.205	1470	12304
-9.657	-0.169	0.970	0.213	1468	12310
-9.706	-0.169	0.966	0.207	1469	12317
-9.516	-0.166	0.969	0.206	1470	12324
-10.274	-0.180	0.968	0.215	1469	12331
-9.174	-0.161	0.976	0.209	1468	12338
-9.475	-0.167	0.979	0.209	1468	12344
-9.337	-0.164	0.975	0.214	1465	12351
-9.509	-0.167	0.975	0.210	1467	12357
-9.851	-0.174	0.978	0.216	1466	12364
-9.590	-0.168	0.972	0.210	1467	12371
-10.221	-0.179	0.970	0.205	1461	12378
-10.174	-0.178	0.969	0.206	1464	12385
-10.175	-0.177	0.965	0.197	1464	12391
-10.448	-0.182	0.964	0.203	1464	12398
-10.548	-0.184	0.965	0.203	1464	12405
-10.399	-0.181	0.965	0.195	1459	12411
-10.425	-0.181	0.963	0.192	1461	12419
-10.527	-0.183	0.962	0.201	1462	12425
-10.372	-0.180	0.963	0.191	1463	12432
-10.218	-0.178	0.965	0.203	1460	12439
-10.227	-0.179	0.971	0.197	1459	12445
-9.665	-0.169	0.970	0.209	1461	12452
-9.941	-0.174	0.968	0.217	1460	12459
-9.501	-0.166	0.971	0.204	1459	12466
-10.202	-0.179	0.970	0.214	1461	12473
-10.199	-0.178	0.964	0.217	1462	12479
-10.452	-0.182	0.961	0.215	1462	12486
-10.315	-0.179	0.961	0.202	1460	12492
-10.662	-0.186	0.965	0.201	1461	12499
-10.415	-0.181	0.963	0.197	1461	12507
-10.481	-0.183	0.966	0.204	1461	12513
-10.348	-0.180	0.965	0.193	1462	12520
-10.124	-0.177	0.968	0.208	1462	12526
-10.365	-0.182	0.972	0.205	1463	12533
-10.324	-0.181	0.971	0.203	1464	12540
-9.725	-0.170	0.969	0.211	1464	12547
-9.879	-0.173	0.971	0.207	1463	12554
-10.270	-0.179	0.966	0.200	1460	12560
-9.582	-0.167	0.969	0.200	1460	12567
-10.213	-0.178	0.966	0.201	1461	12574
-10.036	-0.176	0.972	0.206	1462	12580
-9.586	-0.167	0.970	0.193	1460	12588
-10.295	-0.179	0.965	0.192	1460	12594
-9.852	-0.171	0.963	0.203	1460	12601
-9.727	-0.168	0.962	0.187	1454	12607
-9.831	-0.170	0.963	0.186	1452	12614
-9.940	-0.172	0.962	0.191	1452	12621
-10.289	-0.178	0.961	0.187	1458	12627
-10.458	-0.182	0.967	0.184	1459	12635
-10.700	-0.186	0.964	0.187	1460	12641
-10.370	-0.180	0.964	0.187	1460	12648
-10.453	-0.181	0.960	0.193	1460	12655
-10.266	-0.179	0.968	0.192	1460	12661
-10.532	-0.182	0.957	0.196	1460	12668
-10.366	-0.180	0.963	0.194	1460	12675
-10.348	-0.181	0.972	0.187	1460	12682
-9.687	-0.173	0.991	0.207	1459	12689
-9.296	-0.165	0.985	0.214	1459	12695
-9.600	-0.171	0.985	0.224	1459	12702
-9.351	-0.166	0.984	0.218	1459	12708
-9.763	-0.174	0.987	0.214	1459	12716
-9.887	-0.174	0.976	0.207	1459	12722
-10.287	-0.180	0.968	0.209	1458	12729
-10.333	-0.181	0.968	0.213	1458	12736
-10.183	-0.178	0.968	0.206	1459	12742
-9.794	-0.172	0.976	0.199	1459	12749
-9.443	-0.165	0.975	0.187	1459	12755
-9.177	-0.160	0.975	0.182	1459	12763
-9.037	-0.157	0.972	0.182	1456	12770
-9.025	-0.155	0.964	0.163	1458	12776
-9.168	-0.157	0.960	0.166	1460	12783
-9.441	-0.161	0.956	0.158	1460	12789
-10.228	-0.173	0.944	0.161	1460	12796
-10.826	-0.184	0.946	0.162	1460	12804
-10.917	-0.187	0.950	0.180	1458	12810
-10.828	-0.187	0.960	0.172	1459	12817
-10.799	-0.184	0.947	0.171	1460	12823
-10.911	-0.186	0.948	0.165	1460	12830
-11.276	-0.192	0.950	0.168	1460	12837
-11.322	-0.195	0.959	0.179	1459	12844
-10.370	-0.182	0.973	0.198	1459	12851
-10.527	-0.184	0.964	0.217	1459	12857
-9.352	-0.168	0.990	0.244	1458	12864
-9.050	-0.163	0.995	0.241	1458	12870
-8.856	-0.162	1.010	0.251	1457	12877
-8.457	-0.156	1.021	0.251	1456	12884
-8.465	-0.155	1.014	0.247	1456	12891
-8.312	-0.151	1.008	0.240	1456	12898
-8.269	-0.148	0.996	0.226	1456	12904
-8.513	-0.151	0.990	0.205	1455	12911
-8.750	-0.154	0.985	0.185	1455	12917
-8.822	-0.154	0.979	0.170	1456	12924
-9.093	-0.156	0.964	0.155	1456	12932
-9.620	-0.165	0.962	0.151	1457	12938
-9.569	-0.164	0.960	0.160	1458	12945
-10.564	-0.177	0.937	0.146	1459	12951
-10.350	-0.174	0.938	0.164	1461	12958
-10.839	-0.183	0.941	0.153	1463	12965
-10.347	-0.176	0.950	0.155	1465	12972
-10.058	-0.172	0.953	0.175	1467	12979
-10.104	-0.174	0.959	0.179	1468	12985
-9.937	-0.172	0.965	0.178	1469	12992
-10.372	-0.180	0.964	0.187	1469	12999
-10.984	-0.188	0.955	0.176	1469	13005
-11.332	-0.194	0.953	0.179	1470	13012
-11.616	-0.201	0.960	0.190	1470	13019
-11.143	-0.192	0.952	0.218	1470	13026
-10.910	-0.192	0.970	0.236	1470	13033
-10.062	-0.182	0.991	0.256	1470	13039
-8.766	-0.160	1.009	0.247	1470	13046
-8.045	-0.147	1.014	0.247	1470	13052
-7.879	-0.145	1.016	0.243	1470	13060
-7.559	-0.138	1.012	0.230	1471	13066
-7.583	-0.138	1.008	0.232	1472	13073
-7.942	-0.143	1.000	0.211	1473	13080
-8.526	-0.150	0.982	0.203	1473	13086
-8.830	-0.153	0.969	0.188	1474	13093
-9.090	-0.157	0.967	0.176	1476	13100
-9.478	-0.162	0.957	0.164	1477	13107
-9.230	-0.162	0.984	0.162	1478	13113
-7.407	-0.125	0.944	0.181	1479	13120
-10.502	-0.176	0.934	0.166	1481	13127
-10.147	-0.175	0.961	0.175	1482	13133
-9.716	-0.166	0.953	0.178	1484	13140
-9.465	-0.163	0.962	0.178	1485	13147
-9.461	-0.163	0.961	0.186	1486	13154
-9.676	-0.168	0.967	0.189	1486	13161
-9.822	-0.171	0.968	0.194	1487	13167
-10.070	-0.174	0.960	0.191	1487	13174
-10.673	-0.184	0.952	0.206	1487	13180
-10.814	-0.185	0.943	0.209	1487	13188
-12.190	-0.209	0.946	0.201	1487	13194
-11.642	-0.194	0.924	0.190	1486	13201
-11.711	-0.199	0.942	0.188	1485	13208
-11.369	-0.193	0.946	0.171	1484	13214
-11.719	-0.199	0.944	0.175	1484	13221
-11.563	-0.196	0.942	0.180	1483	13229
-11.292	-0.193	0.948	0.196	1483	13235
-11.966	-0.205	0.944	0.211	1483	13242
-10.132	-0.176	0.955	0.235	1482	13248
-9.163	-0.164	0.989	0.236	1483	13255
-9.058	-0.163	0.993	0.245	1483	13261
-7.995	-0.146	1.005	0.252	1484	13268
-7.787	-0.142	1.004	0.254	1485	13276
-7.153	-0.133	1.024	0.266	1486	13282
-7.166	-0.133	1.022	0.266	1486	13289
-7.174	-0.133	1.021	0.265	1487	13295
-7.846	-0.145	1.014	0.270	1488	13302
-8.265	-0.149	0.997	0.253	1489	13309
-8.258	-0.148	0.993	0.244	1490	13316
-9.028	-0.160	0.979	0.242	1491	13323
-9.259	-0.163	0.975	0.226	1492	13329
-9.434	-0.165	0.972	0.206	1494	13336
-9.808	-0.170	0.962	0.202	1495	13342
-10.242	-0.177	0.959	0.193	1496	13349
-10.524	-0.181	0.953	0.193	1498	13357
-10.569	-0.182	0.956	0.184	1499	13363
-10.565	-0.182	0.955	0.190	1500	13370
-10.191	-0.175	0.952	0.197	1501	13376
-10.245	-0.177	0.957	0.201	1501	13383
-10.302	-0.179	0.961	0.208	1501	13390
-10.502	-0.183	0.963	0.208	1501	13396
-10.440	-0.179	0.946	0.213	1501	13404
-10.806	-0.184	0.941	0.197	1500	13411
-11.369	-0.193	0.943	0.187	1499	13417
-11.530	-0.193	0.929	0.189	1499	13424
-11.615	-0.198	0.945	0.191	1497	13430
-11.465	-0.196	0.947	0.198	1497	13437
-11.019	-0.189	0.952	0.200	1496	13445
-10.279	-0.181	0.974	0.211	1495	13451
-9.541	-0.167	0.971	0.212	1494	13458
-8.709	-0.155	0.991	0.212	1493	13464
-8.661	-0.155	0.997	0.212	1493	13471
-8.570	-0.153	0.995	0.212	1492	13477
-8.628	-0.153	0.989	0.206	1492	13485
-8.585	-0.153	0.995	0.203	1491	13492
-8.928	-0.157	0.981	0.196	1491	13498
-9.048	-0.158	0.974	0.197	1491	13505
-9.127	-0.160	0.976	0.205	1491	13511
-9.278	-0.161	0.968	0.190	1492	13518
-9.233	-0.160	0.967	0.189	1492	13524
-9.497	-0.163	0.961	0.164	1489	13532
-9.854	-0.169	0.959	0.162	1489	13539
-9.582	-0.164	0.957	0.169	1487	13545
-10.490	-0.181	0.960	0.175	1488	13552
-10.543	-0.181	0.954	0.179	1489	13558
-10.529	-0.183	0.966	0.181	1490	13565
-10.676	-0.187	0.971	0.191	1491	13573
-10.584	-0.184	0.964	0.190	1491	13579
-10.295	-0.180	0.970	0.195	1491	13586
-10.140	-0.177	0.967	0.205	1490	13592
-10.312	-0.181	0.969	0.218	1490	13599
-9.861	-0.174	0.976	0.220	1489	13606
-10.110	-0.179	0.979	0.217	1487	13613
-10.103	-0.180	0.985	0.215	1486	13620
-10.029	-0.178	0.980	0.221	1487	13626
-9.928	-0.179	0.995	0.229	1486	13633
-9.559	-0.170	0.980	0.238	1486	13639
-13.140	-0.241	1.014	0.200	1485	13646
-9.242	-0.184	1.104	0.235	1484	13654
-8.056	-0.144	0.984	0.244	1484	13660
-10.209	-0.178	0.969	0.188	1485	13667
-7.699	-0.129	0.938	0.174	1486	13673
-6.793	-0.112	0.932	0.145	1486	13680
-6.082	-0.101	0.937	0.118	1487	13687
-7.165	-0.120	0.950	0.101	1490	13693
-7.557	-0.129	0.967	0.098	1491	13701
-9.383	-0.161	0.968	0.119	1493	13707
-10.274	-0.174	0.947	0.149	1495	13714
-11.169	-0.189	0.944	0.170	1497	13721
-11.483	-0.195	0.946	0.170	1499	13727
-11.357	-0.192	0.940	0.182	1500	13734
-11.634	-0.196	0.938	0.168	1501	13741
-11.316	-0.191	0.940	0.175	1503	13748
-11.359	-0.195	0.955	0.182	1503	13755
-10.845	-0.188	0.961	0.211	1502	13761
-10.346	-0.184	0.978	0.236	1502	13768
-10.032	-0.182	0.996	0.249	1502	13774
-9.779	-0.179	1.005	0.256	1502	13782
-9.584	-0.175	1.003	0.257	1502	13789
-8.763	-0.161	1.012	0.263	1503	13795
-8.987	-0.163	0.996	0.267	1503	13802
-9.466	-0.170	0.984	0.264	1501	13808
-9.611	-0.171	0.978	0.251	1501	13815
-10.057	-0.177	0.967	0.242	1502	13821
-9.776	-0.173	0.977	0.229	1503	13829
-9.525	-0.166	0.969	0.201	1503	13836
-9.520	-0.166	0.972	0.189	1503	13842
-9.498	-0.165	0.970	0.181	1504	13849
-9.175	-0.160	0.977	0.172	1504	13855
-9.442	-0.164	0.971	0.176	1505	13862
-9.797	-0.170	0.967	0.184	1506	13869
-9.905	-0.172	0.967	0.185	1506	13876
-9.824	-0.171	0.968	0.193	1506	13883
-9.862	-0.172	0.969	0.197	1506	13889
-9.864	-0.172	0.969	0.196	1507	13896
-9.768	-0.171	0.973	0.198	1507	13902
-9.522	-0.167	0.974	0.208	1507	13910
-9.599	-0.169	0.978	0.206	1507	13916
-9.647	-0.171	0.982	0.214	1507	13923
-9.637	-0.168	0.966	0.214	1506	13930
-9.891	-0.174	0.973	0.219	1506	13936
-10.170	-0.178	0.970	0.203	1506	13943
-9.829	-0.173	0.974	0.218	1505	13949
-9.672	-0.170	0.974	0.215	1505	13957
-9.838	-0.171	0.963	0.210	1505	13963
-9.715	-0.170	0.971	0.207	1504	13970
-10.035	-0.175	0.968	0.198	1504	13977
-10.058	-0.175	0.967	0.191	1504	13983
-10.291	-0.179	0.967	0.185	1503	13990
-10.359	-0.179	0.962	0.175	1503	13997
-10.341	-0.178	0.958	0.176	1503	14004
-10.545	-0.181	0.956	0.167	1503	14011
-11.076	-0.188	0.948	0.167	1503	14017
-11.351	-0.192	0.944	0.163	1504	14024
-11.338	-0.193	0.949	0.170	1504	14030
-11.401	-0.193	0.943	0.172	1504	14038
-11.475	-0.196	0.951	0.174	1504	14045
-11.103	-0.191	0.959	0.178	1504	14051
-10.806	-0.187	0.963	0.194	1504	14058
-10.513	-0.183	0.964	0.198	1503	14065
-10.462	-0.183	0.970	0.194	1503	14071
-10.348	-0.180	0.964	0.198	1503	14078
-10.309	-0.181	0.973	0.201	1502	14085
-10.166	-0.179	0.977	0.199	1502	14092
-10.194	-0.179	0.973	0.204	1501	14099
-9.829	-0.172	0.972	0.200	1501	14105
-9.695	-0.170	0.971	0.217	1501	14112
-9.441	-0.166	0.975	0.217	1501	14118
-9.271	-0.163	0.977	0.211	1500	14126
-8.882	-0.158	0.987	0.224	1500	14132
-8.933	-0.159	0.989	0.217	1501	14139
-8.620	-0.153	0.990	0.206	1501	14146
-8.456	-0.150	0.991	0.202	1501	14152
-8.777	-0.155	0.984	0.206	1501	14159
-9.162	-0.160	0.974	0.195	1501	14166
-9.799	-0.170	0.967	0.183	1502	14173
-10.125	-0.177	0.973	0.184	1503	14179
-10.386	-0.179	0.960	0.171	1503	14186
-10.603	-0.183	0.959	0.179	1504	14193
-10.832	-0.186	0.952	0.184	1505	14199
-10.940	-0.187	0.954	0.175	1505	14206
-10.731	-0.185	0.957	0.181	1505	14213
-10.814	-0.187	0.965	0.181	1505	14220
-10.309	-0.179	0.964	0.190	1504	14227
-9.372	-0.164	0.973	0.205	1505	14233
-9.429	-0.167	0.983	0.210	1505	14240
-9.107	-0.161	0.983	0.208	1505	14246
-9.161	-0.163	0.987	0.219	1504	14254
-9.146	-0.161	0.980	0.201	1505	14261
-9.222	-0.162	0.978	0.203	1504	14267
-9.612	-0.169	0.978	0.199	1504	14274
-9.908	-0.174	0.976	0.196	1504	14280
-10.021	-0.174	0.967	0.182	1503	14287
-10.281	-0.178	0.962	0.187	1503	14294
-10.562	-0.182	0.957	0.182	1503	14301
-10.471	-0.181	0.959	0.189	1502	14308
-10.132	-0.175	0.961	0.183	1502	14314
-9.623	-0.168	0.975	0.178	1502	14321
-9.108	-0.158	0.970	0.183	1502	14327
-9.614	-0.168	0.977	0.172	1502	14334
-9.139	-0.160	0.980	0.173	1502	14342
-9.149	-0.160	0.978	0.183	1501	14348
-9.386	-0.164	0.976	0.183	1501	14355
-9.447	-0.164	0.968	0.188	1501	14361
-9.837	-0.170	0.962	0.187	1501	14368
-9.718	-0.169	0.966	0.201	1501	14374
-10.102	-0.177	0.971	0.205	1501	14382
-9.768	-0.171	0.973	0.198	1498	14389
-9.801	-0.172	0.976	0.195	1496	14395
-9.397	-0.164	0.975	0.182	1498	14402
-9.677	-0.169	0.973	0.188	1499	14408
-9.630	-0.168	0.972	0.189	1495	14415
-9.536	-0.167	0.972	0.210	1496	14422
-9.588	-0.169	0.977	0.216	1498	14429
-9.961	-0.176	0.976	0.224	1495	14436
-9.490	-0.168	0.979	0.229	1497	14442
-9.307	-0.166	0.988	0.223	1496	14449
-9.250	-0.164	0.984	0.214	1496	14455
-9.066	-0.161	0.986	0.217	1494	14462
-9.152	-0.162	0.983	0.213	1495	14469
-9.172	-0.162	0.983	0.202	1495	14476
-9.326	-0.163	0.975	0.190	1495	14483
-9.648	-0.167	0.965	0.185	1493	14489
-12.825	-0.219	0.947	0.161	1491	14496
-11.221	-0.189	0.938	0.177	1491	14502
-11.769	-0.200	0.944	0.178	1490	14510
-16.946	-0.271	0.889	0.064	1497	14517
-14.834	-0.248	0.930	0.113	1497	14523
-12.609	-0.216	0.956	0.130	1498	14530
-12.051	-0.191	0.883	0.156	1503	14536
-10.646	-0.176	0.927	0.125	1513	14543
-9.725	-0.154	0.896	0.093	1511	14551
-10.940	-0.186	0.954	0.105	1506	14557
-10.700	-0.180	0.945	0.104	1517	14564
-10.233	-0.175	0.957	0.147	1521	14570
-8.018	-0.137	0.959	0.149	1526	14577
-7.480	-0.131	0.981	0.174	1529	14583
-7.015	-0.125	0.997	0.194	1531	14590
-5.984	-0.110	1.026	0.234	1532	14598
-5.450	-0.101	1.023	0.253	1533	14604
-5.653	-0.104	1.020	0.273	1541	14611
-7.117	-0.133	1.023	0.290	1538	14617
-7.591	-0.143	1.024	0.309	1536	14624
-8.419	-0.154	1.004	0.281	1536	14630
-9.137	-0.163	0.982	0.251	1534	14638
-8.984	-0.157	0.972	0.212	1535	14645
-8.667	-0.149	0.961	0.193	1534	14651
-8.580	-0.146	0.949	0.204	1533	14658
-8.143	-0.141	0.959	0.215	1534	14664
-8.930	-0.153	0.954	0.204	1531	14671
-8.573	-0.148	0.965	0.196	1531	14678
-8.224	-0.144	0.974	0.196	1531	14685
-7.934	-0.140	0.983	0.192	1528	14692
-7.864	-0.140	0.991	0.199	1527	14698
-7.861	-0.140	0.989	0.211	1527	14705
-8.267	-0.147	0.989	0.227	1526	14711
-8.574	-0.151	0.978	0.229	1524	14718
-8.579	-0.151	0.975	0.238	1523	14725
-8.914	-0.156	0.968	0.236	1524	14732
-8.599	-0.150	0.967	0.233	1525	14739
-8.582	-0.151	0.977	0.229	1525	14745
-8.759	-0.155	0.984	0.216	1525	14752
-8.527	-0.151	0.985	0.220	1524	14758
-8.350	-0.148	0.988	0.215	1524	14766
-8.190	-0.146	0.987	0.218	1523	14772
-8.728	-0.154	0.980	0.221	1523	14779
-8.904	-0.157	0.979	0.223	1522	14786
-9.115	-0.161	0.978	0.230	1521	14792
-9.452	-0.166	0.970	0.232	1519	14799
-9.686	-0.170	0.963	0.253	1515	14806
-10.000	-0.174	0.954	0.248	1515	14813
-10.530	-0.183	0.954	0.234	1515	14819
-10.260	-0.179	0.964	0.214	1514	14826
-10.298	-0.178	0.954	0.216	1513	14833
-9.785	-0.168	0.952	0.205	1513	14839
-9.833	-0.170	0.958	0.208	1512	14846
-10.025	-0.174	0.962	0.204	1512	14853
-9.662	-0.168	0.963	0.215	1512	14860
-9.556	-0.167	0.970	0.209	1511	14867
-9.353	-0.163	0.967	0.214	1509	14873
-9.413	-0.165	0.971	0.221	1509	14880
-8.712	-0.153	0.974	0.230	1510	14886
-9.418	-0.165	0.967	0.235	1510	14894
-8.623	-0.152	0.978	0.231	1511	14900
-8.908	-0.159	0.990	0.226	1511	14907
-8.970	-0.160	0.991	0.217	1512	14914
-8.185	-0.146	0.986	0.225	1512	14920
-7.664	-0.137	0.992	0.219	1512	14927
-7.872	-0.140	0.990	0.199	1514	14934
-18.743	-0.369	1.073	0.178	1517	14941
-11.970	-0.194	0.887	0.232	1519	14948
-9.964	-0.170	0.950	0.181	1521	14954
-8.794	-0.147	0.942	0.144	1523	14961
-8.765	-0.151	0.974	0.126	1524	14967
-7.303	-0.123	0.953	0.116	1527	14974
-8.301	-0.141	0.956	0.122	1530	14981
-8.139	-0.138	0.956	0.114	1529	14988
-9.484	-0.162	0.963	0.120	