-81.419	-0.990	-0.139	-0.056	1498	22
-81.005	-0.992	-0.146	-0.057	1499	28
-80.989	-0.979	-0.147	-0.049	1499	35
-80.421	-0.979	-0.159	-0.044	1497	41
-80.403	-0.983	-0.161	-0.041	1497	49
-80.060	-0.984	-0.166	-0.047	1497	55
-81.010	-0.985	-0.150	-0.041	1497	62
-81.527	-0.994	-0.143	-0.040	1500	68
-82.105	-0.995	-0.128	-0.052	1500	75
-82.676	-0.996	-0.119	-0.047	1501	81
-82.246	-0.992	-0.126	-0.049	1501	89
-82.375	-0.992	-0.125	-0.045	1499	95
-81.975	-0.981	-0.128	-0.053	1500	102
-82.130	-0.977	-0.122	-0.058	1501	109
-82.312	-0.971	-0.118	-0.057	1503	115
-82.600	-0.974	-0.109	-0.063	1502	122
-83.378	-0.978	-0.095	-0.063	1503	129
-83.246	-0.988	-0.096	-0.067	1503	136
-83.298	-0.996	-0.089	-0.076	1503	142
-83.056	-1.004	-0.089	-0.084	1503	149
-83.136	-1.004	-0.086	-0.085	1503	155
-83.115	-1.007	-0.084	-0.088	1505	162
-82.674	-0.999	-0.090	-0.092	1506	168
-82.518	-0.987	-0.100	-0.083	1505	176
-82.618	-0.984	-0.098	-0.082	1503	183
-82.991	-0.983	-0.098	-0.071	1503	189
-82.875	-0.986	-0.101	-0.071	1504	196
-82.123	-0.982	-0.104	-0.087	1503	202
-81.643	-0.982	-0.103	-0.102	1504	209
-82.236	-0.978	-0.095	-0.094	1505	216
-82.066	-0.981	-0.100	-0.094	1504	223
-82.840	-0.981	-0.094	-0.080	1504	229
-82.540	-0.991	-0.101	-0.082	1506	236
-82.781	-0.993	-0.093	-0.085	1507	243
-83.422	-0.994	-0.080	-0.082	1506	249
-83.670	-0.996	-0.079	-0.077	1506	257
-83.960	-0.990	-0.081	-0.066	1507	263
-83.452	-0.997	-0.092	-0.068	1507	270
-83.202	-1.000	-0.098	-0.068	1505	276
-83.377	-0.996	-0.097	-0.063	1506	283
-83.562	-0.995	-0.086	-0.072	1506	289
-84.216	-0.996	-0.074	-0.068	1505	296
-84.850	-0.997	-0.066	-0.061	1504	303
-84.459	-1.005	-0.072	-0.065	1505	310
-83.432	-1.006	-0.093	-0.069	1505	317
-82.946	-1.001	-0.101	-0.072	1503	323
-82.897	-0.996	-0.105	-0.065	1503	330
-83.208	-0.982	-0.098	-0.064	1504	336
-83.687	-0.983	-0.087	-0.065	1505	344
-84.050	-0.988	-0.076	-0.069	1505	350
-84.142	-0.996	-0.072	-0.072	1504	357
-84.075	-1.006	-0.077	-0.070	1504	363
-84.430	-1.013	-0.071	-0.068	1503	370
-84.716	-1.013	-0.072	-0.060	1502	376
-84.777	-1.000	-0.073	-0.055	1500	384
-84.264	-0.981	-0.082	-0.055	1501	391
-84.161	-0.962	-0.086	-0.048	1501	397
-83.756	-0.953	-0.087	-0.058	1502	404
-83.717	-0.967	-0.089	-0.059	1502	410
-84.127	-0.979	-0.087	-0.051	1502	417
-84.051	-0.989	-0.093	-0.045	1501	423
-84.500	-1.004	-0.092	-0.030	1501	431
-84.597	-1.012	-0.093	-0.023	1500	437
-84.887	-1.004	-0.088	-0.019	1498	444
-84.281	-0.998	-0.097	-0.025	1497	450
-83.530	-0.991	-0.106	-0.036	1499	457
-83.396	-0.990	-0.107	-0.040	1498	464
-83.214	-0.991	-0.114	-0.029	1499	471
-82.976	-0.995	-0.116	-0.039	1499	478
-82.931	-0.994	-0.118	-0.035	1498	484
-83.217	-0.997	-0.112	-0.038	1499	491
-83.552	-0.997	-0.102	-0.049	1500	497
-83.824	-1.002	-0.095	-0.053	1498	504
-83.812	-0.997	-0.100	-0.042	1499	510
-83.469	-0.996	-0.101	-0.054	1501	518
-83.490	-0.989	-0.098	-0.057	1500	525
-83.043	-0.984	-0.106	-0.056	1499	531
-82.721	-0.981	-0.111	-0.058	1499	538
-82.773	-0.985	-0.110	-0.059	1499	544
-83.140	-0.991	-0.102	-0.063	1497	551
-82.997	-1.005	-0.106	-0.063	1494	558
-82.911	-0.998	-0.105	-0.065	1496	565
-82.776	-1.000	-0.105	-0.070	1499	571
-82.456	-0.995	-0.102	-0.084	1498	578
-82.735	-0.991	-0.089	-0.090	1498	584
-83.305	-0.988	-0.082	-0.082	1498	591
-83.593	-0.983	-0.069	-0.086	1497	599
-83.431	-0.983	-0.080	-0.080	1496	605
-83.525	-0.992	-0.077	-0.082	1494	612
-83.141	-0.993	-0.085	-0.084	1494	618
-83.389	-1.001	-0.081	-0.083	1495	625
-83.518	-0.992	-0.075	-0.084	1494	631
-83.315	-0.993	-0.075	-0.089	1493	638
-83.134	-0.985	-0.067	-0.098	1493	645
-83.177	-0.988	-0.061	-0.102	1492	652
-83.024	-0.987	-0.068	-0.100	1493	658
-83.151	-0.993	-0.076	-0.092	1494	665
-84.242	-0.994	-0.074	-0.067	1493	672
-84.260	-0.996	-0.070	-0.071	1491	678
-83.542	-0.985	-0.072	-0.085	1492	686
-83.451	-0.983	-0.068	-0.090	1493	692
-82.950	-0.972	-0.086	-0.084	1492	699
-82.845	-0.974	-0.087	-0.086	1492	705
-82.646	-0.985	-0.094	-0.086	1492	712
-82.207	-0.995	-0.106	-0.085	1492	718
-82.562	-1.000	-0.109	-0.071	1493	726
-82.812	-0.994	-0.113	-0.054	1492	733
-83.214	-0.987	-0.105	-0.052	1493	739
-83.116	-0.974	-0.098	-0.065	1495	746
-83.391	-0.968	-0.094	-0.062	1495	752
-83.127	-0.976	-0.093	-0.072	1496	759
-83.139	-0.985	-0.095	-0.071	1497	765
-83.533	-0.986	-0.087	-0.070	1497	773
-83.274	-0.989	-0.091	-0.073	1495	779
-83.348	-0.983	-0.090	-0.071	1495	786
-83.430	-0.989	-0.089	-0.071	1497	792
-84.550	-0.991	-0.077	-0.055	1497	799
-84.733	-0.988	-0.078	-0.047	1496	806
-84.122	-0.989	-0.084	-0.058	1496	813
-83.473	-0.987	-0.095	-0.062	1497	820
-83.167	-0.981	-0.093	-0.072	1499	826
-82.887	-0.992	-0.104	-0.066	1498	833
-82.956	-0.990	-0.111	-0.051	1497	839
-82.292	-0.991	-0.122	-0.056	1499	846
-81.505	-0.991	-0.133	-0.065	1499	852
-81.526	-0.982	-0.129	-0.069	1498	860
-81.899	-0.993	-0.122	-0.071	1500	867
-82.312	-0.991	-0.111	-0.074	1500	873
-81.975	-0.993	-0.116	-0.078	1499	880
-81.594	-0.986	-0.123	-0.078	1499	886
-81.050	-0.983	-0.124	-0.093	1499	893
-81.750	-0.988	-0.118	-0.081	1498	900
-81.703	-0.990	-0.122	-0.077	1499	907
-81.633	-0.994	-0.126	-0.074	1499	913
-81.738	-0.996	-0.121	-0.079	1500	920
-81.613	-0.994	-0.120	-0.084	1500	927
-81.430	-0.992	-0.123	-0.085	1501	933
-82.128	-0.990	-0.110	-0.081	1501	941
-82.385	-0.980	-0.109	-0.072	1502	947
-82.260	-0.971	-0.108	-0.075	1501	954
-81.823	-0.978	-0.110	-0.087	1501	960
-81.367	-0.977	-0.117	-0.091	1501	967
-81.965	-0.982	-0.110	-0.084	1499	973
-82.718	-0.991	-0.113	-0.057	1499	980
-82.212	-0.993	-0.122	-0.060	1499	988
-81.717	-0.995	-0.125	-0.073	1498	994
-81.566	-0.994	-0.125	-0.078	1498	1001
-81.402	-0.985	-0.125	-0.081	1498	1007
-81.394	-0.980	-0.128	-0.075	1498	1014
-81.740	-0.979	-0.118	-0.079	1497	1021
-82.263	-0.984	-0.117	-0.064	1496	1028
-82.609	-0.981	-0.110	-0.063	1496	1035
-81.710	-0.983	-0.118	-0.081	1497	1041
-81.051	-0.987	-0.129	-0.087	1497	1048
-81.660	-0.988	-0.125	-0.073	1497	1055
-82.254	-0.991	-0.116	-0.068	1496	1061
-82.417	-0.986	-0.113	-0.066	1496	1069
-82.402	-0.984	-0.113	-0.066	1495	1075
-82.097	-0.983	-0.113	-0.076	1495	1082
-81.771	-0.981	-0.119	-0.077	1494	1089
-82.638	-0.987	-0.106	-0.070	1494	1095
-83.021	-0.991	-0.102	-0.066	1493	1102
-82.690	-0.990	-0.106	-0.069	1492	1108
-82.477	-0.989	-0.111	-0.068	1492	1116
-82.315	-0.984	-0.107	-0.078	1492	1123
-82.653	-0.978	-0.096	-0.082	1492	1129
-83.219	-0.982	-0.095	-0.068	1491	1136
-83.279	-0.979	-0.098	-0.062	1490	1142
-83.536	-0.984	-0.089	-0.067	1491	1149
-79.649	-1.038	-0.143	-0.125	1493	1157
-87.144	-0.908	-0.036	-0.027	1494	1163
-83.062	-1.011	-0.090	-0.084	1494	1170
-81.488	-1.001	-0.135	-0.065	1492	1176
-79.011	-0.976	-0.161	-0.100	1492	1183
-81.196	-0.977	-0.129	-0.079	1493	1190
-83.244	-0.988	-0.104	-0.055	1494	1197
-82.504	-0.985	-0.120	-0.049	1493	1204
-81.846	-1.009	-0.124	-0.074	1493	1210
-80.968	-1.001	-0.136	-0.083	1493	1217
-81.472	-0.993	-0.133	-0.067	1493	1224
-82.012	-0.990	-0.122	-0.066	1494	1230
-82.216	-0.995	-0.118	-0.067	1495	1238
-81.938	-0.996	-0.125	-0.065	1496	1244
-81.287	-0.995	-0.128	-0.083	1497	1251
-81.777	-0.986	-0.121	-0.075	1497	1258
-81.799	-0.978	-0.119	-0.075	1497	1264
-82.230	-0.971	-0.110	-0.073	1497	1271
-82.461	-0.973	-0.102	-0.079	1497	1277
-82.300	-0.972	-0.108	-0.074	1497	1285
-81.577	-0.989	-0.117	-0.088	1496	1292
-81.031	-1.005	-0.128	-0.094	1495	1298
-80.872	-0.985	-0.138	-0.078	1494	1305
-81.207	-0.982	-0.128	-0.082	1496	1311
-81.670	-0.975	-0.123	-0.072	1496	1318
-81.599	-0.983	-0.126	-0.072	1495	1326
-81.137	-0.981	-0.128	-0.084	1496	1332
-81.291	-0.983	-0.123	-0.087	1496	1339
-81.153	-0.985	-0.125	-0.089	1496	1345
-81.904	-0.984	-0.116	-0.078	1497	1352
-81.916	-0.986	-0.114	-0.081	1497	1359
-81.395	-0.978	-0.121	-0.085	1498	1366
-80.983	-0.979	-0.132	-0.082	1498	1373
-80.925	-0.975	-0.125	-0.093	1497	1380
-80.844	-0.976	-0.127	-0.093	1496	1386
-80.581	-0.975	-0.125	-0.103	1499	1393
-80.851	-0.976	-0.129	-0.090	1499	1399
-80.719	-0.986	-0.136	-0.087	1499	1406
-81.619	-0.987	-0.122	-0.079	1498	1414
-81.917	-0.982	-0.114	-0.080	1498	1420
-81.955	-0.986	-0.107	-0.089	1497	1427
-82.079	-0.988	-0.110	-0.082	1498	1433
-82.287	-0.992	-0.106	-0.082	1498	1440
-82.469	-0.996	-0.107	-0.076	1497	1447
-81.948	-0.994	-0.111	-0.086	1496	1454
-82.103	-0.994	-0.109	-0.084	1495	1461
-82.531	-0.989	-0.104	-0.078	1495	1467
-82.527	-0.993	-0.104	-0.079	1496	1474
-82.853	-0.990	-0.096	-0.079	1496	1481
-82.278	-0.994	-0.100	-0.091	1496	1487
-82.441	-0.993	-0.102	-0.084	1497	1495
-82.464	-0.995	-0.104	-0.080	1498	1501
-82.453	-0.995	-0.105	-0.079	1497	1508
-82.327	-0.989	-0.109	-0.076	1496	1515
-82.816	-0.986	-0.103	-0.070	1495	1521
-82.941	-0.993	-0.104	-0.066	1497	1528
-46.570	-0.963	-0.901	-0.136	1497	1534
-11.539	-0.227	0.422	1.026	1495	1542
-55.528	-2.000	-0.104	1.369	1497	1549
-12.805	-0.626	-1.894	-2.000	1497	1555
-55.081	-1.244	-0.802	-0.334	1499	1562
-73.724	-1.240	-0.290	0.217	1502	1568
-75.548	-1.356	0.239	0.255	1505	1575
-80.588	-1.048	0.092	0.147	1505	1583
-82.921	-0.953	-0.007	-0.118	1503	1589
-71.895	-0.908	-0.208	-0.212	1500	1596
-72.553	-0.915	-0.220	-0.186	1499	1602
-79.704	-0.942	-0.153	-0.076	1498	1609
-84.412	-0.906	-0.085	0.025	1497	1616
-85.278	-0.895	-0.073	0.010	1497	1623
-79.476	-0.943	-0.138	-0.108	1498	1630
-76.349	-0.998	-0.173	-0.170	1498	1636
-82.961	-1.076	-0.116	-0.064	1499	1643
-84.726	-1.075	-0.097	-0.022	1498	1650
-84.012	-1.036	-0.108	-0.008	1497	1656
-82.298	-0.979	-0.121	-0.054	1498	1664
-81.119	-0.948	-0.124	-0.081	1499	1670
-81.661	-0.936	-0.108	-0.084	1498	1677
-82.914	-0.960	-0.104	-0.058	1497	1684
-83.840	-0.990	-0.101	-0.036	1497	1690
-83.648	-1.016	-0.106	-0.038	1496	1697
-83.589	-1.019	-0.104	-0.049	1495	1703
-83.064	-1.008	-0.105	-0.063	1494	1711
-82.942	-0.992	-0.099	-0.073	1493	1718
-83.123	-0.981	-0.099	-0.065	1494	1724
-82.685	-0.981	-0.106	-0.067	1495	1731
-82.738	-0.989	-0.116	-0.049	1495	1737
-81.860	-0.994	-0.137	-0.039	1494	1744
-81.728	-0.992	-0.138	-0.043	1495	1752
-81.102	-0.989	-0.145	-0.056	1495	1758
-81.222	-0.987	-0.138	-0.065	1492	1765
-81.837	-0.984	-0.129	-0.058	1493	1771
-82.491	-0.979	-0.109	-0.068	1494	1778
-36.743	-1.280	-1.699	-0.231	1493	1785
23.720	0.980	1.306	1.810	1489	1792
-39.022	-1.642	-2.000	0.321	1490	1799
-42.828	-1.154	-0.538	1.123	1494	1805
-86.370	-1.597	0.057	0.084	1496	1812
-60.452	-1.271	0.424	0.583	1500	1818
-78.122	-1.027	0.211	0.047	1500	1825
-74.725	-0.879	-0.052	-0.234	1497	1832
-62.774	-0.817	-0.257	-0.333	1493	1839
-72.077	-0.863	-0.241	-0.141	1493	1846
-82.651	-0.939	-0.121	-0.004	1494	1852
-82.633	-0.851	-0.067	0.087	1494	1859
-84.869	-0.818	-0.067	0.029	1494	1866
-79.680	-0.924	-0.142	-0.091	1493	1872
-77.094	-0.992	-0.182	-0.137	1494	1880
-81.081	-1.098	-0.129	-0.114	1496	1887
-83.661	-1.095	-0.089	-0.083	1499	1893
-85.900	-1.073	-0.072	-0.026	1500	1900
-83.637	-0.996	-0.097	-0.055	1500	1906
-79.600	-0.948	-0.138	-0.106	1500	1913
-77.689	-0.922	-0.155	-0.128	1498	1921
-80.493	-0.935	-0.137	-0.076	1497	1927
-81.785	-0.976	-0.133	-0.047	1497	1934
-81.745	-1.003	-0.137	-0.050	1496	1940
-81.222	-1.016	-0.139	-0.073	1495	1947
-81.522	-1.021	-0.132	-0.076	1495	1954
-81.671	-0.998	-0.118	-0.086	1496	1960
-81.878	-0.975	-0.109	-0.086	1496	1968
-81.679	-0.954	-0.108	-0.088	1498	1974
-81.245	-0.959	-0.120	-0.086	1499	1981
-81.828	-0.962	-0.115	-0.076	1499	1988
-82.225	-0.973	-0.117	-0.063	1499	1994
-82.620	-0.981	-0.112	-0.060	1499	2001
-82.327	-0.990	-0.107	-0.079	1499	2008
-82.217	-0.999	-0.104	-0.088	1500	2015
-82.819	-1.002	-0.104	-0.072	1499	2022
-83.369	-1.000	-0.099	-0.062	1498	2028
-83.315	-0.993	-0.101	-0.059	1497	2035
-83.053	-0.994	-0.099	-0.070	1497	2041
-82.489	-0.987	-0.099	-0.085	1497	2049
-82.345	-0.988	-0.107	-0.078	1498	2056
-82.129	-0.995	-0.107	-0.086	1498	2062
-82.815	-0.988	-0.104	-0.069	1498	2069
-83.135	-0.986	-0.102	-0.062	1499	2075
-82.639	-0.983	-0.104	-0.072	1499	2082
-81.999	-0.974	-0.116	-0.072	1500	2089
-81.777	-0.975	-0.117	-0.078	1500	2096
-82.010	-0.982	-0.116	-0.074	1499	2103
-82.048	-0.985	-0.121	-0.065	1499	2109
-82.428	-0.994	-0.114	-0.066	1499	2116
-81.768	-0.996	-0.121	-0.078	1498	2123
-81.544	-0.989	-0.122	-0.082	1496	2129
-81.009	-0.991	-0.130	-0.088	1497	2137
-81.723	-0.991	-0.127	-0.068	1499	2143
-81.469	-0.987	-0.131	-0.069	1499	2150
-81.371	-0.987	-0.133	-0.069	1500	2157
-81.160	-0.989	-0.135	-0.074	1500	2163
-81.555	-0.992	-0.129	-0.071	1500	2170
-81.266	-0.992	-0.136	-0.069	1501	2178
-81.994	-0.994	-0.123	-0.066	1501	2184
-81.720	-0.984	-0.129	-0.063	1500	2191
-81.665	-0.969	-0.127	-0.063	1498	2197
-81.541	-0.973	-0.127	-0.069	1499	2204
-81.292	-0.979	-0.132	-0.071	1501	2211
-81.601	-0.988	-0.129	-0.068	1501	2217
-81.755	-0.995	-0.131	-0.061	1501	2225
-82.563	-0.997	-0.116	-0.059	1500	2231
-82.705	-0.990	-0.105	-0.070	1500	2238
-82.725	-0.974	-0.097	-0.078	1501	2245
-82.761	-0.971	-0.094	-0.080	1501	2251
-83.300	-0.971	-0.095	-0.063	1501	2258
-83.051	-0.972	-0.101	-0.063	1500	2265
-82.921	-0.985	-0.107	-0.059	1503	2272
-82.434	-0.995	-0.109	-0.074	1504	2279
-81.700	-0.992	-0.126	-0.071	1506	2285
-82.090	-0.991	-0.120	-0.067	1508	2292
-82.153	-0.982	-0.120	-0.063	1508	2298
-82.321	-0.977	-0.111	-0.070	1509	2306
-82.205	-0.972	-0.112	-0.071	1509	2313
-82.343	-0.972	-0.111	-0.068	1509	2319
-82.280	-0.976	-0.104	-0.081	1509	2326
-82.739	-0.989	-0.096	-0.082	1509	2332
-82.541	-0.998	-0.105	-0.077	1511	2339
-82.849	-1.011	-0.104	-0.073	1511	2347
-82.745	-1.013	-0.099	-0.083	1511	2353
-83.475	-1.006	-0.092	-0.069	1511	2360
-83.382	-0.997	-0.095	-0.066	1509	2366
-83.608	-0.990	-0.089	-0.066	1508	2373
-84.270	-0.983	-0.077	-0.062	1506	2380
-84.664	-0.991	-0.073	-0.057	1507	2386
-83.996	-0.995	-0.080	-0.067	1508	2394
-83.754	-1.000	-0.090	-0.063	1507	2400
-82.797	-0.991	-0.107	-0.064	1507	2407
-82.424	-0.998	-0.123	-0.050	1507	2414
-81.836	-1.003	-0.132	-0.058	1506	2420
-81.694	-0.995	-0.136	-0.052	1503	2427
-81.410	-0.994	-0.139	-0.058	1502	2434
-81.004	-0.993	-0.146	-0.060	1500	2441
-81.231	-0.995	-0.141	-0.062	1500	2448
-81.120	-0.993	-0.142	-0.063	1501	2454
-81.587	-0.986	-0.130	-0.066	1501	2461
-81.772	-0.983	-0.123	-0.071	1501	2468
-81.591	-0.984	-0.128	-0.069	1499	2475
-81.755	-0.982	-0.122	-0.073	1497	2482
-81.691	-0.979	-0.117	-0.082	1495	2488
-82.100	-0.981	-0.106	-0.085	1497	2495
-82.288	-0.984	-0.104	-0.084	1497	2502
-82.525	-1.011	-0.106	-0.079	1499	2508
-82.749	-1.015	-0.104	-0.077	1499	2515
-82.777	-1.007	-0.104	-0.073	1498	2522
-83.206	-0.995	-0.095	-0.071	1498	2529
-82.410	-0.987	-0.100	-0.086	1496	2536
-82.780	-0.978	-0.093	-0.082	1494	2542
-82.624	-0.976	-0.098	-0.080	1496	2549
-82.148	-0.977	-0.104	-0.085	1498	2555
-82.525	-0.982	-0.103	-0.078	1497	2563
-82.579	-0.986	-0.109	-0.067	1496	2570
-82.051	-0.989	-0.115	-0.076	1494	2576
-81.240	-0.984	-0.125	-0.086	1494	2583
-80.808	-0.984	-0.131	-0.091	1495	2589
-80.540	-0.985	-0.139	-0.088	1492	2596
-80.062	-0.995	-0.153	-0.083	1487	2604
-80.434	-0.996	-0.153	-0.068	1490	2610
-79.987	-0.995	-0.160	-0.072	1495	2617
-79.490	-0.997	-0.172	-0.068	1496	2623
-78.428	-0.986	-0.191	-0.064	1495	2630
-78.852	-0.986	-0.187	-0.055	1493	2637
-78.881	-0.963	-0.184	-0.046	1484	2643
-78.181	-0.959	-0.193	-0.054	1485	2651
-78.276	-0.977	-0.190	-0.069	1476	2657
-78.240	-0.979	-0.195	-0.059	1466	2664
-78.743	-0.987	-0.192	-0.040	1472	2671
-78.092	-0.982	-0.207	-0.008	1438	2677
-77.173	-0.974	-0.222	-0.002	1447	2684
-76.798	-0.966	-0.227	-0.002	1480	2691
-77.295	-0.972	-0.219	-0.012	1466	2698
-77.487	-0.986	-0.219	-0.008	1477	2705
-78.049	-1.001	-0.210	-0.028	1492	2711
-78.719	-1.024	-0.200	-0.041	1496	2718
-80.893	-1.023	-0.157	-0.047	1503	2724
-82.302	-1.035	-0.132	-0.047	1507	2732
-83.403	-1.023	-0.106	-0.052	1508	2739
-85.114	-1.003	-0.068	-0.052	1509	2745
-86.127	-0.987	-0.028	-0.061	1504	2752
-85.871	-0.976	-0.004	-0.070	1504	2758
-85.888	-0.963	0.020	-0.066	1503	2765
-85.938	-0.970	0.021	-0.065	1501	2772
-86.772	-0.966	0.014	-0.053	1499	2779
-87.163	-0.976	-0.007	-0.048	1499	2786
-87.342	-0.983	-0.030	-0.034	1497	2792
-85.773	-0.983	-0.063	-0.037	1502	2799
-84.447	-0.991	-0.091	-0.032	1495	2806
-83.399	-0.985	-0.109	-0.032	1496	2812
-82.385	-0.979	-0.125	-0.039	1497	2820
-82.023	-0.987	-0.131	-0.045	1487	2826
-82.555	-0.974	-0.121	-0.039	1490	2833
-83.527	-0.978	-0.108	-0.023	1488	2840
-83.679	-0.984	-0.103	-0.037	1489	2846
-84.814	-0.997	-0.079	-0.044	1483	2853
-85.258	-1.006	-0.068	-0.048	1483	2860
-85.336	-1.006	-0.064	-0.051	1483	2867
-84.641	-1.003	-0.070	-0.063	1484	2874
-84.205	-0.990	-0.083	-0.057	1481	2880
-83.706	-0.987	-0.090	-0.062	1481	2887
-83.907	-0.992	-0.089	-0.058	1482	2893
-83.599	-0.978	-0.085	-0.069	1478	2900
-84.534	-0.969	-0.062	-0.069	1474	2907
-84.780	-0.969	-0.033	-0.082	1472	2914
-84.578	-0.956	-0.013	-0.090	1472	2921
-85.289	-0.969	-0.011	-0.079	1476	2927
-85.255	-0.984	-0.021	-0.079	1475	2934
-84.529	-0.996	-0.037	-0.088	1476	2940
-84.206	-1.004	-0.055	-0.086	1478	2948
-84.361	-1.015	-0.068	-0.073	1477	2955
-84.258	-1.003	-0.069	-0.073	1464	2961
-84.912	-0.993	-0.064	-0.061	1464	2968
-86.089	-0.995	-0.043	-0.053	1470	2974
-85.740	-0.986	-0.029	-0.067	1472	2981
-85.358	-0.984	-0.036	-0.071	1478	2989
-84.875	-0.993	-0.055	-0.070	1479	2995
-84.003	-0.993	-0.085	-0.061	1485	3002
-82.869	-1.002	-0.112	-0.056	1488	3008
-82.751	-0.998	-0.117	-0.049	1489	3015
-83.402	-0.989	-0.106	-0.042	1491	3022
-84.202	-0.982	-0.092	-0.039	1496	3028
-85.134	-0.980	-0.073	-0.040	1496	3036
-85.931	-0.979	-0.060	-0.036	1495	3042
-86.099	-0.982	-0.054	-0.040	1498	3049
-86.152	-0.996	-0.054	-0.040	1498	3056
-85.628	-0.994	-0.067	-0.035	1495	3062
-85.618	-0.986	-0.068	-0.032	1497	3069
-85.724	-0.983	-0.063	-0.037	1498	3076
-85.370	-0.987	-0.070	-0.038	1499	3083
-85.147	-0.996	-0.068	-0.050	1499	3090
-85.065	-1.011	-0.074	-0.046	1495	3096
-85.179	-1.025	-0.078	-0.037	1492	3103
-85.042	-1.010	-0.081	-0.033	1494	3109
-84.880	-1.002	-0.087	-0.022	1500	3117
-84.557	-0.989	-0.094	-0.010	1493	3123
-84.198	-0.981	-0.100	-0.005	1498	3130
-84.567	-0.972	-0.092	-0.011	1498	3137
-84.481	-0.968	-0.093	-0.012	1495	3143
-84.458	-0.978	-0.091	-0.027	1496	3150
-84.518	-0.991	-0.090	-0.031	1496	3156
-84.772	-1.003	-0.088	-0.026	1502	3164
-84.958	-1.010	-0.080	-0.039	1507	3171
-85.188	-1.015	-0.073	-0.044	1510	3177
-85.253	-1.017	-0.063	-0.056	1507	3184
-85.558	-1.015	-0.053	-0.059	1494	3190
-84.958	-1.001	-0.055	-0.069	1496	3197
-84.668	-0.990	-0.058	-0.072	1500	3205
-84.463	-0.990	-0.067	-0.068	1506	3211
-83.579	-0.994	-0.078	-0.080	1508	3218
-83.057	-0.999	-0.090	-0.082	1514	3224
-83.302	-0.991	-0.093	-0.070	1514	3231
-83.809	-0.994	-0.088	-0.063	1509	3238
-84.445	-0.978	-0.079	-0.053	1506	3245
-84.822	-0.975	-0.072	-0.051	1503	3252
-85.012	-0.960	-0.067	-0.050	1500	3258
-85.269	-0.980	-0.063	-0.052	1500	3265
-84.540	-0.986	-0.072	-0.061	1501	3272
-84.683	-0.999	-0.075	-0.055	1499	3278
-84.422	-1.007	-0.081	-0.056	1501	3286
-85.217	-1.007	-0.069	-0.048	1499	3292
-85.504	-0.997	-0.061	-0.050	1500	3299
-85.686	-0.980	-0.055	-0.050	1501	3305
-85.595	-0.980	-0.049	-0.058	1498	3312
-86.167	-0.985	-0.032	-0.058	1492	3319
-85.740	-0.985	-0.031	-0.066	1499	3325
-86.162	-0.989	-0.036	-0.056	1501	3333
-86.031	-0.985	-0.041	-0.055	1496	3339
-85.831	-0.985	-0.051	-0.051	1497	3346
-85.637	-0.983	-0.059	-0.047	1502	3353
-85.209	-0.979	-0.069	-0.044	1498	3359
-86.004	-0.985	-0.059	-0.036	1501	3366
-86.582	-0.994	-0.048	-0.035	1506	3373
-87.320	-0.989	-0.034	-0.031	1501	3380
-87.461	-0.995	-0.021	-0.039	1502	3387
-87.375	-0.988	-0.027	-0.036	1502	3393
-86.229	-0.990	-0.051	-0.041	1495	3400
-85.872	-0.991	-0.061	-0.038	1494	3406
-84.933	-0.986	-0.080	-0.035	1498	3414
-84.434	-0.995	-0.092	-0.031	1494	3421
-84.964	-0.989	-0.086	-0.015	1499	3427
-85.248	-0.986	-0.080	-0.018	1503	3434
-85.088	-0.981	-0.079	-0.029	1496	3440
-85.331	-0.992	-0.078	-0.021	1488	3447
-85.426	-0.996	-0.075	-0.026	1496	3453
-85.833	-1.008	-0.071	-0.018	1498	3461
-85.904	-1.003	-0.070	-0.015	1498	3468
-86.340	-0.994	-0.063	-0.012	1495	3474
-86.923	-0.987	-0.052	-0.012	1499	3481
-87.757	-0.986	-0.037	-0.011	1499	3487
-88.538	-0.998	-0.021	-0.014	1497	3494
-88.226	-1.019	-0.012	-0.029	1495	3502
-88.307	-1.021	-0.015	-0.026	1493	3508
-89.066	-1.021	-0.011	-0.013	1489	3515
-89.378	-1.006	-0.011	-0.002	1484	3522
-88.885	-0.989	-0.017	-0.010	1495	3528
-88.137	-0.981	-0.029	-0.013	1499	3535
-87.569	-0.983	-0.041	-0.008	1501	3542
-87.133	-0.996	-0.050	-0.003	1498	3549
-88.062	-1.012	-0.034	-0.002	1494	3555
-88.882	-1.021	-0.020	0.004	1495	3562
-88.444	-1.013	-0.026	-0.008	1494	3569
-88.818	-0.998	-0.021	-0.002	1495	3575
-88.519	-0.991	-0.020	-0.017	1497	3582
-87.744	-0.987	-0.034	-0.019	1499	3590
-87.324	-0.991	-0.044	-0.015	1497	3596
-87.586	-0.998	-0.039	-0.016	1499	3603
-87.800	-0.999	-0.037	-0.010	1495	3609
-87.965	-0.999	-0.035	-0.005	1496	3616
-87.470	-0.981	-0.043	-0.006	1495	3622
-86.785	-0.983	-0.055	-0.008	1498	3630
-85.800	-0.987	-0.072	-0.006	1496	3637
-85.367	-1.002	-0.081	-0.005	1503	3643
-85.506	-1.007	-0.079	-0.002	1500	3650
-86.717	-1.007	-0.058	0.004	1500	3656
-87.060	-1.008	-0.052	0.001	1502	3663
-87.521	-0.999	-0.043	0.005	1500	3671
-87.532	-0.997	-0.043	0.000	1492	3677
-87.087	-1.001	-0.051	0.004	1490	3684
-87.481	-0.999	-0.044	-0.001	1493	3690
-87.577	-0.999	-0.042	-0.005	1498	3697
-87.876	-1.001	-0.033	-0.017	1501	3703
-88.219	-1.002	-0.026	-0.017	1496	3710
-88.417	-0.989	-0.027	0.000	1499	3718
-88.444	-0.977	-0.026	0.003	1497	3724
-88.726	-0.972	-0.021	0.007	1487	3731
-88.765	-0.970	-0.017	0.013	1485	3737
-88.992	-0.982	-0.013	0.012	1475	3744
-89.061	-0.999	-0.005	0.016	1479	3751
-89.175	-1.008	0.010	0.011	1482	3758
-89.452	-1.026	0.010	0.001	1481	3765
-89.588	-1.034	-0.003	-0.007	1484	3771
-89.170	-1.027	-0.014	-0.006	1479	3778
-87.907	-1.003	-0.027	0.024	1486	3785
-88.634	-0.984	-0.007	0.022	1480	3791
-89.194	-0.975	0.001	0.014	1470	3799
-89.818	-0.973	-0.001	0.003	1473	3805
-89.319	-0.986	-0.012	0.000	1471	3812
-89.435	-1.010	-0.010	0.002	1474	3818
-89.160	-1.019	-0.015	-0.003	1474	3825
-88.794	-1.021	-0.021	-0.001	1473	3832
-88.122	-1.019	-0.032	0.009	1475	3838
-87.818	-0.997	-0.036	0.012	1481	3846
-88.488	-0.985	-0.021	0.015	1480	3852
-88.682	-0.987	-0.010	0.021	1471	3859
-88.922	-0.986	-0.019	0.000	1473	3866
-87.802	-0.995	-0.038	0.003	1475	3872
-87.471	-1.004	-0.044	0.006	1470	3879
-87.962	-1.016	-0.036	-0.001	1466	3886
-88.103	-1.019	-0.031	-0.013	1476	3893
-88.860	-1.012	-0.008	-0.019	1478	3900
-88.787	-0.993	-0.008	-0.020	1483	3906
-89.712	-0.990	0.001	-0.005	1482	3913
-89.764	-0.979	-0.001	-0.004	1484	3919
-89.542	-0.985	-0.008	0.001	1479	3927
-88.977	-0.998	-0.018	-0.003	1478	3934
-89.383	-1.001	-0.011	-0.001	1476	3940
-88.974	-1.006	-0.018	0.004	1478	3947
-88.173	-1.001	-0.029	-0.013	1487	3953
-88.252	-1.002	-0.027	-0.014	1489	3960
-87.832	-1.006	-0.035	-0.015	1488	3968
-87.744	-0.998	-0.038	-0.010	1490	3974
-88.422	-0.998	-0.027	0.003	1491	3981
-89.498	-0.996	-0.008	0.004	1483	3987
-89.228	-0.985	-0.013	0.004	1490	3994
-88.522	-0.987	-0.025	-0.002	1493	4001
-87.727	-0.999	-0.039	-0.007	1502	4007
-87.560	-1.009	-0.043	0.001	1488	4015
-89.011	-1.020	-0.018	0.001	1495	4021
-89.666	-1.019	-0.006	0.001	1498	4028
-89.889	-1.011	0.000	-0.002	1497	4034
-89.199	-0.993	0.009	-0.011	1501	4041
-89.512	-0.986	-0.007	-0.005	1497	4048
-88.388	-0.978	-0.024	0.013	1502	4055
-87.425	-0.996	-0.042	0.016	1502	4062
-87.539	-1.000	-0.040	0.016	1500	4068
-88.105	-1.018	-0.032	0.010	1501	4075
-88.651	-1.017	-0.023	0.005	1496	4082
-88.767	-0.995	-0.015	0.016	1497	4088
-88.482	-0.992	-0.010	0.024	1499	4096
-88.990	-0.999	-0.010	0.015	1507	4102
-89.127	-1.003	-0.014	0.007	1504	4109
-89.325	-1.012	-0.007	0.010	1510	4116
-88.718	-1.008	0.007	0.021	1512	4122
-87.695	-1.003	0.021	0.034	1511	4129
-88.737	-1.002	0.016	0.016	1507	4135
-88.710	-0.998	0.019	0.013	1505	4143
-89.049	-1.000	0.015	0.008	1508	4150
-89.549	-1.000	0.008	0.001	1516	4156
-89.842	-1.001	-0.002	0.002	1517	4163
-88.834	-1.008	-0.021	0.000	1510	4169
-88.434	-1.003	-0.027	-0.002	1503	4176
-88.900	-1.003	-0.017	0.010	1510	4184
-88.962	-1.003	-0.015	0.011	1504	4190
-89.269	-0.995	-0.012	0.005	1509	4197
-89.766	-0.987	-0.004	0.001	1514	4203
-89.566	-0.981	0.003	0.007	1512	4210
-89.383	-0.980	0.009	-0.006	1518	4216
-89.795	-0.984	0.002	-0.003	1519	4224
-89.750	-1.000	0.002	-0.004	1515	4231
-89.148	-1.005	0.003	0.015	1509	4237
-89.148	-1.020	0.015	-0.004	1504	4244
-87.925	-1.013	0.033	-0.016	1516	4250
-87.600	-1.011	0.038	-0.019	1518	4257
-88.070	-0.998	0.030	-0.015	1519	4264
-89.154	-0.992	0.015	0.000	1514	4271
-89.534	-0.990	0.008	0.002	1515	4278
-89.445	-0.992	-0.004	0.009	1519	4284
-89.640	-0.994	-0.005	-0.004	1512	4291
-89.360	-0.996	-0.009	-0.007	1517	4297
-89.774	-0.991	-0.004	0.000	1524	4304
-89.012	-0.989	0.017	0.004	1519	4312
-88.994	-0.995	0.016	-0.008	1526	4318
-88.523	-0.994	0.020	-0.017	1520	4325
-88.431	-1.009	0.023	-0.015	1528	4331
-88.656	-1.000	0.023	-0.001	1527	4338
-88.551	-1.004	0.025	0.000	1516	4345
-88.455	-0.994	0.026	-0.005	1509	4352
-88.664	-0.995	0.022	-0.006	1512	4359
-89.056	-0.993	0.016	-0.005	1516	4365
-88.987	-0.994	0.018	0.000	1515	4372
-88.609	-0.993	0.022	-0.009	1520	4378
-88.363	-0.993	0.019	-0.021	1536	4385
-88.862	-0.995	0.007	-0.019	1533	4392
-89.120	-0.987	0.015	-0.004	1521	4399
-88.940	-0.986	0.018	0.005	1520	4406
-89.145	-0.997	0.014	-0.006	1518	4412
-89.274	-1.002	0.005	-0.012	1518	4419
-88.741	-1.008	0.015	-0.017	1524	4426
-88.400	-1.017	0.013	-0.025	1526	4432
-88.184	-1.006	0.015	-0.028	1530	4440
-88.761	-0.994	0.014	-0.017	1523	4446
-89.040	-0.977	0.005	-0.016	1522	4453
-88.895	-0.973	0.015	-0.012	1522	4460
-88.999	-0.977	0.016	-0.007	1526	4466
-88.558	-1.001	0.021	-0.015	1527	4473
-88.705	-1.005	0.021	-0.010	1516	4480
-88.249	-1.015	0.027	-0.015	1517	4487
-88.173	-1.015	0.032	-0.003	1500	4494
-87.774	-1.001	0.037	-0.012	1507	4500
-87.186	-0.986	0.046	-0.016	1516	4507
-86.953	-0.980	0.050	-0.016	1521	4513
-87.153	-0.981	0.046	-0.017	1526	4520
-86.655	-0.994	0.053	-0.024	1515	4528
-86.595	-1.003	0.056	-0.021	1520	4534
-86.172	-1.027	0.063	-0.026	1517	4541
-85.152	-1.017	0.084	-0.020	1510	4547
-85.106	-1.009	0.086	-0.009	1508	4554
-84.617	-0.991	0.093	-0.011	1506	4561
-85.699	-0.993	0.067	-0.032	1496	4568
-86.055	-0.991	0.055	-0.041	1506	4575
-86.251	-0.996	0.051	-0.041	1517	4581
-86.344	-1.000	0.050	-0.040	1504	4588
-85.582	-1.007	0.068	-0.037	1509	4594
-84.592	-0.995	0.089	-0.031	1509	4601
-84.804	-0.999	0.081	-0.041	1513	4609
-85.854	-1.001	0.063	-0.035	1507	4615
-87.295	-0.999	0.043	-0.020	1510	4622
-87.763	-0.995	0.035	-0.017	1506	4628
-87.799	-0.992	0.024	-0.029	1512	4635
-87.781	-0.980	0.026	-0.027	1514	4642
-88.267	-0.969	0.029	-0.001	1510	4648
-87.321	-0.966	0.045	-0.005	1515	4656
-86.335	-0.984	0.061	-0.018	1519	4662
-86.508	-1.002	0.055	-0.027	1517	4669
-86.383	-1.025	0.056	-0.033	1501	4675
-86.176	-1.033	0.061	-0.033	1509	4682
-86.349	-1.026	0.062	-0.022	1522	4689
-86.064	-0.993	0.059	-0.035	1518	4696
-86.968	-0.981	0.047	-0.022	1510	4703
-87.071	-0.966	0.047	-0.016	1522	4709
-86.764	-0.968	0.055	-0.002	1515	4716
-86.727	-0.985	0.056	-0.009	1511	4723
-86.106	-0.999	0.063	-0.024	1507	4729
-86.086	-1.003	0.063	-0.028	1511	4737
-86.727	-1.002	0.050	-0.028	1520	4743
-88.092	-1.002	0.031	-0.012	1503	4750
-87.910	-0.990	0.034	-0.012	1517	4757
-88.855	-0.982	0.020	0.002	1517	4763
-87.649	-0.996	0.022	-0.034	1523	4770
-86.250	-1.001	0.046	-0.047	1503	4776
-85.987	-0.996	0.059	-0.038	1522	4784
-85.680	-0.994	0.070	-0.026	1524	4790
-86.060	-0.986	0.064	-0.021	1492	4797
-85.565	-0.979	0.072	-0.023	1484	4804
-86.072	-0.985	0.063	-0.023	1507	4810
-86.300	-0.998	0.062	-0.020	1512	4817
-85.812	-1.004	0.069	-0.024	1495	4824
-85.168	-1.013	0.077	-0.037	1502	4831
-85.211	-1.004	0.081	-0.022	1515	4838
-85.469	-1.002	0.079	-0.007	1512	4844
-86.240	-0.994	0.064	-0.011	1516	4851
-85.791	-0.991	0.064	-0.034	1494	4857
-86.079	-0.992	0.063	-0.024	1506	4865
-85.928	-1.000	0.063	-0.032	1512	4871
-86.214	-1.010	0.060	-0.030	1505	4878
-85.282	-1.017	0.076	-0.035	1502	4885
-84.992	-1.017	0.086	-0.023	1514	4891
-85.350	-1.006	0.075	-0.032	1516	4898
-84.858	-0.990	0.079	-0.041	1517	4904
-84.102	-0.979	0.094	-0.038	1487	4912
-83.626	-0.984	0.104	-0.037	1482	4919
-84.003	-0.987	0.103	-0.016	1469	4925
-83.991	-0.983	0.104	-0.001	1487	4932
-84.235	-0.988	0.100	0.006	1509	4938
-84.328	-0.991	0.097	-0.019	1517	4945
-84.512	-0.994	0.092	-0.026	1516	4953
-84.363	-0.999	0.098	-0.014	1510	4959
-84.800	-1.013	0.091	-0.016	1504	4966
-85.121	-1.016	0.084	-0.021	1480	4972
-86.797	-1.017	0.056	-0.012	1475	4979
-87.128	-1.012	0.044	-0.025	1504	4986
-87.616	-1.002	0.039	-0.015	1515	4993
-87.831	-0.992	0.034	-0.016	1507	5000
-86.485	-0.985	0.058	-0.019	1508	5006
-86.329	-0.979	0.063	-0.006	1504	5013
-85.510	-0.986	0.077	-0.007	1500	5019
-86.128	-0.995	0.064	-0.020	1487	5026
-86.545	-0.993	0.059	-0.013	1493	5033
-85.708	-0.993	0.063	-0.039	1498	5040
-85.710	-0.990	0.065	-0.035	1502	5047
-85.916	-0.985	0.068	-0.017	1498	5053
-85.726	-0.980	0.073	-0.002	1509	5060
-85.462	-0.986	0.078	0.005	1508	5067
-84.762	-0.992	0.091	-0.005	1518	5073
-84.641	-1.013	0.092	-0.024	1490	5081
-84.817	-1.026	0.085	-0.038	1500	5087
-85.043	-1.004	0.080	-0.034	1494	5094
-85.848	-0.992	0.070	-0.016	1490	5100
-86.301	-0.979	0.061	-0.019	1508	5107
-85.448	-0.977	0.065	-0.042	1511	5114
-84.375	-0.980	0.085	-0.046	1495	5121
-84.525	-0.994	0.087	-0.039	1501	5128
-84.024	-0.997	0.103	-0.020	1509	5134
-83.799	-0.999	0.107	-0.016	1517	5141
-83.099	-0.998	0.120	-0.013	1498	5148
-84.029	-1.001	0.104	-0.016	1505	5154
-84.896	-1.001	0.083	-0.033	1492	5161
-85.456	-1.004	0.074	-0.029	1489	5168
-85.172	-0.991	0.080	-0.024	1518	5175
-84.123	-0.987	0.096	-0.034	1529	5182
-83.932	-0.979	0.098	-0.036	1521	5188
-83.270	-0.978	0.112	-0.026	1511	5195
-83.422	-0.994	0.113	-0.018	1508	5201
-83.612	-1.013	0.108	-0.033	1492	5209
-83.793	-1.021	0.104	-0.040	1490	5216
-83.874	-1.026	0.101	-0.045	1491	5222
-83.237	-1.019	0.111	-0.047	1498	5229
-83.707	-0.994	0.099	-0.048	1496	5235
-83.777	-0.978	0.104	-0.025	1480	5242
-83.751	-0.966	0.105	-0.008	1479	5250
-83.184	-0.973	0.114	-0.021	1478	5256
-82.882	-0.965	0.115	-0.035	1491	5263
-83.297	-0.989	0.114	-0.021	1479	5269
-83.153	-0.997	0.119	-0.012	1502	5276
-83.570	-1.003	0.111	-0.020	1509	5283
-84.626	-1.005	0.089	-0.032	1493	5289
-86.095	-1.007	0.063	-0.026	1487	5297
-86.967	-1.010	0.050	-0.020	1495	5303
-86.986	-0.989	0.052	-0.006	1490	5310
-86.359	-0.981	0.062	-0.011	1483	5316
-86.230	-0.982	0.063	-0.013	1500	5323
-85.617	-0.991	0.072	-0.023	1497	5330
-85.664	-0.998	0.072	-0.022	1482	5337
-84.863	-1.000	0.086	-0.026	1497	5344
-84.398	-0.998	0.093	-0.031	1492	5350
-84.381	-1.001	0.091	-0.038	1499	5357
-84.411	-0.995	0.091	-0.035	1504	5364
-84.699	-0.979	0.090	-0.014	1505	5370
-85.356	-0.979	0.079	-0.008	1504	5378
-85.118	-0.981	0.083	-0.012	1499	5384
-84.687	-0.986	0.087	-0.029	1511	5391
-84.105	-0.990	0.098	-0.030	1493	5398
-83.868	-0.990	0.103	-0.028	1505	5404
-84.160	-0.991	0.101	-0.013	1490	5411
-84.798	-0.995	0.090	-0.012	1508	5417
-84.660	-0.996	0.090	-0.024	1487	5425
-84.630	-0.992	0.089	-0.028	1505	5431
-84.720	-0.999	0.085	-0.036	1490	5438
-84.898	-0.991	0.082	-0.033	1493	5445
-84.803	-0.981	0.084	-0.030	1484	5451
-84.267	-0.981	0.096	-0.023	1496	5458
-84.555	-0.980	0.092	-0.018	1503	5465
-84.641	-0.982	0.090	-0.021	1497	5472
-84.941	-0.982	0.085	-0.019	1488	5479
-84.463	-0.982	0.095	-0.010	1483	5485
-84.427	-0.991	0.095	-0.020	1493	5492
-84.266	-0.987	0.094	-0.032	1506	5498
-84.507	-0.989	0.091	-0.028	1506	5506
-84.268	-1.001	0.097	-0.027	1510	5513
-84.652	-1.013	0.090	-0.030	1486	5519
-84.197	-1.007	0.100	-0.023	1476	5526
-83.904	-0.997	0.104	-0.021	1472	5532
-83.450	-0.986	0.112	-0.015	1485	5539
-83.430	-0.989	0.110	-0.028	1515	5545
-83.259	-0.994	0.113	-0.031	1502	5553
-83.633	-0.989	0.107	-0.025	1485	5560
-83.188	-0.996	0.114	-0.033	1501	5566
-83.425	-0.997	0.112	-0.024	1497	5573
-83.115	-0.993	0.118	-0.021	1504	5579
-82.444	-0.991	0.131	-0.013	1491	5586
-82.219	-0.979	0.134	0.004	1512	5594
-83.199	-0.983	0.117	-0.005	1503	5600
-83.791	-0.990	0.106	-0.017	1472	5607
-83.736	-0.999	0.108	-0.017	1484	5613
-83.704	-1.014	0.111	-0.011	1490	5620
-83.425	-1.014	0.114	-0.024	1502	5627
-83.947	-1.003	0.105	-0.014	1503	5634
-83.632	-0.991	0.110	0.008	1486	5641
-84.070	-0.981	0.102	0.009	1511	5647
-84.276	-0.976	0.097	-0.015	1519	5654
-85.085	-0.993	0.079	-0.032	1498	5661
-84.424	-1.013	0.091	-0.039	1533	5667
-84.850	-1.022	0.089	-0.024	1508	5675
-84.053	-1.010	0.102	-0.027	1525	5681
-83.517	-1.001	0.109	-0.031	1548	5688
-83.244	-0.975	0.114	-0.017	1537	5695
-83.288	-0.973	0.114	-0.007	1508	5701
-83.757	-0.965	0.105	-0.004	1516	5708
-83.904	-0.979	0.104	-0.002	1510	5714
-83.535	-0.983	0.111	-0.005	1555	5722
-83.292	-0.998	0.116	-0.017	1541	5729
-83.890	-1.002	0.105	-0.020	1528	5735
-83.808	-0.997	0.107	-0.013	1519	5742
-84.200	-1.001	0.102	-0.005	1546	5748
-84.041	-1.004	0.104	-0.008	1558	5755
-83.243	-1.004	0.118	-0.014	1528	5763
-82.533	-0.999	0.130	-0.017	1532	5769
-82.720	-0.989	0.125	-0.019	1511	5776
-82.771	-0.980	0.121	-0.028	1505	5782
-82.428	-0.966	0.124	-0.033	1522	5789
-81.946	-0.966	0.133	-0.032	1528	5796
-81.783	-0.976	0.140	-0.019	1499	5803
-81.752	-0.986	0.143	-0.011	1519	5810
-80.534	-1.003	0.167	-0.009	1483	5816
-80.982	-1.017	0.160	-0.020	1515	5823
-81.228	-1.022	0.152	-0.041	1458	5830
-80.650	-1.016	0.162	-0.041	1522	5836
-80.582	-0.994	0.163	-0.024	1541	5843
-81.101	-0.985	0.152	-0.024	1535	5850
-80.816	-0.989	0.157	-0.029	1484	5857
-80.110	-0.980	0.171	-0.004	1481	5864
-79.929	-0.974	0.173	-0.005	1508	5870
-80.640	-0.979	0.158	-0.032	1490	5877
-80.700	-0.981	0.158	-0.028	1474	5883
-80.485	-0.992	0.165	-0.021	1485	5891
-81.557	-1.008	0.148	-0.019	1510	5898
-82.199	-1.010	0.134	-0.035	1534	5904
-82.431	-1.003	0.132	-0.020	1494	5911
-82.613	-0.990	0.125	-0.029	1521	5917
-83.567	-0.992	0.107	-0.031	1537	5924
-83.278	-0.979	0.115	-0.007	1537	5932
-82.954	-0.980	0.121	0.005	1505	5938
-82.564	-0.993	0.129	-0.014	1529	5945
-82.325	-1.000	0.131	-0.032	1498	5951
-82.982	-0.999	0.121	-0.021	1518	5958
-83.429	-0.984	0.112	-0.016	1525	5965
-82.970	-0.979	0.118	-0.024	1527	5971
-82.535	-0.971	0.123	-0.032	1526	5979
-82.539	-0.979	0.126	-0.023	1524	5985
-82.765	-0.981	0.121	-0.029	1498	5992
-83.185	-0.994	0.117	-0.020	1508	5999
-83.509	-0.999	0.112	-0.018	1519	6005
-84.220	-0.996	0.100	-0.016	1527	6012
-84.338	-0.995	0.099	-0.002	1487	6019
-84.334	-0.984	0.098	-0.001	1495	6026
-84.033	-0.972	0.102	-0.001	1519	6033
-83.760	-0.979	0.106	-0.011	1516	6039
-83.372	-0.982	0.112	-0.021	1511	6046
-83.087	-0.997	0.120	-0.014	1521	6052
-82.165	-1.000	0.137	-0.016	1517	6060
-82.013	-0.998	0.139	-0.020	1493	6067
-81.960	-0.998	0.139	-0.025	1493	6073
-81.355	-0.980	0.148	-0.014	1506	6080
-79.866	-0.981	0.175	-0.015	1513	6086
-79.872	-0.980	0.175	-0.011	1503	6093
-80.791	-0.994	0.161	-0.004	1502	6100
-80.871	-0.989	0.158	-0.016	1516	6107
-81.855	-0.993	0.139	-0.031	1517	6114
-82.558	-0.993	0.128	-0.021	1472	6120
-82.798	-0.992	0.125	-0.010	1504	6127
-82.295	-0.992	0.133	-0.020	1503	6134
-82.410	-0.993	0.130	-0.025	1516	6140
-82.614	-0.992	0.125	-0.030	1500	6148
-83.053	-0.997	0.121	-0.010	1521	6154
-83.494	-0.993	0.112	-0.015	1513	6161
-84.190	-0.986	0.099	-0.019	1515	6168
-83.226	-0.988	0.110	-0.040	1521	6174
-82.565	-0.977	0.124	-0.029	1494	6181
-81.838	-0.975	0.139	-0.018	1500	6188
-81.120	-0.979	0.150	-0.028	1505	6195
-80.218	-0.982	0.167	-0.028	1502	6202
-79.597	-0.986	0.180	-0.022	1490	6208
-79.804	-0.994	0.178	-0.020	1517	6215
-80.265	-0.998	0.168	-0.033	1524	6221
-81.093	-1.002	0.155	-0.023	1482	6228
-82.656	-0.999	0.128	-0.015	1489	6236
-83.448	-0.995	0.114	-0.003	1508	6242
-83.241	-0.987	0.116	-0.014	1515	6249
-81.485	-0.972	0.145	-0.017	1520	6255
-81.155	-0.967	0.149	-0.018	1531	6262
-80.472	-0.976	0.163	-0.015	1498	6269
-80.159	-0.985	0.171	-0.003	1476	6276
-80.299	-1.007	0.171	-0.021	1511	6283
-80.434	-1.018	0.166	-0.043	1517	6289
-81.407	-1.015	0.147	-0.042	1533	6296
-81.851	-0.995	0.140	-0.028	1542	6303
-82.957	-0.979	0.119	-0.021	1496	6309
-82.913	-0.968	0.120	-0.007	1515	6317
-82.882	-0.954	0.119	0.001	1515	6323
-82.500	-0.971	0.127	-0.015	1539	6330
-82.908	-0.980	0.118	-0.030	1542	6337
-82.093	-0.989	0.133	-0.035	1524	6343
-82.075	-0.990	0.137	-0.018	1534	6350
-81.723	-1.001	0.144	-0.024	1484	6356
-82.223	-0.996	0.135	-0.019	1521	6364
-82.218	-0.989	0.135	-0.011	1532	6371
-81.908	-0.988	0.140	-0.016	1542	6377
-82.194	-0.987	0.134	-0.021	1501	6384
-81.434	-0.981	0.143	-0.039	1536	6390
-81.092	-0.985	0.150	-0.035	1530	6397
-80.387	-0.978	0.160	-0.042	1553	6405
-80.322	-0.983	0.163	-0.039	1521	6411
-80.545	-0.981	0.159	-0.037	1524	6418
-80.336	-0.972	0.164	-0.021	1527	6424
-80.623	-0.973	0.159	-0.021	1500	6431
-81.444	-0.977	0.144	-0.031	1512	6438
-81.865	-0.986	0.136	-0.038	1524	6445
-81.262	-0.983	0.147	-0.033	1551	6452
-81.128	-0.985	0.150	-0.032	1529	6458
-81.146	-0.988	0.149	-0.037	1485	6465
-81.230	-0.992	0.149	-0.033	1528	6472
-81.248	-0.983	0.149	-0.024	1534	6478
-81.281	-0.985	0.148	-0.028	1545	6486
-80.150	-0.978	0.168	-0.024	1510	6492
-79.894	-0.985	0.172	-0.036	1525	6499
-79.762	-0.988	0.175	-0.036	1524	6506
-79.646	-0.985	0.177	-0.034	1510	6512
-80.249	-0.993	0.168	-0.030	1516	6519
-80.800	-0.980	0.156	-0.028	1531	6525
-81.005	-0.979	0.154	-0.014	1515	6533
-80.417	-0.978	0.165	0.001	1503	6540
-80.493	-0.980	0.164	-0.007	1490	6546
-80.483	-0.980	0.163	-0.021	1519	6553
-80.579	-0.978	0.161	-0.019	1541	6559
-81.524	-0.989	0.146	-0.017	1496	6566
-81.794	-0.997	0.143	-0.019	1516	6574
-81.790	-0.996	0.144	-0.007	1528	6580
-81.917	-0.997	0.142	-0.001	1524	6587
-80.588	-0.996	0.165	-0.005	1529	6593
-80.204	-0.991	0.169	-0.027	1506	6600
-80.002	-0.990	0.170	-0.040	1517	6607
-80.227	-0.993	0.167	-0.037	1522	6614
-79.892	-0.987	0.175	-0.021	1519	6621
-79.926	-0.980	0.173	-0.021	1488	6627
-79.817	-0.973	0.173	-0.025	1498	6634
-79.757	-0.971	0.175	-0.015	1516	6641
-80.369	-0.975	0.165	-0.011	1522	6647
-79.925	-0.985	0.175	-0.010	1514	6654
-79.199	-1.000	0.189	-0.022	1511	6661
-79.584	-1.007	0.184	-0.023	1514	6668
-80.317	-1.005	0.169	-0.029	1511	6675
-81.620	-1.004	0.146	-0.026	1499	6681
-81.302	-0.983	0.149	-0.018	1496	6688
-81.618	-0.982	0.144	-0.019	1511	6694
-81.066	-0.982	0.153	-0.019	1508	6702
-80.579	-0.978	0.161	-0.019	1510	6709
-80.350	-0.982	0.166	-0.019	1507	6715
-80.084	-0.976	0.166	-0.039	1513	6722
-79.791	-0.979	0.171	-0.043	1514	6728
-79.786	-0.974	0.172	-0.035	1502	6735
-79.757	-0.971	0.174	-0.023	1512	6743
-79.837	-0.979	0.175	-0.017	1470	6749
-80.273	-1.000	0.168	-0.034	1480	6756
-81.166	-0.997	0.153	-0.022	1477	6762
-81.030	-1.001	0.156	-0.023	1480	6769
-82.044	-0.990	0.137	-0.021	1514	6776
-82.132	-0.985	0.135	-0.020	1481	6782
-81.343	-0.964	0.146	-0.009	1496	6790
-80.782	-0.963	0.156	0.002	1497	6796
-80.328	-0.963	0.164	-0.004	1486	6803
-79.999	-0.974	0.171	-0.017	1474	6810
-81.016	-0.987	0.151	-0.038	1495	6816
-80.956	-0.984	0.150	-0.044	1484	6823
-79.924	-0.986	0.174	-0.022	1520	6830
-79.754	-0.991	0.179	-0.013	1496	6837
-79.413	-0.995	0.182	-0.040	1487	6844
-78.986	-0.995	0.192	-0.022	1479	6850
-78.953	-1.001	0.194	-0.021	1482	6857
-79.625	-0.998	0.179	-0.038	1491	6863
-79.799	-0.981	0.174	-0.031	1499	6871
-79.573	-0.972	0.178	-0.020	1505	6878
-80.476	-0.969	0.162	-0.012	1474	6884
-81.161	-0.981	0.151	-0.020	1501	6891
-80.125	-0.986	0.171	-0.017	1496	6897
-79.302	-0.984	0.183	-0.035	1478	6904
-79.627	-0.987	0.173	-0.053	1492	6912
-80.429	-0.983	0.160	-0.043	1498	6918
-81.240	-0.973	0.149	-0.012	1471	6925
-81.598	-0.975	0.144	0.011	1504	6931
-81.979	-0.966	0.136	0.010	1489	6938
-81.627	-0.976	0.144	-0.003	1496	6945
-81.141	-0.979	0.150	-0.025	1484	6951
-80.278	-0.983	0.162	-0.046	1500	6959
-79.550	-0.978	0.174	-0.048	1466	6965
-78.817	-0.985	0.190	-0.041	1486	6972
-78.858	-0.987	0.192	-0.028	1484	6979
-79.095	-0.994	0.191	-0.007	1494	6985
-79.714	-0.991	0.179	-0.021	1480	6992
-79.755	-0.989	0.178	-0.020	1483	6999
-79.426	-0.984	0.183	-0.021	1495	7006
-78.866	-0.980	0.191	-0.024	1505	7013
-78.786	-0.979	0.190	-0.038	1474	7019
-79.661	-0.977	0.172	-0.047	1453	7026
-79.293	-0.971	0.182	-0.026	1492	7032
-78.960	-0.956	0.187	-0.001	1476	7040
-78.824	-0.959	0.189	-0.002	1503	7047
-78.490	-0.974	0.198	-0.003	1499	7053
-78.393	-0.979	0.201	0.002	1484	7060
-79.161	-1.000	0.191	-0.005	1475	7066
-80.215	-1.004	0.173	-0.010	1495	7073
-80.850	-1.005	0.158	-0.034	1479	7080
-81.236	-0.998	0.147	-0.044	1499	7087
-81.432	-0.990	0.143	-0.044	1508	7094
-81.070	-0.982	0.154	-0.005	1444	7100
-80.112	-0.980	0.171	0.002	1496	7107
-79.937	-0.981	0.174	-0.011	1493	7114
-80.051	-0.980	0.169	-0.032	1493	7120
-80.033	-0.977	0.168	-0.035	1505	7128
-79.876	-0.971	0.170	-0.034	1474	7134
-79.058	-0.966	0.185	-0.028	1494	7141
-78.517	-0.968	0.195	-0.022	1528	7148
-78.442	-0.986	0.201	-0.015	1516	7154
-78.949	-1.005	0.194	-0.027	1499	7161
-79.536	-1.003	0.185	-0.016	1479	7168
-79.829	-0.992	0.178	-0.010	1488	7175
-79.855	-0.982	0.175	-0.019	1529	7182
-79.109	-0.959	0.183	-0.026	1499	7188
-78.223	-0.944	0.193	-0.037	1522	7195
-78.025	-0.958	0.202	-0.021	1501	7202
-78.147	-0.985	0.206	-0.018	1502	7208
-78.366	-1.003	0.203	-0.037	1534	7216
-78.319	-0.998	0.204	-0.030	1516	7222
-78.270	-0.998	0.203	-0.041	1518	7229
-78.709	-0.983	0.190	-0.048	1497	7235
-79.940	-0.973	0.169	-0.035	1523	7242
-80.984	-0.972	0.151	-0.029	1481	7249
-80.107	-0.966	0.168	-0.013	1522	7256
-78.930	-0.968	0.187	-0.026	1536	7263
-78.011	-0.972	0.204	-0.030	1508	7270
-78.427	-0.974	0.195	-0.040	1516	7276
-78.443	-0.975	0.197	-0.028	1507	7283
-78.211	-0.981	0.203	-0.026	1484	7289
-78.779	-0.997	0.195	-0.031	1515	7297
-79.342	-0.995	0.186	-0.025	1514	7304
-79.298	-0.983	0.186	-0.011	1504	7310
-79.398	-0.973	0.180	-0.029	1482	7317
-79.756	-0.969	0.169	-0.046	1516	7323
-80.053	-0.971	0.163	-0.049	1480	7330
-80.239	-0.971	0.162	-0.040	1524	7337
-80.020	-0.979	0.167	-0.042	1450	7344
-79.472	-0.970	0.177	-0.035	1508	7351
-78.517	-0.968	0.195	-0.022	1494	7357
-77.840	-0.964	0.207	-0.017	1501	7364
-77.648	-0.968	0.209	-0.035	1505	7371
-77.104	-0.980	0.224	-0.020	1504	7377
-76.539	-0.997	0.237	-0.025	1508	7385
-76.277	-1.008	0.241	-0.049	1512	7391
-75.816	-1.001	0.248	-0.050	1492	7398
-76.595	-0.989	0.231	-0.045	1534	7404
-77.227	-0.979	0.221	-0.024	1516	7411
-77.770	-0.971	0.210	-0.014	1508	7418
-77.959	-0.966	0.205	-0.020	1515	7425
-77.505	-0.958	0.212	-0.013	1552	7432
-77.388	-0.975	0.216	-0.031	1547	7438
-77.494	-0.982	0.211	-0.055	1464	7445
-77.844	-0.978	0.204	-0.052	1527	7452
-77.526	-0.976	0.215	-0.021	1560	7458
-77.888	-0.980	0.210	-0.014	1497	7465
-78.635	-0.981	0.193	-0.039	1501	7473
-78.588	-0.970	0.192	-0.036	1518	7479
-78.086	-0.969	0.202	-0.030	1537	7486
-77.472	-0.977	0.213	-0.042	1512	7492
-77.051	-0.987	0.224	-0.039	1487	7499
-77.180	-0.983	0.223	-0.022	1528	7506
-77.182	-0.980	0.223	-0.014	1492	7513
-77.065	-0.986	0.224	-0.036	1513	7520
-77.276	-0.976	0.217	-0.039	1484	7526
-77.143	-0.978	0.219	-0.044	1522	7533
-77.801	-0.979	0.209	-0.034	1506	7540
-78.362	-0.975	0.196	-0.042	1507	7546
-78.936	-0.978	0.186	-0.046	1479	7554
-78.201	-0.971	0.200	-0.032	1513	7560
-78.365	-0.972	0.199	-0.019	1544	7567
-78.465	-0.977	0.198	-0.021	1458	7574
-78.333	-0.979	0.198	-0.039	1481	7580
-77.476	-0.976	0.216	-0.020	1497	7587
-77.078	-0.972	0.219	-0.043	1494	7593
-78.070	-0.975	0.198	-0.056	1511	7601
-77.752	-0.963	0.206	-0.035	1488	7608
-77.253	-0.976	0.221	-0.001	1482	7614
-77.355	-0.991	0.222	-0.018	1484	7621
-77.078	-0.995	0.225	-0.041	1482	7627
-77.350	-0.989	0.219	-0.038	1508	7634
-77.285	-0.987	0.221	-0.030	1511	7642
-77.534	-0.981	0.215	-0.030	1507	7648
-77.927	-0.986	0.208	-0.035	1500	7655
-78.216	-0.977	0.201	-0.032	1493	7661
-78.268	-0.965	0.197	-0.035	1450	7668
-77.776	-0.951	0.200	-0.049	1470	7675
-77.617	-0.947	0.201	-0.053	1486	7682
-77.558	-0.951	0.203	-0.053	1493	7689
-77.522	-0.960	0.209	-0.038	1484	7695
-77.197	-0.974	0.219	-0.033	1478	7702
-77.076	-0.977	0.223	-0.025	1490	7709
-77.428	-0.984	0.219	-0.019	1478	7715
-77.925	-0.993	0.206	-0.052	1436	7723
-78.460	-0.986	0.192	-0.060	1474	7729
-78.387	-0.983	0.197	-0.044	1494	7736
-78.809	-0.975	0.190	-0.030	1480	7743
-78.813	-0.975	0.192	-0.012	1472	7749
-79.150	-0.974	0.187	-0.006	1477	7756
-79.535	-0.979	0.180	-0.020	1471	7762
-79.027	-0.980	0.189	-0.016	1457	7770
-78.597	-0.979	0.196	-0.021	1471	7777
-78.272	-0.973	0.200	-0.026	1490	7783
-77.628	-0.957	0.208	-0.028	1470	7790
-77.761	-0.967	0.206	-0.039	1486	7796
-78.812	-0.953	0.187	-0.027	1441	7803
-79.108	-0.958	0.184	-0.017	1471	7811
-79.233	-0.977	0.186	-0.008	1501	7817
-78.461	-0.993	0.201	-0.025	1476	7824
-77.033	-1.002	0.228	-0.038	1477	7830
-76.366	-1.007	0.240	-0.044	1463	7837
-75.776	-0.997	0.246	-0.058	1473	7844
-76.251	-0.992	0.235	-0.060	1499	7851
-76.738	-0.969	0.222	-0.055	1433	7858
-77.745	-0.953	0.200	-0.053	1486	7864
-77.600	-0.947	0.206	-0.030	1476	7871
-77.272	-0.951	0.214	-0.021	1501	7878
-76.924	-0.963	0.221	-0.036	1446	7884
-76.197	-0.964	0.233	-0.040	1486	7891
-75.931	-0.963	0.238	-0.038	1457	7898
-75.793	-0.974	0.241	-0.051	1493	7905
-76.225	-0.977	0.235	-0.044	1488	7912
-77.113	-0.986	0.224	-0.030	1451	7918
-77.563	-0.992	0.216	-0.036	1474	7925
-77.477	-0.982	0.216	-0.032	1495	7931
-76.902	-0.970	0.225	-0.021	1522	7939
-76.320	-0.952	0.227	-0.049	1433	7946
-76.835	-0.960	0.218	-0.055	1465	7952
-77.524	-0.969	0.211	-0.038	1516	7959
-78.338	-0.977	0.200	-0.023	1470	7965
-78.881	-0.984	0.190	-0.034	1489	7972
-78.523	-0.976	0.193	-0.043	1471	7980
-77.894	-0.972	0.205	-0.037	1475	7986
-77.049	-0.962	0.217	-0.044	1518	7993
-76.218	-0.967	0.234	-0.036	1507	7999
-75.825	-0.970	0.244	-0.020	1472	8006
-76.476	-0.979	0.233	-0.030	1491	8013
-76.608	-0.983	0.232	-0.028	1479	8019
-77.590	-0.985	0.215	-0.029	1489	8027
-77.942	-0.985	0.206	-0.043	1459	8033
-77.760	-0.971	0.205	-0.048	1453	8040
-77.045	-0.954	0.215	-0.045	1490	8046
-77.252	-0.966	0.216	-0.034	1452	8053
-77.260	-0.957	0.216	-0.016	1504	8060
-77.191	-0.953	0.216	-0.020	1518	8067
-77.141	-0.954	0.216	-0.029	1532	8074
-76.902	-0.974	0.224	-0.036	1498	8080
-76.359	-0.984	0.235	-0.041	1485	8087
-75.452	-0.995	0.252	-0.057	1458	8094
-75.181	-0.993	0.258	-0.051	1467	8100
-74.923	-0.986	0.262	-0.046	1461	8108
-74.802	-0.972	0.260	-0.047	1511	8115
-75.714	-0.959	0.237	-0.058	1509	8121
-76.134	-0.954	0.232	-0.038	1509	8128
-76.803	-0.954	0.222	-0.030	1521	8134
-76.951	-0.971	0.223	-0.032	1516	8141
-76.914	-0.977	0.226	-0.025	1492	8148
-76.842	-0.977	0.228	-0.019	1460	8155
-76.934	-0.979	0.227	-0.019	1479	8162
-77.221	-0.983	0.221	-0.032	1488	8168
-77.364	-0.966	0.209	-0.057	1514	8175
-77.343	-0.952	0.205	-0.061	1530	8182
-77.655	-0.949	0.205	-0.033	1489	8188
-76.862	-0.955	0.223	-0.011	1500	8196
-76.057	-0.974	0.241	-0.016	1471	8202
-76.139	-0.987	0.242	-0.026	1492	8209
-76.482	-0.995	0.235	-0.043	1497	8216
-76.216	-1.004	0.236	-0.069	1486	8222
-75.757	-0.988	0.242	-0.065	1477	8229
-75.313	-0.964	0.247	-0.053	1508	8236
-74.560	-0.936	0.257	-0.028	1514	8243
-74.252	-0.936	0.264	-0.009	1477	8250
-74.359	-0.943	0.263	-0.027	1515	8256
-75.185	-0.963	0.252	-0.037	1422	8263
-76.006	-0.981	0.243	-0.026	1490	8269
-76.704	-0.982	0.229	-0.035	1543	8276
-76.663	-0.978	0.228	-0.044	1508	8284
-76.377	-0.978	0.229	-0.063	1525	8290
-77.081	-0.972	0.216	-0.056	1419	8297
-78.333	-0.960	0.194	-0.039	1493	8303
-79.154	-0.969	0.183	-0.033	1539	8310
-78.871	-0.968	0.187	-0.038	1518	8317
-78.090	-0.966	0.198	-0.047	1519	8324
-76.623	-0.953	0.220	-0.056	1469	8331
-75.801	-0.951	0.237	-0.040	1454	8337
-75.631	-0.955	0.241	-0.041	1474	8344
-74.890	-0.957	0.256	-0.036	1484	8351
-75.098	-0.971	0.255	-0.042	1488	8357
-75.162	-0.975	0.254	-0.047	1517	8365
-75.445	-0.977	0.251	-0.036	1490	8371
-76.023	-0.979	0.239	-0.047	1521	8378
-76.572	-0.972	0.229	-0.040	1423	8385
-76.729	-0.963	0.227	-0.016	1475	8391
-76.720	-0.960	0.227	0.001	1510	8398
-76.611	-0.964	0.229	-0.021	1495	8404
-77.054	-0.954	0.216	-0.039	1482	8412
-76.541	-0.952	0.226	-0.032	1472	8419
-76.177	-0.965	0.236	-0.022	1486	8425
-75.922	-0.979	0.242	-0.041	1511	8432
-75.485	-0.985	0.250	-0.051	1504	8438
-75.434	-0.978	0.248	-0.055	1470	8445
-75.394	-0.970	0.249	-0.043	1487	8453
-75.172	-0.961	0.252	-0.035	1517	8459
-74.298	-0.960	0.268	-0.035	1437	8466
-73.633	-0.968	0.278	-0.058	1495	8472
-73.381	-0.976	0.284	-0.063	1469	8479
-73.773	-0.978	0.280	-0.049	1514	8486
-74.980	-0.977	0.258	-0.047	1492	8493
-75.654	-0.962	0.244	-0.030	1468	8500
-76.152	-0.947	0.232	-0.022	1526	8506
-76.361	-0.948	0.229	-0.017	1473	8513
-75.489	-0.956	0.247	-0.014	1449	8520
-75.367	-0.975	0.251	-0.042	1521	8526
-74.606	-0.973	0.264	-0.047	1510	8534
-74.714	-0.966	0.260	-0.047	1530	8540
-74.182	-0.956	0.267	-0.048	1464	8547
-73.662	-0.945	0.273	-0.045	1483	8554
-74.211	-0.952	0.266	-0.044	1534	8560
-74.217	-0.965	0.272	-0.012	1494	8567
-74.730	-0.977	0.267	0.001	1481	8574
-75.659	-0.982	0.251	-0.010	1496	8581
-75.602	-0.979	0.251	-0.011	1503	8588
-75.846	-0.978	0.246	-0.015	1526	8594
-75.751	-0.969	0.244	-0.030	1504	8601
-75.398	-0.955	0.243	-0.053	1515	8608
-75.017	-0.945	0.248	-0.050	1488	8614
-74.749	-0.947	0.256	-0.035	1508	8622
-76.189	-0.973	0.237	-0.029	1496	8628
-76.550	-0.986	0.233	-0.034	1480	8635
-77.008	-0.988	0.226	-0.033	1516	8642
-76.462	-0.972	0.231	-0.034	1485	8648
-76.443	-0.954	0.225	-0.050	1477	8655
-75.289	-0.935	0.238	-0.059	1525	8662
-74.769	-0.931	0.248	-0.052	1482	8669
-74.698	-0.948	0.256	-0.043	1529	8676
-74.627	-0.969	0.263	-0.044	1506	8682
-74.214	-0.976	0.273	-0.036	1521	8689
-73.689	-0.984	0.286	-0.033	1505	8695
-73.952	-0.978	0.278	-0.040	1511	8702
-74.259	-0.972	0.269	-0.054	1485	8710
-74.044	-0.960	0.269	-0.057	1525	8716
-74.234	-0.942	0.262	-0.048	1509	8723
-73.906	-0.943	0.268	-0.050	1499	8729
-73.600	-0.939	0.273	-0.041	1494	8736
-73.421	-0.930	0.274	-0.036	1512	8743
-73.932	-0.937	0.268	-0.034	1488	8750
-74.425	-0.955	0.261	-0.054	1511	8757
-75.277	-0.973	0.252	-0.043	1500	8763
-74.896	-0.975	0.262	-0.026	1528	8770
-74.823	-0.965	0.259	-0.039	1498	8777
-74.438	-0.955	0.258	-0.065	1485	8783
-74.233	-0.958	0.262	-0.068	1533	8791
-73.607	-0.955	0.275	-0.056	1466	8797
-73.279	-0.961	0.284	-0.051	1462	8804
-73.736	-0.975	0.280	-0.048	1495	8811
-73.730	-0.966	0.279	-0.038	1505	8817
-73.922	-0.952	0.271	-0.040	1522	8824
-72.902	-0.937	0.283	-0.053	1497	8830
-72.613	-0.925	0.284	-0.056	1532	8838
-71.673	-0.925	0.304	-0.040	1531	8845
-72.199	-0.942	0.302	-0.022	1507	8851
-73.839	-0.968	0.279	-0.025	1471	8858
-75.038	-0.980	0.259	-0.041	1493	8864
-75.844	-0.987	0.245	-0.044	1517	8871
-75.671	-0.986	0.250	-0.031	1497	8879
-74.665	-0.973	0.265	-0.033	1519	8885
-73.047	-0.958	0.288	-0.048	1487	8892
-72.485	-0.958	0.299	-0.046	1508	8898
-72.799	-0.947	0.291	-0.036	1495	8905
-73.334	-0.953	0.282	-0.042	1500	8912
-74.162	-0.962	0.266	-0.063	1522	8919
-74.623	-0.970	0.259	-0.064	1459	8926
-73.416	-0.953	0.280	-0.045	1486	8932
-72.596	-0.938	0.291	-0.043	1537	8939
-71.682	-0.924	0.304	-0.036	1489	8946
-72.286	-0.916	0.292	-0.019	1543	8952
-73.693	-0.929	0.271	-0.011	1483	8960
-75.016	-0.950	0.254	-0.015	1491	8967
-75.148	-0.966	0.256	-0.012	1529	8973
-75.338	-0.980	0.256	-0.019	1532	8980
-74.888	-0.981	0.263	-0.035	1530	8986
-74.923	-0.975	0.260	-0.038	1467	8993
-75.311	-0.961	0.251	-0.021	1511	9000
-76.251	-0.951	0.231	-0.024	1538	9007
-75.891	-0.959	0.239	-0.029	1467	9014
-75.287	-0.960	0.249	-0.039	1508	9020
-74.168	-0.949	0.267	-0.037	1455	9027
-73.715	-0.950	0.273	-0.048	1470	9034
-73.111	-0.950	0.279	-0.072	1525	9040
-72.846	-0.957	0.285	-0.077	1487	9048
-72.572	-0.950	0.291	-0.065	1538	9054
-72.991	-0.953	0.289	-0.038	1564	9061
-72.629	-0.954	0.295	-0.046	1493	9068
-72.302	-0.960	0.302	-0.053	1534	9074
-71.560	-0.954	0.312	-0.060	1511	9081
-70.397	-0.957	0.336	-0.058	1507	9088
-70.761	-0.954	0.328	-0.057	1507	9095
-71.351	-0.945	0.315	-0.048	1502	9102
-72.522	-0.939	0.294	-0.033	1506	9108
-73.924	-0.931	0.266	-0.037	1472	9115
-75.288	-0.940	0.243	-0.043	1490	9121
-76.000	-0.933	0.229	-0.043	1531	9128
-75.370	-0.938	0.242	-0.035	1496	9136
-74.246	-0.935	0.261	-0.039	1492	9142
-71.996	-0.950	0.306	-0.044	1537	9149
-71.107	-0.967	0.329	-0.034	1501	9155
-70.041	-0.974	0.351	-0.046	1484	9162
-69.785	-0.968	0.354	-0.045	1514	9169
-69.723	-0.961	0.353	-0.042	1544	9176
-69.125	-0.942	0.356	-0.046	1529	9183
-68.860	-0.933	0.357	-0.048	1553	9189
-69.707	-0.931	0.342	-0.040	1521	9196
-70.548	-0.944	0.333	-0.019	1517	9203
-71.021	-0.954	0.328	-0.002	1578	9209
-71.320	-0.956	0.323	0.000	1481	9217
-72.571	-0.965	0.302	-0.026	1560	9223
-73.789	-0.953	0.273	-0.045	1582	9230
-74.268	-0.951	0.266	-0.035	1546	9237
-74.450	-0.949	0.260	-0.048	1571	9243
-75.263	-0.952	0.247	-0.041	1596	9250
-75.570	-0.956	0.244	-0.030	1587	9256
-75.617	-0.955	0.243	-0.029	1523	9264
-75.200	-0.945	0.248	-0.029	1591	9271
-75.736	-0.949	0.236	-0.049	1582	9277
-75.761	-0.941	0.235	-0.041	1605	9284
-75.103	-0.951	0.249	-0.045	1538	9290
-73.988	-0.944	0.266	-0.054	1565	9297
-72.062	-0.931	0.296	-0.057	1584	9305
-71.076	-0.919	0.309	-0.063	1514	9311
-70.515	-0.927	0.322	-0.061	1523	9318
-70.304	-0.952	0.336	-0.058	1565	9324
-70.225	-0.963	0.344	-0.041	1593	9331
-69.816	-0.975	0.356	-0.036	1510	9338
-69.056	-0.968	0.366	-0.056	1532	9345
-68.744	-0.955	0.368	-0.050	1602	9352
-69.098	-0.951	0.360	-0.046	1513	9358
-69.833	-0.952	0.347	-0.046	1515	9365
-70.360	-0.944	0.333	-0.052	1552	9372
-71.902	-0.938	0.305	-0.035	1564	9378
-73.119	-0.941	0.284	-0.029	1502	9385
-74.746	-0.950	0.256	-0.041	1466	9392
-75.154	-0.948	0.249	-0.034	1527	9399
-74.973	-0.938	0.250	-0.031	1521	9406
-75.109	-0.937	0.247	-0.031	1519	9412
-74.684	-0.925	0.244	-0.067	1528	9419
-73.428	-0.914	0.266	-0.059	1470	9425
-73.275	-0.907	0.269	-0.047	1481	9433
-73.431	-0.918	0.268	-0.055	1540	9440
-72.223	-0.940	0.293	-0.071	1513	9446
-70.491	-0.933	0.321	-0.077	1538	9453
-69.643	-0.938	0.340	-0.074	1482	9459
-68.993	-0.934	0.354	-0.060	1525	9466
-68.792	-0.951	0.364	-0.060	1508	9474
-69.307	-0.957	0.359	-0.039	1542	9480
-70.071	-0.967	0.350	-0.025	1504	9487
-70.128	-0.949	0.343	-0.015	1464	9493
-70.301	-0.930	0.330	-0.043	1495	9500
-70.256	-0.919	0.327	-0.042	1484	9507
-69.221	-0.915	0.344	-0.049	1531	9513
-68.783	-0.919	0.353	-0.055	1552	9521
-69.138	-0.937	0.353	-0.056	1452	9527
-69.264	-0.951	0.355	-0.058	1464	9534
-69.449	-0.950	0.354	-0.044	1468	9541
-69.465	-0.953	0.355	-0.033	1520	9547
-69.366	-0.946	0.354	-0.036	1431	9554
-70.210	-0.937	0.334	-0.045	1540	9561
-70.531	-0.938	0.329	-0.039	1471	9568
-70.230	-0.939	0.337	-0.022	1480	9575
-70.873	-0.961	0.330	-0.046	1466	9581
-70.560	-0.954	0.334	-0.043	1486	9588
-70.340	-0.950	0.336	-0.049	1489	9594
-70.021	-0.947	0.343	-0.033	1476	9602
-70.502	-0.941	0.333	-0.015	1468	9609
-70.085	-0.922	0.334	0.001	1445	9615
-69.752	-0.916	0.338	-0.001	1539	9622
-68.411	-0.898	0.355	0.006	1436	9628
-68.725	-0.898	0.350	-0.013	1451	9635
-68.523	-0.918	0.360	-0.024	1486	9643
-68.164	-0.940	0.374	-0.046	1446	9649
-67.564	-0.956	0.392	-0.050	1409	9656
-68.007	-0.963	0.387	-0.041	1471	9662
-69.012	-0.971	0.370	-0.041	1432	9669
-69.905	-0.953	0.344	-0.059	1501	9676
-72.042	-0.947	0.301	-0.062	1475	9682
-73.084	-0.938	0.277	-0.067	1503	9690
-73.582	-0.936	0.265	-0.077	1376	9696
-75.597	-0.933	0.233	-0.054	1432	9703
-76.029	-0.933	0.229	-0.034	1483	9710
-75.275	-0.925	0.242	-0.021	1415	9716
-73.733	-0.914	0.265	-0.033	1497	9723
-72.310	-0.896	0.283	-0.037	1473	9730
-69.334	-0.883	0.329	-0.051	1453	9737
-67.509	-0.890	0.364	-0.055	1397	9744
-67.061	-0.920	0.387	-0.045	1467	9750
-66.092	-0.941	0.416	-0.033	1501	9757
-65.481	-0.960	0.436	-0.045	1450	9763
-65.654	-0.964	0.432	-0.063	1495	9771
-66.365	-0.936	0.403	-0.070	1463	9778
-66.436	-0.923	0.396	-0.069	1455	9784
-67.169	-0.922	0.379	-0.084	1422	9791
-67.857	-0.929	0.373	-0.061	1476	9797
-69.394	-0.944	0.352	-0.050	1413	9804
-71.256	-0.953	0.322	-0.027	1477	9811
-72.421	-0.942	0.298	-0.021	1468	9818
-72.080	-0.906	0.290	-0.042	1462	9825
-71.489	-0.887	0.284	-0.086	1461	9831
-70.603	-0.854	0.280	-0.109	1521	9838
-70.563	-0.859	0.279	-0.118	1502	9845
-71.280	-0.870	0.273	-0.110	1446	9851
-72.089	-0.901	0.282	-0.072	1426	9859
-71.377	-0.924	0.308	-0.048	1479	9865
-70.728	-0.946	0.329	-0.034	1416	9872
-68.163	-0.933	0.372	-0.035	1473	9879
-66.058	-0.916	0.402	-0.060	1410	9885
-63.818	-0.901	0.435	-0.087	1527	9892
-62.450	-0.897	0.457	-0.102	1471	9899
-62.615	-0.912	0.466	-0.079	1448	9906
-62.670	-0.930	0.476	-0.068	1445	9912
-63.120	-0.935	0.472	-0.044	1515	9919
-62.836	-0.937	0.479	-0.032	1448	9926
-63.589	-0.943	0.468	-0.026	1457	9932
-64.820	-0.956	0.448	-0.033	1462	9939
-64.969	-0.939	0.438	-0.032	1490	9946
-64.982	-0.898	0.418	-0.033	1474	9953
-67.267	-0.882	0.367	-0.041	1518	9960
-69.074	-0.870	0.331	-0.033	1511	9966
-70.245	-0.869	0.312	-0.020	1458	9973
-71.090	-0.887	0.304	-0.006	1502	9979
-71.194	-0.903	0.308	-0.001	1479	9987
-70.857	-0.923	0.320	-0.004	1444	9994
-71.167	-0.936	0.318	-0.021	1424	10000
-69.589	-0.928	0.343	-0.041	1444	10007
-68.305	-0.915	0.353	-0.091	1515	10014
-67.236	-0.910	0.368	-0.102	1534	10020
-65.935	-0.886	0.383	-0.100	1469	10028
-65.439	-0.888	0.396	-0.086	1490	10034
-65.503	-0.887	0.402	-0.037	1499	10041
-65.531	-0.894	0.405	-0.033	1518	10048
-65.095	-0.895	0.414	-0.032	1422	10054
-64.430	-0.881	0.420	-0.036	1553	10061
-63.631	-0.882	0.434	-0.056	1507	10068
-62.578	-0.890	0.456	-0.071	1461	10075
-61.893	-0.888	0.470	-0.064	1496	10082
-61.691	-0.889	0.477	-0.045	1431	10089
-62.398	-0.891	0.465	-0.027	1494	10095
-65.734	-0.910	0.409	-0.030	1480	10102
-67.360	-0.915	0.381	-0.024	1435	10109
-69.026	-0.927	0.354	-0.023	1483	10116
-68.613	-0.921	0.359	-0.030	1526	10123
-66.952	-0.906	0.384	-0.037	1420	10129
-64.958	-0.887	0.413	-0.031	1516	10136
-62.980	-0.882	0.448	-0.036	1487	10143
-62.224	-0.883	0.463	-0.044	1529	10149
-62.375	-0.880	0.459	-0.037	1413	10157
-62.559	-0.882	0.456	-0.041	1462	10164
-63.394	-0.894	0.444	-0.054	1477	10170
-63.936	-0.895	0.434	-0.059	1484	10177
-63.722	-0.895	0.438	-0.061	1518	10184
-63.144	-0.889	0.446	-0.058	1462	10190
-63.414	-0.871	0.433	-0.054	1458	10198
-64.864	-0.867	0.403	-0.054	1531	10205
-66.542	-0.871	0.376	-0.039	1458	10211
-67.753	-0.881	0.358	-0.037	1457	10218
-69.541	-0.891	0.330	-0.038	1484	10225
-70.501	-0.875	0.310	-0.013	1457	10231
-70.079	-0.857	0.311	-0.011	1454	10238
-68.996	-0.843	0.323	-0.015	1450	10245
-65.826	-0.835	0.373	-0.036	1479	10252
-64.077	-0.838	0.403	-0.057	1474	10259
-63.670	-0.863	0.421	-0.073	1468	10265
-62.657	-0.873	0.448	-0.054	1494	10272
-61.765	-0.888	0.474	-0.054	1439	10279
-61.140	-0.895	0.489	-0.061	1452	10286
-60.780	-0.892	0.494	-0.067	1408	10293
-60.721	-0.865	0.483	-0.041	1421	10300
-60.800	-0.821	0.459	-0.003	1436	10306
-59.654	-0.779	0.456	-0.013	1438	10313
-58.284	-0.732	0.450	-0.047	1445	10320
-59.386	-0.714	0.405	-0.119	1464	10327
-59.368	-0.715	0.391	-0.163	1451	10334
-61.393	-0.740	0.377	-0.145	1454	10340
-64.955	-0.770	0.348	-0.092	1460	10347
-66.513	-0.803	0.349	-0.012	1466	10354
-67.921	-0.842	0.340	0.033	1471	10360
-69.705	-0.891	0.327	0.038	1463	10368
-69.301	-0.910	0.341	0.046	1463	10375
-67.829	-0.906	0.365	0.055	1466	10381
-64.890	-0.881	0.411	0.037	1468	10388
-62.225	-0.842	0.443	0.002	1478	10395
-58.736	-0.786	0.477	-0.026	1485	10401
-54.873	-0.725	0.507	-0.055	1490	10408
-51.686	-0.692	0.544	-0.059	1499	10415
-50.355	-0.681	0.562	-0.053	1503	10422
-50.124	-0.694	0.579	-0.033	1508	10429
-51.433	-0.730	0.582	-0.021	1509	10435
-53.394	-0.772	0.572	-0.042	1509	10442
-57.064	-0.838	0.541	-0.044	1518	10449
-61.007	-0.863	0.476	-0.052	1522	10456
-64.558	-0.892	0.418	-0.072	1526	10463
-67.251	-0.886	0.365	-0.067	1528	10470
-69.007	-0.856	0.324	-0.054	1523	10476
-70.286	-0.835	0.299	-0.015	1518	10483
-71.454	-0.795	0.267	0.007	1510	10490
-71.176	-0.764	0.259	0.028	1507	10497
-70.073	-0.729	0.264	0.021	1511	10504
-69.049	-0.684	0.262	0.003	1511	10510
-66.966	-0.658	0.279	-0.018	1509	10517
-64.825	-0.638	0.296	-0.048	1507	10524
-61.971	-0.628	0.329	-0.059	1505	10530
-58.387	-0.618	0.377	-0.052	1502	10537
-54.876	-0.610	0.428	-0.037	1501	10545
-51.486	-0.603	0.479	-0.005	1501	10551
-49.227	-0.596	0.514	0.006	1484	10558
-48.226	-0.595	0.531	0.004	1481	10565
-48.055	-0.596	0.535	-0.014	1486	10571
-48.643	-0.600	0.527	-0.022	1487	10578
-49.829	-0.595	0.502	-0.011	1484	10585
-49.242	-0.559	0.481	0.002	1481	10592
-47.979	-0.512	0.461	0.012	1487	10599
-46.605	-0.498	0.471	0.014	1470	10605
-48.620	-0.492	0.434	0.005	1474	10612
-52.702	-0.500	0.381	0.003	1505	10619
-57.318	-0.515	0.330	0.008	1524	10626
-60.578	-0.521	0.293	0.019	1534	10633
-64.413	-0.504	0.239	0.031	1540	10639
-74.535	-0.487	0.135	-0.004	1558	10646
-77.844	-0.485	0.079	-0.068	1541	10653
-79.354	-0.449	0.009	-0.084	1524	10659
-82.075	-0.366	-0.049	-0.015	1497	10667
-73.427	-0.276	-0.041	0.071	1463	10674
-39.522	-0.193	-0.002	0.234	1464	10680
-19.883	-0.144	0.059	0.393	1490	10687
-14.055	-0.135	0.117	0.525	1514	10694
-5.985	-0.078	0.348	0.659	1531	10700
-17.341	-0.249	0.516	0.608	1546	10707
-19.483	-0.276	0.646	0.438	1558	10714
-14.869	-0.275	0.963	0.386	1571	10721
-11.563	-0.269	1.301	0.176	1576	10728
-45.009	-2.000	1.999	0.037	1574	10734
-12.774	-0.468	1.999	0.511	1577	10741
-2.912	-0.103	1.999	0.262	1596	10747
11.697	0.415	1.999	-0.151	1624	10755
-20.015	-0.827	1.999	-1.077	1626	10762
-25.529	-1.119	1.999	-1.223	1626	10768
-9.392	-0.337	1.999	-0.391	1635	10775
-2.059	-0.061	1.681	0.109	1625	10781
4.341	0.112	1.341	0.625	1604	10788
-6.585	-0.127	0.926	0.594	1596	10796
8.018	0.162	0.960	0.635	1582	10802
12.493	0.286	1.150	0.587	1564	10809
5.414	0.128	1.279	0.431	1544	10815
8.562	0.197	1.251	0.390	1532	10822
15.862	0.407	1.391	0.347	1528	10828
18.412	0.607	1.764	0.468	1528	10835
19.407	0.728	1.999	0.519	1531	10843
20.024	0.754	1.999	0.532	1532	10849
20.816	0.741	1.888	0.487	1535	10856
19.011	0.604	1.693	0.448	1544	10862
17.783	0.489	1.477	0.383	1545	10869
14.361	0.356	1.334	0.398	1545	10876
8.470	0.195	1.225	0.470	1551	10883
8.292	0.159	1.042	0.327	1567	10890
-3.971	-0.071	1.004	0.216	1576	10896
-12.359	-0.207	0.931	0.163	1578	10903
-16.531	-0.264	0.886	0.068	1576	10910
-23.847	-0.327	0.714	0.195	1568	10916
-29.597	-0.363	0.608	0.197	1565	10924
-36.540	-0.365	0.489	0.060	1561	10930
-34.831	-0.380	0.546	0.008	1563	10937
-28.713	-0.341	0.622	0.012	1561	10944
-23.505	-0.281	0.646	-0.016	1555	10950
-18.996	-0.237	0.688	-0.034	1557	10957
-17.158	-0.207	0.665	-0.086	1556	10963
-13.985	-0.165	0.655	-0.099	1558	10971
-12.255	-0.168	0.767	-0.102	1536	10978
-12.979	-0.185	0.789	-0.137	1543	10984
-13.460	-0.197	0.816	-0.113	1546	10991
-15.339	-0.228	0.822	-0.109	1545	10998
-18.652	-0.288	0.852	-0.057	1548	11004
-21.980	-0.346	0.856	-0.011	1552	11012
-26.174	-0.426	0.866	0.012	1563	11018
-27.625	-0.487	0.930	0.052	1569	11025
-25.776	-0.448	0.913	0.167	1577	11032
-24.739	-0.442	0.941	0.188	1581	11038
-26.150	-0.459	0.915	0.191	1580	11045
-20.009	-0.385	1.023	0.263	1585	11052
-17.665	-0.332	0.997	0.305	1584	11059
-15.130	-0.304	1.069	0.344	1582	11066
-9.732	-0.213	1.166	0.426	1577	11072
-14.013	-0.312	1.201	0.354	1579	11079
-12.325	-0.242	1.061	0.322	1580	11085
-9.274	-0.177	1.054	0.248	1578	11092
-10.737	-0.212	1.101	0.194	1579	11100
-9.927	-0.187	1.051	0.209	1576	11106
-7.911	-0.137	0.970	0.166	1564	11113
-6.633	-0.116	0.988	0.148	1560	11119
-4.894	-0.088	1.019	0.128	1549	11126
-6.732	-0.121	1.015	0.151	1541	11132
-6.826	-0.125	1.030	0.170	1535	11140
-7.511	-0.135	1.004	0.192	1526	11147
-8.038	-0.137	0.950	0.186	1514	11153
-7.397	-0.125	0.946	0.178	1512	11160
-8.975	-0.160	0.998	0.180	1507	11166
-8.919	-0.157	0.987	0.170	1500	11173
-7.052	-0.120	0.954	0.181	1495	11180
-6.587	-0.111	0.948	0.174	1488	11187
-7.095	-0.125	0.990	0.167	1483	11194
-7.278	-0.130	1.001	0.180	1477	11200
-6.553	-0.118	1.010	0.196	1468	11207
-7.100	-0.128	1.004	0.217	1464	11213
-7.260	-0.131	1.003	0.222	1462	11220
-7.386	-0.134	1.006	0.231	1459	11227
-6.852	-0.125	1.008	0.258	1456	11234
-7.277	-0.133	1.007	0.261	1451	11240
-7.619	-0.139	1.004	0.259	1451	11247
-7.921	-0.144	1.001	0.250	1452	11254
-8.218	-0.147	0.991	0.245	1450	11260
-7.987	-0.145	0.999	0.251	1448	11268
-7.950	-0.144	0.998	0.246	1447	11274
-7.631	-0.137	0.993	0.234	1451	11281
-7.518	-0.135	0.994	0.233	1453	11287
-7.554	-0.135	0.992	0.220	1455	11294
-8.046	-0.142	0.978	0.219	1453	11301
-8.233	-0.145	0.975	0.219	1453	11308
-8.761	-0.152	0.967	0.206	1457	11315
-9.422	-0.163	0.961	0.206	1456	11321
-9.589	-0.166	0.962	0.201	1456	11328
-9.698	-0.168	0.964	0.192	1455	11334
-9.763	-0.168	0.956	0.197	1455	11341
-9.838	-0.169	0.954	0.197	1457	11348
-9.787	-0.168	0.952	0.204	1456	11355
-10.177	-0.174	0.948	0.196	1458	11362
-10.287	-0.177	0.954	0.195	1457	11368
-10.195	-0.175	0.952	0.195	1459	11375
-10.144	-0.174	0.953	0.188	1459	11382
-10.187	-0.174	0.947	0.196	1455	11388
-10.420	-0.179	0.952	0.194	1452	11396
-10.318	-0.176	0.944	0.201	1458	11402
-9.906	-0.169	0.947	0.196	1461	11409
-10.249	-0.175	0.947	0.193	1462	11416
-9.773	-0.167	0.948	0.202	1461	11422
-9.572	-0.164	0.950	0.209	1460	11429
-10.157	-0.175	0.954	0.204	1458	11436
-10.831	-0.189	0.969	0.205	1459	11443
-7.244	-0.128	0.974	0.255	1459	11450
-7.460	-0.132	0.979	0.237	1459	11456
-7.776	-0.138	0.980	0.235	1461	11463
-7.857	-0.141	0.991	0.236	1461	11469
-7.726	-0.138	0.986	0.239	1462	11476
-7.824	-0.141	0.992	0.251	1461	11483
-7.527	-0.136	0.994	0.259	1461	11490
-6.868	-0.124	0.996	0.261	1463	11497
-7.190	-0.130	0.998	0.253	1464	11503
-7.293	-0.131	0.991	0.251	1465	11510
-7.024	-0.126	0.993	0.243	1466	11516
-7.315	-0.131	0.987	0.254	1469	11524
-7.372	-0.131	0.982	0.240	1470	11530
-7.663	-0.137	0.986	0.244	1472	11537
-7.640	-0.136	0.984	0.234	1473	11544
-7.641	-0.135	0.978	0.231	1474	11550
-7.936	-0.140	0.975	0.231	1473	11557
-8.189	-0.145	0.979	0.227	1474	11564
-8.366	-0.146	0.970	0.228	1476	11571
-8.083	-0.143	0.978	0.229	1477	11577
-8.521	-0.150	0.979	0.224	1478	11584
-8.327	-0.146	0.970	0.219	1479	11591
-8.278	-0.145	0.970	0.216	1479	11597
-8.419	-0.147	0.973	0.216	1474	11604
-8.643	-0.150	0.967	0.210	1477	11611
-8.668	-0.151	0.971	0.209	1479	11618
-8.493	-0.148	0.973	0.205	1480	11624
-8.781	-0.152	0.965	0.204	1477	11631
-9.041	-0.156	0.963	0.192	1477	11638
-9.213	-0.159	0.961	0.199	1478	11644
-9.398	-0.162	0.961	0.189	1476	11652
-9.082	-0.156	0.958	0.194	1481	11658
-9.398	-0.161	0.956	0.184	1483	11665
-9.315	-0.159	0.953	0.183	1483	11671
-9.449	-0.164	0.967	0.192	1479	11678
-9.052	-0.156	0.961	0.196	1484	11684
-9.048	-0.157	0.969	0.190	1484	11692
-9.095	-0.157	0.963	0.193	1485	11699
-8.998	-0.156	0.969	0.187	1485	11705
-8.698	-0.151	0.970	0.196	1485	11712
-8.640	-0.150	0.971	0.193	1487	11718
-8.822	-0.153	0.970	0.188	1486	11725
-8.668	-0.150	0.968	0.191	1488	11731
-8.739	-0.152	0.972	0.195	1490	11739
-8.557	-0.148	0.968	0.191	1490	11746
-8.719	-0.152	0.975	0.192	1491	11752
-8.480	-0.148	0.979	0.184	1491	11759
-8.532	-0.148	0.972	0.187	1492	11765
-8.586	-0.149	0.972	0.187	1493	11772
-8.271	-0.144	0.968	0.196	1492	11779
-8.260	-0.144	0.970	0.193	1492	11786
-8.608	-0.150	0.973	0.202	1495	11792
-8.445	-0.147	0.973	0.201	1496	11799
-8.185	-0.143	0.972	0.196	1502	11806
-8.433	-0.147	0.974	0.203	1508	11812
-8.320	-0.145	0.968	0.200	1513	11820
-8.382	-0.146	0.967	0.201	1517	11826
-8.181	-0.143	0.970	0.208	1520	11833
-8.485	-0.147	0.968	0.201	1524	11839
-8.772	-0.153	0.973	0.203	1525	11846
-8.779	-0.153	0.974	0.194	1528	11853
-8.316	-0.146	0.973	0.212	1524	11859
-8.700	-0.152	0.976	0.198	1526	11867
-8.453	-0.148	0.978	0.205	1530	11873
-8.561	-0.149	0.972	0.202	1531	11880
-8.165	-0.143	0.971	0.213	1532	11886
-8.370	-0.146	0.975	0.203	1533	11893
-8.452	-0.147	0.971	0.206	1533	11900
-8.736	-0.153	0.975	0.214	1532	11907
-8.669	-0.151	0.970	0.213	1532	11914
-8.868	-0.155	0.972	0.215	1532	11920
-8.229	-0.144	0.972	0.203	1531	11927
-8.334	-0.146	0.977	0.215	1531	11933
-8.132	-0.143	0.975	0.214	1528	11940
-8.488	-0.148	0.973	0.208	1526	11948
-8.310	-0.146	0.974	0.211	1529	11954
-8.381	-0.146	0.973	0.206	1529	11961
-8.652	-0.150	0.967	0.205	1528	11967
-8.661	-0.150	0.966	0.205	1527	11974
-8.923	-0.156	0.974	0.206	1524	11980
-9.094	-0.158	0.967	0.205	1524	11987
-8.818	-0.153	0.967	0.205	1521	11994
-9.147	-0.158	0.962	0.200	1522	12001
-8.740	-0.151	0.964	0.201	1521	12008
-8.884	-0.154	0.967	0.199	1521	12014
-8.619	-0.150	0.971	0.205	1521	12021
-8.381	-0.146	0.972	0.211	1521	12027
-8.548	-0.149	0.972	0.210	1520	12035
-8.193	-0.144	0.974	0.215	1519	12041
-8.299	-0.146	0.976	0.208	1518	12048
-8.227	-0.144	0.971	0.209	1518	12055
-8.367	-0.146	0.972	0.219	1517	12061
-8.151	-0.143	0.973	0.212	1516	12068
-8.349	-0.146	0.976	0.211	1514	12075
-8.165	-0.144	0.977	0.218	1513	12082
-8.213	-0.145	0.977	0.222	1513	12088
-8.084	-0.142	0.976	0.205	1511	12095
-8.140	-0.142	0.967	0.213	1509	12102
-8.117	-0.143	0.977	0.214	1505	12108
-8.534	-0.149	0.973	0.213	1501	12115
-8.330	-0.146	0.976	0.222	1503	12122
-8.568	-0.149	0.967	0.221	1503	12129
-8.621	-0.151	0.978	0.203	1504	12135
-8.143	-0.143	0.974	0.212	1504	12142
-8.407	-0.147	0.972	0.227	1503	12149
-8.099	-0.142	0.971	0.219	1502	12155
-7.991	-0.141	0.978	0.219	1501	12163
-7.780	-0.138	0.984	0.216	1500	12169
-7.842	-0.138	0.977	0.214	1498	12176
-8.199	-0.145	0.979	0.221	1499	12182
-7.912	-0.139	0.975	0.214	1496	12189
-8.201	-0.145	0.979	0.220	1495	12196
-8.167	-0.144	0.978	0.212	1491	12203
-8.370	-0.146	0.972	0.217	1491	12210
-8.483	-0.147	0.967	0.207	1491	12216
-8.371	-0.146	0.970	0.193	1491	12223
-8.855	-0.154	0.970	0.201	1488	12229
-8.580	-0.149	0.971	0.196	1489	12236
-8.635	-0.150	0.968	0.210	1489	12243
-8.698	-0.151	0.969	0.201	1489	12250
-8.428	-0.146	0.969	0.197	1488	12257
-8.659	-0.151	0.974	0.200	1487	12263
-8.325	-0.145	0.967	0.202	1487	12270
-8.517	-0.150	0.982	0.208	1483	12276
-8.166	-0.143	0.974	0.198	1483	12283