w⸮o⸮⸮ww⸮⸮⸮⸮⸮⸮⸮⸮g⸮⸮⸮⸮⸮⸮g⸮⸮⸮⸮⸮w⸮⸮[MMA8452Q Basic Reading Code!
I2C Verbindung gefunden!.
1497	15
-83.866	-0.991	-0.056	-0.091	1497	22
-84.499	-0.993	-0.051	-0.081	1495	28
-84.232	-0.995	-0.054	-0.085	1495	35
-83.672	-0.997	-0.064	-0.090	1495	41
-82.884	-1.002	-0.085	-0.092	1495	49
-82.798	-0.995	-0.086	-0.092	1495	55
-83.489	-0.994	-0.085	-0.075	1496	62
-83.920	-0.985	-0.074	-0.074	1495	68
-83.863	-0.987	-0.067	-0.082	1495	75
-83.902	-0.987	-0.063	-0.085	1497	81
-83.215	-0.983	-0.071	-0.093	1497	89
-83.018	-0.993	-0.065	-0.103	1497	95
-83.167	-0.988	-0.063	-0.101	1498	102
-82.939	-0.986	-0.069	-0.101	1498	108
-83.265	-0.989	-0.072	-0.092	1498	115
-82.560	-0.989	-0.089	-0.094	1497	122
-82.185	-0.991	-0.098	-0.095	1498	129
-81.863	-0.995	-0.099	-0.103	1499	136
-82.092	-0.995	-0.102	-0.094	1499	142
-81.793	-0.991	-0.103	-0.100	1499	149
-81.774	-0.983	-0.109	-0.091	1498	155
-81.560	-0.979	-0.113	-0.091	1499	162
-81.781	-0.983	-0.108	-0.092	1500	168
-81.357	-0.980	-0.114	-0.096	1500	176
-81.752	-0.976	-0.108	-0.091	1500	183
-81.647	-0.991	-0.111	-0.094	1501	189
-81.431	-0.989	-0.121	-0.087	1502	196
-81.321	-0.992	-0.124	-0.087	1501	202
-81.241	-0.995	-0.122	-0.093	1501	209
-81.530	-0.994	-0.119	-0.088	1502	216
-81.546	-0.988	-0.116	-0.090	1503	223
-81.500	-0.985	-0.118	-0.088	1502	229
-81.698	-0.979	-0.109	-0.092	1503	236
-82.251	-0.986	-0.101	-0.089	1503	243
-82.446	-0.987	-0.100	-0.085	1503	249
-82.374	-0.990	-0.095	-0.093	1504	257
-82.921	-1.001	-0.087	-0.089	1504	263
-82.611	-0.993	-0.084	-0.098	1504	270
-82.896	-0.992	-0.085	-0.090	1505	276
-83.552	-0.982	-0.070	-0.086	1505	283
-83.650	-0.979	-0.062	-0.090	1505	289
-83.717	-0.972	-0.060	-0.089	1505	296
-83.598	-0.982	-0.055	-0.096	1505	303
-83.686	-0.982	-0.057	-0.093	1504	310
-84.170	-0.987	-0.059	-0.082	1503	317
-83.956	-0.996	-0.063	-0.085	1502	323
-84.433	-1.001	-0.064	-0.073	1501	330
-83.929	-1.003	-0.069	-0.081	1501	336
-84.450	-1.002	-0.069	-0.068	1499	344
-84.405	-1.001	-0.070	-0.068	1498	350
-84.315	-1.006	-0.070	-0.071	1498	357
-84.192	-0.999	-0.075	-0.068	1497	363
-84.131	-0.995	-0.075	-0.069	1497	370
-83.807	-0.974	-0.075	-0.074	1496	377
-83.643	-0.970	-0.070	-0.082	1496	384
-83.615	-0.968	-0.068	-0.084	1497	391
-82.711	-0.980	-0.081	-0.096	1497	397
-82.466	-0.992	-0.091	-0.095	1497	404
-82.951	-1.000	-0.090	-0.085	1497	410
-82.714	-1.001	-0.096	-0.085	1497	417
-83.054	-1.008	-0.095	-0.078	1497	423
-82.548	-0.998	-0.102	-0.082	1497	431
-82.822	-0.989	-0.104	-0.069	1495	437
-82.701	-0.979	-0.106	-0.066	1495	444
-82.551	-0.988	-0.106	-0.073	1495	451
-82.347	-0.996	-0.109	-0.077	1496	457
-82.474	-0.995	-0.106	-0.077	1497	464
-82.829	-1.001	-0.104	-0.070	1497	471
-83.274	-0.991	-0.101	-0.060	1497	478
-83.006	-0.990	-0.098	-0.072	1497	484
-83.063	-0.984	-0.098	-0.069	1497	491
-82.563	-0.979	-0.107	-0.069	1500	497
-82.010	-0.974	-0.105	-0.087	1501	504
-82.286	-0.979	-0.103	-0.084	1502	512
-82.507	-0.978	-0.101	-0.080	1502	518
-83.161	-0.987	-0.097	-0.068	1501	525
-82.476	-0.983	-0.104	-0.077	1501	531
-82.281	-0.990	-0.105	-0.083	1501	538
-82.217	-0.990	-0.108	-0.081	1500	544
-82.331	-0.989	-0.106	-0.080	1499	551
-82.209	-0.992	-0.107	-0.083	1499	558
-82.302	-0.994	-0.106	-0.082	1499	565
-82.583	-0.997	-0.101	-0.082	1498	572
-82.269	-0.994	-0.102	-0.089	1498	578
-82.247	-0.994	-0.097	-0.095	1498	585
-82.489	-0.979	-0.093	-0.090	1497	591
-82.674	-0.978	-0.090	-0.088	1496	599
-82.724	-0.984	-0.089	-0.089	1497	605
-82.131	-0.979	-0.094	-0.098	1498	612
-82.730	-0.985	-0.091	-0.087	1498	618
-82.182	-0.988	-0.089	-0.103	1498	625
-82.259	-0.992	-0.090	-0.101	1498	632
-82.049	-0.979	-0.087	-0.105	1499	638
-82.546	-0.978	-0.086	-0.095	1499	646
-82.016	-0.976	-0.093	-0.101	1498	652
-81.942	-0.980	-0.100	-0.097	1498	659
-82.015	-0.985	-0.102	-0.094	1497	665
-81.705	-0.993	-0.110	-0.094	1498	672
-82.114	-0.994	-0.111	-0.081	1499	678
-81.844	-0.994	-0.119	-0.078	1499	686
-81.382	-0.983	-0.118	-0.091	1500	693
-81.268	-0.980	-0.120	-0.091	1500	699
-81.153	-0.975	-0.125	-0.086	1500	706
-81.829	-0.973	-0.112	-0.083	1500	712
-82.054	-0.979	-0.109	-0.082	1500	719
-81.877	-0.996	-0.109	-0.091	1500	726
-81.950	-0.991	-0.101	-0.098	1501	733
-82.428	-0.992	-0.094	-0.093	1501	739
-81.937	-0.986	-0.093	-0.104	1501	746
-82.315	-0.978	-0.092	-0.095	1501	752
-82.124	-0.984	-0.092	-0.101	1500	759
-82.164	-0.978	-0.086	-0.104	1500	766
-82.383	-0.977	-0.089	-0.096	1500	773
-82.731	-0.985	-0.089	-0.089	1500	780
-82.269	-0.987	-0.098	-0.092	1499	786
-81.900	-0.989	-0.108	-0.090	1499	793
-82.092	-0.994	-0.110	-0.083	1499	799
-82.745	-0.987	-0.104	-0.071	1500	806
-82.135	-0.990	-0.114	-0.075	1500	813
-81.632	-0.987	-0.126	-0.072	1501	820
-81.577	-0.985	-0.129	-0.068	1503	827
-81.400	-0.985	-0.131	-0.071	1503	833
-81.258	-0.981	-0.131	-0.075	1503	840
-81.444	-0.979	-0.126	-0.076	1505	846
-81.168	-0.981	-0.128	-0.083	1505	854
-81.384	-0.979	-0.129	-0.073	1505	860
-81.180	-0.983	-0.130	-0.080	1505	867
-81.241	-0.981	-0.123	-0.088	1504	873
-81.359	-0.979	-0.124	-0.082	1503	880
-81.373	-0.980	-0.126	-0.079	1503	887
-81.566	-0.974	-0.120	-0.080	1503	893
-81.826	-0.982	-0.118	-0.077	1503	901
-82.228	-0.988	-0.111	-0.076	1502	907
-82.066	-0.993	-0.116	-0.075	1502	914
-81.820	-0.989	-0.118	-0.079	1503	920
-81.942	-0.995	-0.115	-0.081	1502	927
-82.482	-0.989	-0.109	-0.071	1502	933
-81.980	-0.984	-0.120	-0.069	1501	941
-82.096	-0.982	-0.119	-0.066	1502	948
-81.687	-0.982	-0.124	-0.072	1501	954
-82.158	-0.997	-0.114	-0.076	1501	961
-82.150	-0.998	-0.115	-0.075	1501	967
-82.283	-1.002	-0.110	-0.079	1501	974
-82.851	-1.003	-0.102	-0.074	1500	980
-82.708	-0.989	-0.103	-0.074	1499	988
-82.559	-0.984	-0.101	-0.080	1498	994
-82.769	-0.976	-0.103	-0.069	1497	1001
-82.625	-0.982	-0.103	-0.075	1497	1008
-82.362	-0.998	-0.109	-0.077	1497	1014
-82.095	-0.999	-0.117	-0.074	1498	1021
-82.280	-1.003	-0.113	-0.075	1497	1028
-82.238	-0.994	-0.115	-0.071	1497	1035
-82.006	-0.986	-0.118	-0.072	1497	1042
-81.783	-0.970	-0.121	-0.070	1498	1048
-81.403	-0.964	-0.121	-0.081	1497	1055
-81.448	-0.962	-0.119	-0.082	1497	1062
-81.614	-0.977	-0.116	-0.085	1497	1069
-81.404	-0.976	-0.119	-0.087	1496	1076
-81.846	-0.991	-0.115	-0.083	1496	1082
-81.810	-0.989	-0.114	-0.085	1495	1089
-81.539	-0.986	-0.115	-0.091	1494	1096
-82.294	-0.979	-0.102	-0.085	1494	1102
-82.224	-0.984	-0.103	-0.087	1495	1110
-82.270	-0.991	-0.104	-0.086	1496	1116
-82.463	-0.996	-0.102	-0.084	1496	1123
-82.752	-1.000	-0.094	-0.086	1494	1130
-82.668	-0.993	-0.093	-0.088	1495	1136
-82.818	-0.992	-0.086	-0.091	1495	1143
-82.682	-0.995	-0.093	-0.088	1495	1149
-82.604	-0.994	-0.100	-0.082	1495	1157
-82.796	-0.998	-0.097	-0.081	1495	1164
-82.878	-0.993	-0.102	-0.071	1496	1170
-82.885	-0.987	-0.103	-0.068	1496	1177
-82.860	-0.979	-0.103	-0.067	1496	1183
-83.377	-0.982	-0.097	-0.061	1496	1190
-83.375	-0.979	-0.096	-0.062	1496	1198
-83.265	-0.989	-0.095	-0.068	1494	1204
-83.058	-0.996	-0.093	-0.078	1494	1211
-83.405	-0.996	-0.089	-0.073	1495	1217
-83.607	-0.999	-0.082	-0.076	1494	1224
-83.302	-0.995	-0.087	-0.078	1494	1231
-83.214	-0.988	-0.093	-0.072	1494	1238
-83.013	-0.983	-0.096	-0.073	1494	1245
-82.699	-0.982	-0.094	-0.084	1493	1251
-83.034	-0.986	-0.096	-0.073	1494	1258
-82.978	-0.983	-0.099	-0.070	1495	1265
-82.888	-0.989	-0.099	-0.074	1495	1271
-82.887	-0.981	-0.097	-0.075	1494	1278
-82.352	-0.981	-0.102	-0.084	1494	1285
-82.350	-0.977	-0.102	-0.083	1494	1292
-82.236	-0.984	-0.105	-0.083	1494	1299
-82.186	-0.982	-0.105	-0.084	1493	1305
-82.276	-0.992	-0.107	-0.081	1494	1312
-81.966	-0.985	-0.112	-0.082	1493	1318
-81.336	-0.984	-0.120	-0.090	1494	1326
-81.690	-0.980	-0.112	-0.089	1493	1333
-81.963	-0.988	-0.108	-0.088	1493	1339
-81.796	-0.979	-0.110	-0.088	1494	1346
-81.594	-0.984	-0.122	-0.079	1496	1352
-81.477	-0.983	-0.121	-0.084	1496	1359
-81.720	-0.990	-0.119	-0.081	1496	1367
-81.786	-0.985	-0.120	-0.076	1497	1373
-82.010	-0.982	-0.116	-0.074	1498	1380
-82.029	-0.981	-0.106	-0.087	1498	1386
-81.627	-0.979	-0.110	-0.093	1499	1393
-82.567	-0.991	-0.104	-0.076	1499	1400
-81.970	-0.995	-0.104	-0.094	1499	1406
-82.358	-0.998	-0.104	-0.085	1498	1414
-82.432	-0.991	-0.107	-0.076	1497	1420
-82.395	-0.989	-0.104	-0.082	1498	1427
-82.379	-0.985	-0.105	-0.079	1498	1434
-82.638	-0.990	-0.104	-0.075	1498	1440
-82.602	-0.997	-0.107	-0.072	1498	1447
-82.808	-0.994	-0.103	-0.072	1496	1454
-83.085	-0.994	-0.099	-0.069	1497	1461
-82.983	-0.985	-0.097	-0.073	1497	1468
-82.948	-0.980	-0.093	-0.078	1496	1474
-82.692	-0.982	-0.100	-0.077	1496	1481
-82.242	-0.979	-0.104	-0.083	1496	1487
-82.069	-0.991	-0.110	-0.083	1496	1495
-81.700	-0.986	-0.122	-0.076	1496	1502
-81.907	-0.987	-0.122	-0.069	1496	1508
-81.893	-0.978	-0.117	-0.075	1496	1515
-81.725	-0.984	-0.115	-0.085	1496	1521
-81.976	-0.987	-0.105	-0.091	1495	1528
-82.483	-0.995	-0.103	-0.082	1493	1536
-82.338	-0.993	-0.105	-0.082	1494	1542
-82.611	-0.988	-0.104	-0.074	1495	1549
-82.506	-0.997	-0.102	-0.083	1495	1555
-82.351	-0.984	-0.100	-0.087	1496	1562
-82.178	-0.982	-0.102	-0.089	1498	1569
-82.182	-0.988	-0.103	-0.089	1499	1575
-82.350	-0.998	-0.104	-0.084	1499	1583
-82.520	-0.986	-0.103	-0.079	1499	1589
-82.945	-0.983	-0.099	-0.071	1499	1596
-82.472	-0.978	-0.101	-0.081	1499	1603
-82.711	-0.981	-0.097	-0.080	1497	1609
-82.346	-0.986	-0.103	-0.084	1497	1616
-81.460	-0.994	-0.122	-0.086	1498	1623
-81.508	-0.994	-0.123	-0.083	1498	1630
-81.883	-0.990	-0.123	-0.069	1498	1637
-81.819	-0.984	-0.121	-0.073	1497	1643
-81.707	-0.976	-0.118	-0.079	1497	1650
-81.380	-0.979	-0.121	-0.086	1498	1656
-80.687	-0.987	-0.130	-0.097	1500	1664
-72.240	-0.978	-0.260	-0.175	1501	1671
-15.811	-0.563	1.006	1.717	1500	1677
-66.174	-0.767	0.311	0.135	1498	1684
-39.781	-0.921	-0.475	-0.999	1497	1690
-66.556	-1.353	-0.541	-0.227	1500	1697
-78.131	-1.417	-0.253	-0.157	1506	1704
-82.481	-1.173	-0.098	0.120	1511	1711
-81.993	-1.021	-0.001	0.144	1510	1718
-74.960	-0.932	-0.013	-0.250	1507	1724
-73.152	-0.797	-0.154	-0.186	1504	1731
-68.938	-0.748	-0.146	-0.248	1502	1738
-79.634	-0.792	-0.073	-0.125	1503	1744
-88.513	-0.943	0.022	0.010	1503	1752
-86.226	-1.053	-0.030	0.063	1503	1759
-82.788	-1.118	-0.141	-0.016	1503	1765
-77.029	-1.096	-0.204	-0.148	1503	1772
-77.247	-1.018	-0.182	-0.142	1504	1778
-80.641	-0.949	-0.118	-0.103	1505	1785
-83.419	-0.904	-0.082	-0.064	1504	1793
-82.530	-0.911	-0.085	-0.084	1504	1799
-82.166	-0.954	-0.090	-0.096	1504	1806
-81.258	-1.006	-0.119	-0.099	1503	1812
-82.998	-1.024	-0.099	-0.078	1502	1819
-83.717	-1.015	-0.090	-0.066	1501	1826
-82.589	-1.008	-0.109	-0.072	1501	1832
-81.450	-0.987	-0.123	-0.083	1498	1840
-81.182	-0.973	-0.124	-0.086	1497	1846
-80.658	-0.977	-0.132	-0.092	1497	1853
-81.252	-0.979	-0.130	-0.076	1497	1860
-81.129	-0.988	-0.132	-0.080	1497	1866
-81.205	-0.985	-0.135	-0.071	1497	1873
-81.708	-0.995	-0.124	-0.075	1496	1880
-81.820	-0.989	-0.123	-0.071	1495	1887
-45.476	-2.000	-0.550	1.889	1492	1894
-27.554	-0.601	0.679	0.930	1488	1900
-33.484	-0.778	-1.150	-0.247	1489	1907
-62.734	-0.889	-0.382	0.253	1492	1913
-77.734	-1.729	0.107	-0.360	1497	1921
-84.564	-1.187	0.112	-0.012	1501	1928
-82.742	-1.014	0.104	0.077	1501	1934
-73.066	-0.957	0.064	-0.284	1499	1941
-66.446	-0.849	-0.137	-0.344	1497	1947
-67.645	-0.845	-0.174	-0.301	1496	1954
-80.796	-0.918	-0.126	-0.079	1495	1961
-79.037	-1.013	-0.104	0.166	1494	1968
-66.485	-1.118	-0.180	0.452	1495	1975
-69.367	-1.082	-0.288	0.288	1497	1981
-65.555	-0.818	-0.356	-0.106	1497	1988
-57.394	-0.908	-0.176	-0.554	1497	1995
-84.873	-0.879	-0.011	-0.078	1498	2001
-83.764	-0.924	0.042	-0.092	1500	2009
-89.762	-0.970	-0.004	0.001	1501	2015
-84.100	-1.006	-0.093	-0.047	1501	2022
-80.160	-1.030	-0.153	-0.092	1502	2029
-79.050	-1.015	-0.155	-0.120	1502	2035
-79.435	-0.997	-0.150	-0.109	1503	2042
-80.220	-0.979	-0.144	-0.089	1503	2049
-80.904	-0.969	-0.146	-0.054	1503	2056
-82.070	-0.965	-0.124	-0.052	1502	2063
-82.197	-0.983	-0.108	-0.080	1501	2069
-81.576	-0.993	-0.104	-0.104	1500	2076
-81.484	-1.009	-0.098	-0.115	1500	2082
-82.578	-1.016	-0.086	-0.101	1500	2089
-82.481	-1.001	-0.099	-0.088	1500	2097
-83.117	-0.994	-0.099	-0.068	1499	2103
-83.148	-0.985	-0.097	-0.068	1499	2110
-82.204	-0.974	-0.104	-0.084	1500	2116
-82.564	-0.971	-0.096	-0.083	1499	2123
-82.829	-0.973	-0.091	-0.082	1500	2130
-83.172	-0.981	-0.087	-0.079	1500	2137
-83.264	-0.988	-0.081	-0.084	1499	2144
-83.304	-0.989	-0.078	-0.086	1499	2150
-82.963	-0.990	-0.087	-0.086	1499	2157
-83.366	-0.987	-0.086	-0.076	1499	2164
-83.215	-0.987	-0.086	-0.080	1499	2170
-83.293	-0.988	-0.092	-0.071	1497	2178
-82.374	-0.985	-0.103	-0.083	1497	2184
-83.101	-0.987	-0.099	-0.067	1498	2191
-82.745	-0.996	-0.104	-0.073	1499	2198
-82.694	-0.994	-0.109	-0.065	1498	2204
-82.604	-0.996	-0.110	-0.067	1500	2211
-83.127	-0.999	-0.104	-0.062	1499	2217
-82.854	-0.994	-0.108	-0.062	1499	2225
-82.703	-0.996	-0.115	-0.055	1499	2232
-82.399	-0.995	-0.120	-0.057	1498	2238
-82.517	-0.994	-0.117	-0.058	1498	2245
-82.546	-0.988	-0.114	-0.061	1498	2251
-82.770	-0.982	-0.105	-0.066	1498	2258
-82.531	-0.986	-0.104	-0.076	1497	2266
-82.732	-0.986	-0.093	-0.085	1496	2272
-82.743	-0.998	-0.088	-0.092	1496	2279
-83.213	-0.992	-0.084	-0.083	1497	2285
-83.265	-1.001	-0.093	-0.073	1497	2292
-83.707	-0.998	-0.083	-0.072	1497	2299
-83.563	-1.000	-0.085	-0.074	1497	2306
-83.652	-0.993	-0.078	-0.078	1497	2313
-83.648	-0.987	-0.074	-0.081	1496	2319
-84.312	-0.989	-0.063	-0.076	1497	2326
-84.112	-0.983	-0.063	-0.079	1495	2333
-83.870	-0.987	-0.068	-0.081	1494	2339
-83.614	-0.991	-0.066	-0.089	1495	2347
-83.385	-0.997	-0.070	-0.092	1496	2353
-83.401	-1.002	-0.073	-0.090	1496	2360
-83.185	-1.000	-0.082	-0.087	1497	2367
-82.991	-0.994	-0.087	-0.086	1497	2373
-82.638	-0.984	-0.094	-0.086	1497	2380
-82.712	-0.985	-0.103	-0.073	1497	2386
-82.468	-0.981	-0.106	-0.074	1496	2394
-82.498	-0.985	-0.106	-0.074	1495	2401
-82.534	-0.995	-0.101	-0.083	1497	2407
-82.596	-0.995	-0.104	-0.076	1497	2414
-82.132	-0.998	-0.112	-0.080	1496	2420
-82.095	-0.995	-0.113	-0.079	1496	2427
-81.516	-0.975	-0.125	-0.074	1495	2435
-82.316	-0.972	-0.109	-0.072	1496	2441
-82.297	-0.974	-0.107	-0.076	1497	2448
-82.125	-0.986	-0.104	-0.089	1498	2454
-82.569	-0.998	-0.099	-0.085	1496	2461
-83.261	-0.999	-0.092	-0.074	1497	2468
-82.959	-1.001	-0.089	-0.086	1499	2475
-83.133	-0.992	-0.086	-0.083	1499	2482
-82.738	-0.986	-0.088	-0.090	1499	2488
-82.687	-0.971	-0.094	-0.082	1500	2495
-82.768	-0.969	-0.086	-0.088	1501	2502
-82.957	-0.973	-0.084	-0.086	1500	2508
-81.911	-0.981	-0.099	-0.099	1502	2515
-81.424	-0.983	-0.113	-0.096	1503	2522
-81.463	-0.986	-0.119	-0.088	1503	2529
-81.316	-0.983	-0.113	-0.099	1504	2536
-81.748	-0.980	-0.113	-0.086	1502	2542
-80.712	-0.980	-0.133	-0.090	1503	2549
-80.079	-0.984	-0.147	-0.089	1503	2555
-78.913	-0.979	-0.164	-0.100	1503	2563
-78.862	-0.979	-0.163	-0.103	1503	2570
-79.814	-0.988	-0.154	-0.088	1503	2576
-80.040	-0.981	-0.146	-0.091	1500	2583
-79.799	-0.984	-0.146	-0.100	1499	2589
-79.226	-0.989	-0.162	-0.096	1502	2596
-79.457	-0.991	-0.151	-0.105	1504	2604
-79.447	-0.984	-0.151	-0.104	1503	2610
-79.924	-0.983	-0.147	-0.094	1503	2617
-79.956	-0.979	-0.152	-0.083	1502	2623
-79.998	-0.975	-0.149	-0.085	1501	2630
-79.578	-0.979	-0.159	-0.084	1501	2637
-79.734	-0.986	-0.161	-0.077	1502	2643
-79.990	-0.988	-0.152	-0.085	1501	2651
-80.282	-0.984	-0.151	-0.074	1499	2657
-80.518	-0.983	-0.148	-0.070	1499	2664
-80.560	-0.982	-0.146	-0.074	1501	2671
-80.563	-0.982	-0.141	-0.083	1502	2677
-80.971	-0.992	-0.133	-0.085	1504	2684
-80.799	-0.983	-0.138	-0.080	1506	2692
-81.005	-0.979	-0.138	-0.071	1506	2698
-81.479	-0.974	-0.131	-0.064	1506	2705
-81.790	-0.976	-0.123	-0.068	1508	2711
-82.502	-0.982	-0.114	-0.061	1509	2718
-82.185	-0.987	-0.115	-0.071	1509	2725
-82.482	-0.996	-0.118	-0.058	1509	2732
-82.461	-0.995	-0.121	-0.052	1507	2739
-82.667	-0.995	-0.112	-0.062	1508	2745
-82.233	-0.983	-0.118	-0.063	1509	2752
-81.433	-0.979	-0.128	-0.073	1507	2759
-81.258	-0.988	-0.128	-0.082	1507	2765
-81.800	-0.990	-0.123	-0.072	1506	2772
-82.092	-0.985	-0.119	-0.067	1503	2779
-81.939	-0.996	-0.127	-0.062	1502	2786
-82.401	-0.999	-0.117	-0.063	1500	2793
-82.605	-1.002	-0.120	-0.050	1500	2799
-82.784	-1.000	-0.108	-0.065	1500	2806
-82.818	-0.994	-0.107	-0.064	1500	2812
-83.193	-0.985	-0.096	-0.068	1499	2820
-82.530	-0.978	-0.098	-0.083	1497	2827
-82.923	-0.976	-0.096	-0.074	1495	2833
-83.036	-0.983	-0.097	-0.071	1492	2840
-82.930	-0.989	-0.103	-0.067	1491	2846
-82.925	-0.995	-0.104	-0.067	1490	2853
-83.762	-1.004	-0.093	-0.059	1486	2861
-83.692	-1.015	-0.092	-0.064	1486	2867
-83.707	-1.010	-0.083	-0.074	1488	2874
-84.181	-1.003	-0.073	-0.071	1490	2880
-83.973	-0.990	-0.079	-0.068	1488	2887
-83.853	-0.977	-0.090	-0.055	1486	2894
-83.684	-0.975	-0.092	-0.057	1488	2900
-84.226	-0.976	-0.080	-0.058	1489	2908
-84.587	-0.978	-0.063	-0.068	1489	2914
-84.165	-0.992	-0.049	-0.089	1490	2921
-84.447	-0.994	-0.030	-0.092	1489	2928
-84.781	-0.996	-0.020	-0.089	1490	2934
-85.519	-0.987	-0.006	-0.077	1487	2941
-85.665	-0.984	-0.008	-0.074	1488	2948
-85.212	-0.983	-0.015	-0.081	1487	2955
-85.212	-0.980	-0.035	-0.074	1484	2961
-84.190	-0.989	-0.051	-0.087	1483	2968
-84.617	-0.997	-0.064	-0.068	1486	2975
-84.589	-1.015	-0.064	-0.071	1488	2981
-85.007	-1.020	-0.055	-0.070	1487	2989
-84.800	-1.013	-0.042	-0.082	1486	2995
-84.967	-1.017	-0.021	-0.087	1483	3002
-85.293	-1.001	-0.020	-0.080	1483	3009
-85.498	-1.002	-0.021	-0.076	1482	3015
-86.069	-1.006	-0.027	-0.063	1484	3022
-85.424	-1.013	-0.048	-0.065	1487	3028
-83.927	-1.022	-0.083	-0.070	1490	3036
-83.045	-1.004	-0.104	-0.065	1485	3043
-83.195	-0.995	-0.102	-0.062	1489	3049
-82.807	-0.983	-0.105	-0.065	1488	3056
-83.152	-0.971	-0.100	-0.061	1489	3062
-83.270	-0.971	-0.089	-0.072	1494	3069
-82.915	-0.962	-0.081	-0.088	1490	3077
-82.882	-0.968	-0.086	-0.085	1486	3083
-83.164	-0.968	-0.082	-0.082	1486	3090
-82.793	-0.964	-0.097	-0.074	1487	3096
-82.090	-0.963	-0.103	-0.086	1485	3103
-81.591	-0.962	-0.118	-0.079	1484	3110
-80.972	-0.964	-0.121	-0.094	1484	3117
-80.167	-0.974	-0.140	-0.095	1486	3124
-79.830	-0.973	-0.143	-0.101	1489	3130
-79.789	-0.971	-0.149	-0.091	1492	3137
-80.589	-0.978	-0.145	-0.073	1490	3144
-81.170	-0.984	-0.135	-0.072	1486	3150
-81.471	-0.984	-0.122	-0.083	1487	3158
-81.879	-0.990	-0.107	-0.092	1485	3164
-82.260	-0.997	-0.091	-0.101	1484	3171
-82.632	-1.005	-0.088	-0.096	1483	3178
-82.809	-1.014	-0.086	-0.095	1481	3184
-83.016	-1.003	-0.073	-0.099	1477	3191
-83.425	-0.998	-0.074	-0.088	1478	3197
-83.919	-0.988	-0.068	-0.080	1483	3205
-83.642	-0.971	-0.069	-0.083	1476	3212
-83.682	-0.969	-0.059	-0.090	1479	3218
-83.891	-0.961	-0.052	-0.089	1478	3225
-84.714	-0.969	-0.044	-0.078	1483	3231
-84.124	-0.986	-0.051	-0.088	1484	3238
-83.813	-0.992	-0.058	-0.091	1488	3246
-84.063	-1.003	-0.072	-0.075	1487	3252
-83.733	-1.007	-0.075	-0.081	1493	3259
-84.428	-1.001	-0.074	-0.063	1491	3265
-83.998	-0.998	-0.082	-0.065	1483	3272
-84.344	-0.990	-0.068	-0.070	1483	3279
-84.943	-0.991	-0.054	-0.069	1475	3286
-84.986	-0.995	-0.052	-0.070	1479	3293
-84.890	-0.997	-0.043	-0.078	1480	3299
-85.937	-1.001	-0.025	-0.066	1484	3306
-85.958	-1.003	-0.015	-0.069	1486	3313
-85.901	-0.997	-0.013	-0.070	1480	3319
-85.555	-0.993	-0.003	-0.077	1475	3326
-86.227	-0.993	-0.003	-0.065	1474	3333
-85.804	-1.000	-0.013	-0.072	1475	3340
-85.931	-0.996	-0.015	-0.069	1474	3346
-85.226	-0.999	-0.029	-0.078	1480	3353
-85.521	-0.998	-0.027	-0.073	1484	3360
-85.357	-0.995	-0.038	-0.071	1482	3366
-85.835	-0.998	-0.037	-0.063	1480	3374
-85.947	-0.990	-0.040	-0.058	1475	3380
-85.418	-0.984	-0.041	-0.067	1475	3387
-85.454	-0.990	-0.039	-0.068	1476	3394
-84.349	-0.989	-0.047	-0.086	1478	3400
-84.301	-0.994	-0.048	-0.087	1486	3407
-84.334	-1.000	-0.048	-0.087	1481	3414
-84.231	-1.000	-0.050	-0.088	1481	3421
-85.085	-0.997	-0.052	-0.068	1483	3428
-85.456	-0.991	-0.054	-0.058	1483	3434
-85.377	-0.974	-0.057	-0.055	1487	3441
-85.077	-0.969	-0.048	-0.068	1486	3447
-85.006	-0.975	-0.051	-0.068	1484	3454
-84.453	-0.987	-0.053	-0.080	1484	3461
-84.520	-1.011	-0.055	-0.080	1484	3468
-84.490	-1.031	-0.052	-0.085	1482	3475
-85.724	-1.034	-0.036	-0.068	1486	3481
-85.125	-1.030	-0.022	-0.085	1486	3488
-84.977	-1.009	-0.018	-0.087	1484	3494
-84.612	-0.987	-0.016	-0.092	1485	3502
-84.625	-0.966	-0.014	-0.090	1488	3509
-84.630	-0.955	-0.013	-0.089	1484	3515
-85.392	-0.965	-0.016	-0.076	1491	3522
-84.858	-0.979	-0.032	-0.082	1487	3528
-84.962	-0.981	-0.024	-0.083	1488	3535
-85.647	-0.983	-0.020	-0.072	1486	3543
-85.811	-0.987	-0.021	-0.069	1482	3549
-84.549	-0.993	-0.042	-0.085	1485	3556
-84.855	-0.999	-0.048	-0.076	1486	3562
-84.728	-0.999	-0.055	-0.074	1491	3569
-83.176	-1.012	-0.067	-0.101	1494	3576
-82.452	-1.013	-0.079	-0.108	1499	3582
-82.556	-1.012	-0.100	-0.087	1501	3590
-82.680	-1.002	-0.097	-0.085	1501	3596
-82.892	-0.991	-0.087	-0.088	1504	3603
-83.862	-0.983	-0.071	-0.078	1506	3610
-83.810	-0.977	-0.069	-0.080	1500	3616
-84.221	-0.977	-0.049	-0.086	1501	3623
-84.484	-0.977	-0.034	-0.088	1505	3631
-84.679	-0.979	-0.024	-0.088	1505	3637
-84.254	-0.981	-0.015	-0.098	1501	3644
-84.771	-0.982	-0.014	-0.089	1500	3650
-85.380	-0.979	-0.013	-0.078	1505	3657
-85.255	-0.984	-0.021	-0.079	1508	3663
-84.762	-0.993	-0.035	-0.084	1503	3671
-85.523	-1.010	-0.024	-0.075	1503	3678
-86.289	-1.013	-0.013	-0.064	1501	3684
-85.969	-1.009	-0.020	-0.068	1504	3691
-85.325	-1.001	-0.027	-0.077	1509	3697
-85.425	-0.995	-0.044	-0.066	1509	3704
-84.864	-0.996	-0.057	-0.069	1509	3712
-84.614	-0.997	-0.063	-0.069	1507	3718
-84.490	-0.995	-0.067	-0.068	1511	3725
-84.919	-0.993	-0.055	-0.069	1509	3731
-85.115	-0.995	-0.048	-0.070	1509	3738
-85.729	-0.988	-0.022	-0.070	1509	3745
-86.048	-0.979	-0.013	-0.066	1503	3751
-85.695	-0.983	-0.011	-0.073	1506	3759
-85.755	-0.980	-0.015	-0.071	1509	3765
-85.960	-0.979	-0.022	-0.065	1507	3772
-85.750	-0.993	-0.032	-0.066	1502	3779
-85.231	-0.996	-0.033	-0.076	1503	3785
-85.767	-1.015	-0.026	-0.070	1507	3792
-86.122	-1.021	-0.016	-0.067	1506	3799
-86.357	-1.017	-0.013	-0.063	1501	3806
-86.633	-1.005	-0.008	-0.059	1499	3813
-86.678	-0.993	-0.011	-0.057	1501	3819
-86.947	-0.981	-0.013	-0.051	1505	3826
-86.044	-0.983	-0.024	-0.063	1507	3832
-86.565	-0.979	-0.012	-0.058	1503	3840
-86.032	-1.000	-0.002	-0.069	1508	3847
-86.191	-1.015	-0.005	-0.067	1512	3853
-84.935	-1.037	-0.005	-0.092	1501	3860
-84.584	-1.035	0.010	-0.098	1492	3866
-85.042	-1.025	0.014	-0.088	1496	3873
-84.935	-1.009	0.010	-0.089	1496	3879
-84.847	-0.986	0.004	-0.089	1497	3887
-85.724	-0.969	-0.005	-0.072	1486	3894
-85.366	-0.966	0.005	-0.078	1486	3900
-85.186	-0.977	0.006	-0.082	1486	3907
-84.545	-0.992	0.002	-0.095	1480	3913
-83.783	-1.002	-0.013	-0.108	1474	3920
-84.852	-1.007	-0.022	-0.088	1469	3928
-86.033	-0.995	-0.031	-0.062	1488	3934
-85.322	-0.990	-0.053	-0.062	1494	3941
-86.260	-0.973	-0.047	-0.043	1495	3947
-84.479	-0.982	-0.082	-0.048	1493	3954
-85.623	-0.980	-0.043	-0.062	1497	3961
-85.557	-0.989	-0.035	-0.068	1505	3968
-85.977	-0.991	-0.014	-0.068	1501	3975
-85.192	-0.999	0.003	-0.084	1502	3981
-85.042	-0.997	0.010	-0.086	1504	3988
-85.287	-0.991	0.021	-0.079	1502	3994
-84.587	-0.985	0.025	-0.090	1505	4001
-84.215	-0.976	0.021	-0.097	1501	4008
-83.912	-0.970	0.020	-0.102	1508	4015
-84.575	-0.980	0.016	-0.092	1512	4022
-85.477	-1.000	-0.001	-0.079	1508	4028
-84.995	-1.015	0.000	-0.089	1506	4035
-85.450	-1.019	0.000	-0.081	1506	4041
-86.328	-1.020	0.000	-0.065	1492	4048
-85.883	-1.005	-0.003	-0.072	1491	4056
-85.956	-0.996	0.004	-0.070	1498	4062
-86.153	-0.991	0.013	-0.065	1498	4069
-85.978	-0.986	0.001	-0.069	1499	4075
-85.837	-0.985	0.008	-0.071	1502	4082
-85.578	-0.986	0.004	-0.076	1505	4089
-85.846	-0.995	0.001	-0.072	1513	4096
-86.993	-0.985	0.000	-0.052	1506	4103
-86.957	-0.989	0.014	-0.051	1503	4109
-86.520	-0.980	0.031	-0.051	1503	4116
-86.337	-0.976	0.028	-0.056	1501	4122
-86.134	-0.981	0.016	-0.064	1496	4129
-85.493	-0.996	0.008	-0.078	1495	4136
-85.182	-1.008	0.013	-0.084	1506	4143
-84.850	-1.019	-0.001	-0.092	1504	4150
-85.156	-1.021	-0.017	-0.085	1508	4156
-86.557	-1.004	-0.015	-0.059	1508	4163
-87.352	-0.995	-0.014	-0.044	1514	4170
-87.707	-0.993	-0.017	-0.036	1511	4176
-87.105	-0.994	-0.024	-0.044	1504	4184
-87.373	-1.003	-0.014	-0.044	1500	4190
-87.888	-1.008	-0.002	-0.037	1503	4197
-86.887	-1.007	-0.003	-0.055	1508	4203
-86.425	-0.989	-0.006	-0.062	1511	4210
-85.721	-0.984	-0.008	-0.073	1514	4217
-86.469	-0.984	-0.005	-0.061	1516	4224
-85.510	-0.995	0.002	-0.078	1515	4231
-85.429	-1.002	-0.002	-0.080	1519	4237
-84.916	-1.014	0.008	-0.090	1517	4244
-84.688	-1.016	0.018	-0.093	1516	4251
-84.988	-1.005	0.020	-0.086	1516	4257
-85.772	-0.995	0.007	-0.073	1515	4264
-85.827	-0.980	-0.006	-0.071	1517	4271
-84.764	-0.979	-0.013	-0.089	1513	4278
-84.644	-0.980	-0.005	-0.092	1513	4285
-84.709	-0.983	-0.007	-0.091	1516	4291
-84.855	-0.998	0.002	-0.090	1512	4298
-84.511	-0.999	0.016	-0.095	1509	4304
-85.236	-1.002	0.016	-0.082	1505	4312
-85.529	-1.000	0.013	-0.077	1505	4318
-85.836	-0.994	-0.004	-0.072	1501	4325
-85.280	-0.986	-0.008	-0.081	1508	4332
-84.958	-0.974	-0.013	-0.085	1508	4338
-84.958	-0.974	-0.013	-0.085	1509	4345
-85.409	-0.985	-0.002	-0.079	1506	4352
-85.826	-0.996	0.008	-0.072	1508	4359
-85.764	-0.998	0.020	-0.071	1509	4366
-84.686	-0.996	0.029	-0.088	1509	4372
-84.354	-0.999	0.024	-0.096	1507	4379
-84.375	-0.993	0.024	-0.095	1509	4385
-85.434	-0.998	0.010	-0.079	1511	4392
-85.593	-1.001	0.000	-0.077	1509	4399
-86.649	-1.001	0.011	-0.058	1507	4406
-85.336	-0.989	0.029	-0.075	1504	4413
-84.795	-0.989	0.045	-0.078	1506	4419
-84.265	-0.987	0.046	-0.088	1507	4426
-84.523	-0.999	0.027	-0.092	1511	4432
-84.978	-1.003	0.020	-0.086	1503	4440
-84.963	-0.995	0.012	-0.087	1507	4447
-85.040	-0.990	0.000	-0.086	1514	4453
-84.259	-0.993	-0.007	-0.100	1510	4460
-84.842	-0.988	-0.008	-0.089	1510	4466
-85.127	-0.989	-0.008	-0.084	1509	4473
-85.301	-0.999	0.004	-0.082	1510	4480
-85.857	-0.999	0.004	-0.072	1507	4487
-85.571	-0.994	0.021	-0.074	1510	4494
-84.973	-0.988	0.022	-0.084	1508	4500
-84.359	-0.983	0.025	-0.094	1508	4507
-85.158	-0.982	0.006	-0.083	1501	4513
-86.448	-0.977	-0.003	-0.061	1507	4520
-86.868	-0.987	-0.006	-0.054	1513	4528
-85.932	-0.990	-0.004	-0.070	1509	4534
-85.828	-0.992	0.004	-0.072	1498	4541
-85.164	-0.994	0.019	-0.082	1500	4547
-84.981	-0.995	0.027	-0.083	1499	4554
-84.240	-0.993	0.018	-0.099	1508	4560
-84.096	-0.984	0.016	-0.101	1514	4568
-83.892	-0.977	0.001	-0.104	1512	4575
-84.837	-0.974	-0.004	-0.088	1511	4581
-85.697	-0.980	-0.009	-0.073	1510	4588
-86.067	-0.983	-0.013	-0.066	1511	4594
-85.625	-0.999	0.014	-0.075	1499	4601
-84.895	-0.998	0.043	-0.078	1504	4609
-84.104	-0.999	0.067	-0.078	1506	4615
-83.708	-0.999	0.066	-0.088	1499	4622
-83.979	-0.999	0.060	-0.087	1508	4628
-84.194	-0.992	0.046	-0.090	1513	4635
-85.216	-0.997	0.048	-0.068	1503	4642
-85.575	-0.994	0.042	-0.064	1497	4648
-84.989	-1.001	0.050	-0.072	1492	4656
-84.189	-1.001	0.050	-0.089	1504	4662
-83.630	-1.016	0.039	-0.106	1500	4669
-84.146	-1.016	0.036	-0.098	1491	4676
-85.149	-0.999	0.035	-0.077	1497	4682
-84.891	-0.988	0.035	-0.081	1503	4689
-84.516	-0.984	0.029	-0.090	1505	4696
-84.394	-0.991	0.032	-0.092	1489	4703
-84.794	-0.992	0.040	-0.081	1485	4709
-84.541	-0.997	0.039	-0.087	1499	4716
-84.710	-1.004	0.030	-0.088	1509	4723
-84.732	-0.989	0.024	-0.088	1519	4729
-85.259	-0.985	0.021	-0.079	1504	4737
-86.219	-0.972	0.010	-0.063	1500	4743
-86.724	-0.973	-0.001	-0.056	1502	4750
-85.110	-0.975	-0.008	-0.083	1512	4757
-85.501	-0.981	0.013	-0.076	1515	4763
-84.106	-0.995	0.050	-0.090	1505	4770
-83.311	-1.019	0.067	-0.099	1508	4776
-82.954	-1.018	0.065	-0.107	1515	4784
-81.997	-1.013	0.064	-0.127	1510	4791
-82.943	-1.002	0.057	-0.110	1506	4797
-83.027	-0.987	0.039	-0.114	1507	4804
-83.688	-0.978	0.037	-0.102	1512	4810
-84.087	-0.975	0.021	-0.099	1504	4817
-84.498	-0.978	0.009	-0.094	1496	4825
-84.475	-1.001	0.015	-0.096	1486	4831
-83.686	-1.005	0.014	-0.110	1507	4838
-84.220	-1.017	0.017	-0.102	1519	4844
-84.337	-1.005	0.003	-0.100	1516	4851
-84.974	-0.984	0.017	-0.085	1503	4857
-86.333	-0.974	0.019	-0.060	1500	4865
-85.446	-0.966	0.026	-0.072	1506	4872
-84.646	-0.969	0.029	-0.086	1511	4878
-84.460	-0.975	0.032	-0.089	1505	4885
-83.555	-0.982	0.053	-0.098	1498	4891
-83.310	-0.994	0.069	-0.094	1505	4898
-83.247	-0.993	0.078	-0.088	1505	4905
-82.968	-0.997	0.084	-0.090	1509	4912
-82.268	-0.997	0.098	-0.094	1495	4919
-82.478	-0.991	0.104	-0.080	1505	4925
-83.302	-0.988	0.100	-0.060	1509	4932
-83.252	-0.991	0.091	-0.074	1502	4939
-84.157	-0.992	0.070	-0.073	1498	4945
-84.933	-1.005	0.062	-0.064	1504	4953
-85.185	-1.007	0.049	-0.069	1495	4959
-85.463	-0.997	0.032	-0.072	1505	4966
-86.067	-0.998	0.028	-0.063	1491	4973
-86.155	-0.988	0.020	-0.063	1499	4979
-86.775	-0.979	0.013	-0.054	1506	4986
-86.626	-0.978	-0.001	-0.058	1499	4993
-86.106	-0.976	0.000	-0.066	1502	5000
-85.875	-0.982	0.009	-0.070	1511	5006
-86.059	-0.997	0.018	-0.066	1506	5013
-85.544	-1.004	0.032	-0.071	1501	5020
-85.052	-1.021	0.045	-0.076	1500	5026
-84.347	-1.021	0.050	-0.088	1495	5033
-83.365	-1.018	0.065	-0.099	1511	5040
-82.913	-1.001	0.077	-0.098	1502	5047
-83.210	-0.989	0.090	-0.076	1502	5054
-82.774	-0.971	0.097	-0.076	1512	5060
-82.713	-0.978	0.101	-0.074	1515	5067
-82.827	-0.976	0.104	-0.064	1507	5073
-83.065	-0.980	0.102	-0.063	1502	5081
-82.953	-0.988	0.095	-0.077	1511	5088
-83.684	-0.992	0.079	-0.076	1510	5094
-83.832	-1.005	0.072	-0.081	1499	5101
-83.942	-1.009	0.063	-0.087	1504	5107
-84.505	-1.013	0.046	-0.086	1503	5114
-84.611	-1.006	0.038	-0.087	1504	5122
-83.850	-0.993	0.050	-0.095	1505	5128
-83.389	-0.979	0.065	-0.093	1497	5135
-83.381	-0.975	0.067	-0.091	1501	5141
-83.232	-0.976	0.074	-0.089	1505	5148
-82.838	-0.986	0.081	-0.094	1506	5154
-82.972	-0.994	0.080	-0.093	1499	5161
-83.208	-1.004	0.081	-0.088	1496	5169
-83.218	-0.999	0.086	-0.082	1500	5175
-83.719	-0.992	0.086	-0.067	1506	5182
-82.904	-0.977	0.088	-0.084	1497	5188
-82.802	-0.963	0.083	-0.089	1501	5195
-83.599	-0.970	0.065	-0.087	1499	5202
-84.161	-0.979	0.050	-0.087	1498	5209
-84.534	-0.995	0.041	-0.086	1502	5216
-85.041	-0.998	0.043	-0.075	1505	5222
-84.808	-1.005	0.049	-0.077	1511	5229
-84.713	-0.994	0.056	-0.073	1499	5236
-84.380	-0.983	0.065	-0.071	1490	5242
-84.175	-0.983	0.066	-0.075	1497	5250
-84.122	-0.989	0.058	-0.084	1507	5256
-83.988	-0.996	0.051	-0.092	1505	5263
-83.389	-0.999	0.074	-0.089	1505	5270
-82.915	-1.000	0.088	-0.088	1499	5276
-83.022	-0.993	0.095	-0.076	1488	5283
-83.256	-0.995	0.089	-0.077	1506	5289
-83.494	-0.989	0.074	-0.085	1490	5297
-84.311	-0.991	0.069	-0.070	1506	5304
-84.689	-0.990	0.061	-0.069	1488	5310
-84.138	-0.995	0.060	-0.083	1496	5317
-84.173	-0.996	0.053	-0.087	1506	5323
-84.337	-0.995	0.062	-0.077	1501	5330
-84.152	-0.981	0.064	-0.077	1499	5338
-84.105	-0.988	0.064	-0.079	1486	5344
-84.688	-0.998	0.061	-0.070	1497	5351
-84.159	-0.995	0.077	-0.066	1504	5357
-83.075	-0.988	0.093	-0.076	1508	5364
-82.716	-0.984	0.099	-0.078	1508	5370
-82.577	-0.980	0.103	-0.076	1498	5378
-83.016	-0.988	0.101	-0.067	1497	5385
-82.656	-0.981	0.104	-0.071	1500	5391
-82.228	-0.999	0.107	-0.084	1482	5398
-82.284	-0.999	0.097	-0.095	1485	5404
-82.730	-1.007	0.091	-0.091	1483	5411
-83.064	-0.994	0.089	-0.082	1493	5419
-83.430	-0.990	0.077	-0.084	1503	5425
-83.906	-0.984	0.064	-0.083	1503	5432
-84.105	-0.977	0.072	-0.070	1491	5438
-83.464	-0.979	0.089	-0.068	1490	5445
-83.725	-0.985	0.090	-0.061	1463	5452
-82.904	-0.981	0.101	-0.069	1468	5458
-82.879	-0.986	0.108	-0.059	1485	5466
-81.950	-0.993	0.110	-0.087	1489	5472
-82.050	-1.009	0.099	-0.101	1479	5479
-82.300	-1.007	0.100	-0.093	1480	5486
-82.891	-1.003	0.092	-0.085	1490	5492
-82.452	-0.985	0.090	-0.095	1494	5499
-82.508	-0.978	0.095	-0.087	1495	5506
-83.562	-0.975	0.082	-0.073	1494	5513
-83.434	-0.982	0.091	-0.067	1491	5519
-83.705	-0.994	0.085	-0.069	1504	5526
-83.459	-1.006	0.083	-0.080	1505	5533
-83.950	-0.995	0.085	-0.063	1480	5539
-83.365	-0.986	0.099	-0.059	1481	5547
-82.909	-0.974	0.103	-0.064	1499	5553
-82.180	-0.976	0.107	-0.080	1510	5560
-82.027	-0.982	0.115	-0.075	1498	5567
-82.273	-0.994	0.113	-0.073	1507	5573
-82.463	-1.013	0.097	-0.093	1507	5580
-82.801	-1.016	0.082	-0.099	1487	5586
-83.186	-1.013	0.081	-0.090	1494	5594
-84.710	-0.998	0.075	-0.054	1491	5601
-85.174	-0.991	0.056	-0.063	1494	5607
-84.668	-0.990	0.058	-0.072	1494	5614
-84.357	-0.985	0.069	-0.068	1490	5620
-84.164	-0.979	0.081	-0.059	1487	5627
-83.161	-0.971	0.089	-0.075	1496	5635
-82.390	-0.972	0.093	-0.091	1500	5641
-82.366	-0.971	0.103	-0.080	1488	5648
-82.399	-0.977	0.110	-0.069	1499	5654
-82.842	-0.984	0.109	-0.058	1513	5661
-82.367	-0.996	0.115	-0.067	1504	5668
-82.195	-0.996	0.115	-0.073	1485	5675
-81.947	-1.011	0.119	-0.079	1502	5682
-81.770	-1.000	0.121	-0.079	1509	5688
-80.955	-0.994	0.129	-0.092	1506	5695
-80.787	-0.991	0.127	-0.099	1496	5702
-80.225	-0.986	0.131	-0.108	1504	5708
-80.914	-0.989	0.126	-0.096	1505	5715
-81.356	-0.988	0.134	-0.068	1501	5723
-81.015	-0.990	0.144	-0.063	1498	5729
-80.092	-0.983	0.150	-0.083	1486	5736
-80.193	-0.982	0.142	-0.094	1511	5742
-81.143	-0.981	0.123	-0.091	1483	5749
-80.924	-0.982	0.122	-0.099	1488	5756
-81.160	-0.975	0.122	-0.090	1474	5763
-81.692	-0.983	0.117	-0.083	1493	5770
-81.334	-0.986	0.124	-0.085	1512	5776
-81.951	-0.994	0.118	-0.076	1502	5783
-82.746	-0.998	0.099	-0.080	1489	5790
-83.506	-0.997	0.090	-0.069	1499	5796
-83.733	-0.987	0.095	-0.053	1501	5804
-83.678	-0.977	0.093	-0.056	1497	5810
-82.868	-0.973	0.096	-0.075	1494	5817
-82.064	-0.967	0.108	-0.080	1506	5823
-81.550	-0.974	0.121	-0.079	1506	5830
-81.002	-0.982	0.137	-0.074	1501	5837
-80.794	-0.995	0.138	-0.084	1512	5843
-81.184	-1.000	0.133	-0.080	1479	5851
-82.029	-0.995	0.119	-0.072	1503	5857
-82.292	-0.996	0.116	-0.068	1495	5864
-83.104	-0.992	0.101	-0.065	1499	5871
-83.866	-0.991	0.091	-0.056	1477	5877
-84.146	-0.989	0.079	-0.063	1487	5884
-83.632	-0.985	0.087	-0.067	1483	5891
-83.423	-0.984	0.095	-0.063	1487	5898
-82.750	-0.992	0.105	-0.069	1493	5905
-82.461	-0.987	0.105	-0.077	1497	5911
-82.323	-0.979	0.106	-0.078	1470	5918
-82.676	-0.972	0.103	-0.071	1486	5924
-82.679	-0.968	0.103	-0.070	1462	5932
-82.873	-0.966	0.104	-0.061	1479	5939
-81.771	-0.977	0.114	-0.083	1491	5945
-81.573	-0.982	0.124	-0.076	1483	5952
-80.783	-0.990	0.148	-0.062	1472	5959
-80.746	-0.995	0.153	-0.053	1477	5965
-80.338	-0.997	0.158	-0.062	1497	5972
-80.725	-0.993	0.152	-0.056	1491	5979
-80.747	-0.992	0.146	-0.068	1472	5986
-79.644	-0.986	0.156	-0.090	1490	5993
-78.689	-0.998	0.177	-0.093	1505	5999
-78.768	-0.995	0.181	-0.080	1482	6006
-78.404	-1.007	0.195	-0.067	1489	6012
-78.881	-1.011	0.187	-0.068	1477	6020
-78.623	-0.994	0.180	-0.088	1445	6027
-78.815	-0.994	0.178	-0.084	1487	6033
-78.557	-0.988	0.178	-0.092	1519	6040
-79.056	-0.987	0.173	-0.081	1532	6046
-79.506	-0.982	0.171	-0.063	1470	6053
-79.344	-0.985	0.174	-0.064	1499	6061
-80.478	-0.979	0.152	-0.062	1512	6067
-81.513	-0.984	0.137	-0.054	1506	6074
-81.150	-0.990	0.137	-0.071	1527	6080
-80.509	-0.997	0.130	-0.104	1484	6087
-80.136	-1.001	0.134	-0.111	1505	6094
-81.135	-0.995	0.130	-0.085	1502	6100
-81.543	-0.983	0.126	-0.074	1508	6108
-81.426	-0.964	0.117	-0.086	1511	6114
-81.547	-0.966	0.110	-0.092	1473	6121
-82.710	-0.970	0.104	-0.068	1497	6128
-82.852	-0.981	0.097	-0.076	1497	6134
-82.357	-0.988	0.106	-0.079	1504	6141
-82.242	-1.002	0.113	-0.076	1493	6148
-81.693	-1.012	0.126	-0.077	1479	6155
-81.363	-0.995	0.127	-0.082	1504	6162
-81.382	-0.987	0.121	-0.088	1498	6168
-81.061	-0.979	0.122	-0.094	1496	6175
-80.391	-0.984	0.142	-0.088	1501	6181
-79.176	-0.979	0.162	-0.094	1510	6189
-78.273	-0.980	0.182	-0.092	1512	6196
-77.383	-0.976	0.201	-0.085	1499	6202
-77.171	-0.956	0.206	-0.070	1477	6209
-77.545	-0.958	0.199	-0.071	1495	6215
-78.305	-0.964	0.184	-0.078	1476	6222
-79.078	-0.980	0.172	-0.079	1506	6230
-79.120	-1.002	0.161	-0.105	1506	6236
-80.168	-1.001	0.141	-0.102	1501	6243
-82.004	-1.000	0.110	-0.087	1507	6249
-83.610	-0.993	0.081	-0.076	1503	6256
-84.305	-0.990	0.069	-0.070	1501	6263
-84.149	-0.997	0.060	-0.083	1488	6269
-84.051	-0.991	0.066	-0.079	1470	6277
-83.587	-0.970	0.088	-0.064	1497	6283
-83.149	-0.965	0.101	-0.058	1509	6290
-82.430	-0.953	0.112	-0.059	1509	6296
-81.564	-0.953	0.122	-0.071	1501	6303
-80.809	-0.963	0.132	-0.083	1466	6310
-80.153	-0.975	0.134	-0.104	1493	6317
-80.156	-0.984	0.133	-0.107	1510	6324
-80.997	-0.996	0.127	-0.094	1516	6331
-81.874	-0.995	0.124	-0.069	1518	6337
-81.619	-0.993	0.132	-0.063	1487	6344
-80.839	-0.991	0.144	-0.070	1490	6350
-80.264	-0.988	0.154	-0.070	1489	6358
-79.015	-0.990	0.174	-0.082	1477	6364
-78.370	-0.991	0.185	-0.087	1512	6371
-78.241	-0.990	0.185	-0.092	1517	6378
-78.166	-0.986	0.178	-0.105	1510	6384
-78.489	-0.974	0.177	-0.090	1521	6391
-78.222	-0.972	0.187	-0.079	1479	6398
-78.497	-0.967	0.186	-0.065	1509	6405
-78.733	-0.966	0.182	-0.063	1490	6412
-78.771	-0.990	0.184	-0.070	1484	6418
-78.839	-1.002	0.172	-0.098	1490	6425
-79.318	-1.001	0.155	-0.107	1519	6432
-80.473	-0.989	0.138	-0.093	1514	6438
-81.988	-0.979	0.114	-0.077	1528	6446
-83.780	-0.970	0.086	-0.062	1489	6452
-84.419	-0.962	0.082	-0.046	1509	6459
-84.610	-0.949	0.079	-0.042	1491	6466
-83.181	-0.961	0.098	-0.061	1511	6472
-82.119	-0.979	0.106	-0.084	1509	6479
-81.407	-0.993	0.117	-0.094	1499	6486
-80.598	-0.999	0.133	-0.099	1509	6493
-80.391	-0.995	0.141	-0.093	1499	6500
-79.575	-0.979	0.158	-0.086	1527	6506
-79.461	-0.973	0.165	-0.074	1501	6513
-79.097	-0.971	0.173	-0.071	1499	6519
-79.212	-0.973	0.172	-0.069	1522	6526
-78.865	-0.982	0.178	-0.076	1470	6534
-78.720	-0.988	0.180	-0.081	1492	6540
-79.281	-0.993	0.164	-0.092	1512	6547
-78.958	-0.986	0.167	-0.096	1498	6553
-79.043	-0.987	0.166	-0.095	1508	6560
-79.907	-0.985	0.152	-0.087	1460	6567
-79.942	-0.976	0.157	-0.072	1490	6574
-79.305	-0.970	0.173	-0.061	1517	6581
-79.121	-0.973	0.168	-0.082	1464	6587
-80.043	-0.985	0.156	-0.074	1513	6594
-79.723	-0.985	0.158	-0.083	1493	6601
-79.690	-0.982	0.157	-0.085	1487	6607
-79.911	-0.987	0.154	-0.084	1460	6615
-79.070	-0.984	0.163	-0.098	1503	6621
-78.961	-0.980	0.165	-0.097	1483	6628
-78.549	-0.967	0.179	-0.080	1519	6635
-78.099	-0.956	0.193	-0.057	1504	6641
-78.451	-0.960	0.191	-0.043	1503	6648
-78.588	-0.976	0.189	-0.054	1494	6654
-78.444	-0.994	0.186	-0.083	1512	6662
-78.606	-1.023	0.187	-0.086	1502	6669
-78.231	-1.016	0.193	-0.086	1497	6675
-78.658	-0.998	0.183	-0.082	1525	6682
-78.736	-0.972	0.171	-0.091	1482	6688
-79.041	-0.947	0.164	-0.082	1492	6695
-79.301	-0.950	0.162	-0.077	1500	6703
-80.033	-0.962	0.152	-0.073	1514	6709
-79.560	-0.976	0.156	-0.089	1504	6716
-79.824	-0.983	0.151	-0.091	1503	6722
-79.947	-0.985	0.156	-0.078	1472	6729
-80.455	-0.982	0.150	-0.068	1491	6736
-80.341	-0.975	0.156	-0.056	1503	6743
-79.495	-0.975	0.170	-0.062	1509	6750
-78.976	-0.975	0.177	-0.069	1534	6756
-78.253	-0.979	0.190	-0.072	1506	6763
-77.932	-0.987	0.195	-0.080	1501	6770
-77.866	-0.985	0.201	-0.066	1507	6776
-78.177	-0.989	0.187	-0.088	1502	6784
-77.686	-0.992	0.187	-0.108	1513	6790
-77.707	-0.993	0.179	-0.122	1484	6797
-78.326	-0.999	0.174	-0.111	1522	6804
-79.490	-0.992	0.157	-0.096	1493	6810
-79.881	-0.973	0.151	-0.085	1516	6817
-79.236	-0.964	0.168	-0.073	1504	6823
-79.391	-0.950	0.163	-0.071	1461	6831
-79.860	-0.953	0.158	-0.063	1485	6838
-79.360	-0.948	0.172	-0.047	1500	6844
-78.649	-0.957	0.186	-0.050	1495	6851
-78.413	-0.975	0.188	-0.066	1517	6857
-78.216	-0.976	0.183	-0.090	1488	6864
-78.339	-0.984	0.175	-0.104	1493	6872
-78.522	-0.994	0.178	-0.096	1498	6878
-79.456	-0.990	0.164	-0.084	1527	6885
-79.388	-0.976	0.170	-0.067	1499	6891
-78.332	-0.977	0.190	-0.066	1473	6898
-77.426	-0.971	0.204	-0.072	1500	6905
-76.863	-0.972	0.206	-0.095	1506	6912
-76.697	-0.967	0.200	-0.110	1517	6919
-76.733	-0.969	0.204	-0.103	1499	6925
-76.622	-0.971	0.214	-0.087	1480	6932
-77.174	-0.976	0.203	-0.090	1471	6939
-78.208	-0.976	0.186	-0.084	1482	6945
-78.565	-0.978	0.182	-0.078	1493	6952
-79.442	-0.984	0.166	-0.078	1466	6959
-79.569	-0.980	0.158	-0.087	1503	6966
-80.216	-0.983	0.143	-0.092	1505	6973
-80.285	-0.979	0.146	-0.083	1497	6979
-80.552	-0.969	0.152	-0.053	1500	6986
-79.591	-0.972	0.175	-0.036	1477	6992
-78.614	-0.961	0.187	-0.048	1518	7000
-77.893	-0.972	0.202	-0.051	1482	7007
-77.596	-0.989	0.209	-0.061	1522	7013
-76.625	-0.995	0.223	-0.080	1483	7020
-76.738	-0.999	0.213	-0.101	1482	7026
-76.968	-1.005	0.203	-0.113	1504	7033
-76.759	-0.991	0.210	-0.102	1496	7041
-75.933	-0.977	0.234	-0.070	1496	7047
-75.492	-0.958	0.238	-0.068	1483	7054
-75.882	-0.952	0.231	-0.062	1484	7060
-76.848	-0.961	0.212	-0.074	1506	7067
-76.914	-0.973	0.216	-0.067	1539	7074
-77.461	-0.979	0.204	-0.076	1539	7080
-77.486	-0.982	0.208	-0.065	1478	7088
-77.326	-0.979	0.213	-0.056	1510	7094
-77.107	-0.986	0.218	-0.060	1536	7101
-77.041	-0.980	0.217	-0.063	1482	7108
-76.312	-0.980	0.229	-0.069	1474	7114
-76.118	-0.991	0.230	-0.083	1517	7121
-76.606	-1.004	0.226	-0.079	1542	7128
-76.191	-1.005	0.229	-0.094	1546	7135
-76.252	-0.998	0.221	-0.104	1533	7142
-76.738	-0.979	0.208	-0.100	1496	7148
-78.181	-0.964	0.186	-0.079	1491	7155
-77.990	-0.953	0.189	-0.072	1499	7161
-78.452	-0.963	0.187	-0.060	1495	7169
-78.391	-0.970	0.192	-0.052	1516	7176
-77.916	-0.978	0.193	-0.080	1524	7182
-77.322	-0.975	0.196	-0.098	1487	7189
-77.230	-0.967	0.190	-0.108	1503	7195
-78.489	-0.952	0.173	-0.088	1487	7202
-79.999	-0.944	0.156	-0.058	1505	7209
-80.602	-0.948	0.147	-0.054	1513	7216
-80.041	-0.969	0.158	-0.063	1520	7223
-79.871	-0.979	0.162	-0.065	1484	7229
-79.709	-0.995	0.166	-0.071	1503	7236
-79.174	-0.993	0.180	-0.062	1496	7243
-77.890	-0.990	0.201	-0.068	1500	7249
-76.299	-0.979	0.225	-0.081	1521	7257
-74.818	-0.957	0.240	-0.099	1530	7263
-75.429	-0.950	0.229	-0.094	1516	7270
-76.500	-0.956	0.216	-0.078	1453	7277
-77.572	-0.966	0.200	-0.072	1473	7283
-77.447	-0.981	0.202	-0.083	1493	7290
-77.250	-0.991	0.205	-0.091	1511	7297
-77.331	-0.993	0.206	-0.086	1510	7304
-78.086	-0.979	0.189	-0.082	1481	7311
-78.767	-0.976	0.178	-0.077	1480	7317
-78.525	-0.956	0.182	-0.068	1502	7324
-78.447	-0.954	0.187	-0.054	1491	7330
-78.617	-0.973	0.185	-0.065	1509	7337
-78.874	-0.980	0.181	-0.067	1506	7345
-78.613	-0.989	0.187	-0.067	1469	7351
-78.653	-0.985	0.186	-0.068	1502	7358
-78.463	-0.967	0.182	-0.077	1509	7364
-79.215	-0.947	0.167	-0.068	1453	7371
-78.729	-0.939	0.176	-0.064	1519	7378
-77.897	-0.954	0.191	-0.072	1502	7385
-77.822	-0.972	0.198	-0.068	1512	7392
-77.526	-0.987	0.209	-0.063	1527	7398
-76.603	-1.003	0.224	-0.084	1502	7405
-76.026	-1.004	0.225	-0.109	1506	7412
-75.195	-0.991	0.240	-0.104	1481	7418
-75.122	-0.978	0.242	-0.094	1519	7426
-75.020	-0.964	0.246	-0.077	1518	7432
-75.652	-0.954	0.233	-0.071	1506	7439
-77.056	-0.947	0.206	-0.070	1473	7446
-78.794	-0.949	0.175	-0.069	1514	7452
-79.608	-0.948	0.166	-0.052	1503	7459
-79.289	-0.961	0.175	-0.050	1483	7465
-78.795	-0.980	0.181	-0.071	1491	7473
-78.130	-0.990	0.190	-0.084	1479	7480
-78.240	-0.988	0.193	-0.070	1516	7486
-78.713	-0.974	0.183	-0.066	1491	7493
-78.758	-0.960	0.176	-0.074	1466	7499
-78.535	-0.956	0.174	-0.086	1528	7506
-78.171	-0.955	0.187	-0.072	1457	7514
-76.729	-0.959	0.217	-0.064	1498	7520
-74.612	-0.964	0.257	-0.066	1517	7527
-73.785	-0.972	0.273	-0.071	1455	7533
-72.960	-0.979	0.286	-0.090	1510	7540
-73.645	-0.988	0.273	-0.097	1538	7547
-75.173	-0.987	0.250	-0.076	1556	7554
-75.826	-0.971	0.238	-0.058	1518	7561
-75.609	-0.969	0.239	-0.067	1527	7567
-75.331	-0.969	0.242	-0.075	1491	7574
-74.024	-0.975	0.271	-0.064	1524	7581
-73.250	-0.976	0.287	-0.062	1450	7587
-73.673	-0.988	0.279	-0.076	1511	7595
-74.168	-0.988	0.263	-0.098	1511	7601
-75.243	-0.977	0.244	-0.081	1548	7608
-77.225	-0.977	0.210	-0.070	1513	7615
-78.610	-0.979	0.183	-0.074	1504	7621
-79.152	-0.980	0.174	-0.071	1483	7628
-79.123	-0.963	0.177	-0.055	1533	7634
-79.438	-0.962	0.173	-0.048	1530	7642
-79.168	-0.954	0.164	-0.080	1500	7649
-78.724	-0.951	0.160	-0.102	1498	7655
-77.781	-0.941	0.177	-0.102	1496	7662
-77.236	-0.938	0.199	-0.074	1537	7668
-75.773	-0.952	0.226	-0.086	1521	7675
-75.486	-0.981	0.235	-0.096	1501	7683
-75.822	-0.986	0.232	-0.090	1515	7689
-77.024	-0.989	0.215	-0.076	1507	7696
-77.618	-0.989	0.204	-0.074	1507	7702
-77.354	-0.982	0.202	-0.088	1502	7709
-76.447	-0.964	0.214	-0.091	1505	7716
-76.169	-0.950	0.217	-0.088	1516	7723
-75.608	-0.946	0.226	-0.090	1506	7730
-75.685	-0.950	0.226	-0.089	1509	7736
-75.224	-0.952	0.236	-0.085	1520	7743
-75.040	-0.956	0.244	-0.075	1467	7750
-74.509	-0.966	0.261	-0.061	1507	7756
-74.306	-0.978	0.269	-0.058	1529	7763
-74.172	-0.981	0.264	-0.089	1484	7771
-73.784	-0.975	0.263	-0.106	1478	7777
-73.524	-0.958	0.266	-0.099	1510	7784
-74.045	-0.967	0.263	-0.086	1503	7790
-74.120	-0.960	0.265	-0.067	1507	7797
-75.220	-0.971	0.245	-0.074	1454	7804
-75.167	-0.958	0.247	-0.058	1517	7811
-75.647	-0.945	0.237	-0.047	1483	7818
-75.951	-0.958	0.231	-0.063	1468	7824
-77.112	-0.972	0.207	-0.081	1481	7831
-76.666	-0.971	0.219	-0.071	1448	7838
-76.705	-0.971	0.221	-0.063	1517	7844
-76.339	-0.978	0.228	-0.068	1450	7852
-75.604	-0.975	0.238	-0.076	1511	7858
-74.271	-0.963	0.259	-0.081	1489	7865
-73.482	-0.956	0.274	-0.071	1515	7872
-73.113	-0.951	0.281	-0.065	1521	7878
-73.464	-0.954	0.274	-0.070	1453	7885
-73.868	-0.955	0.270	-0.061	1529	7891
-74.426	-0.976	0.264	-0.066	1494	7899
-74.868	-0.984	0.253	-0.083	1514	7906
-74.690	-0.995	0.257	-0.091	1476	7912
-75.223	-0.989	0.247	-0.084	1518	7919
-75.441	-0.973	0.240	-0.078	1532	7925
-75.582	-0.965	0.233	-0.084	1475	7932
-75.598	-0.962	0.230	-0.089	1473	7940
-75.959	-0.953	0.229	-0.064	1535	7946
-76.053	-0.945	0.227	-0.062	1488	7953
-76.379	-0.951	0.223	-0.060	1504	7959
-76.413	-0.950	0.221	-0.063	1508	7966
-75.373	-0.950	0.235	-0.078	1501	7973
-75.281	-0.959	0.235	-0.090	1554	7980
-75.544	-0.969	0.233	-0.089	1526	7987
-75.325	-0.977	0.241	-0.085	1538	7993
-74.905	-0.981	0.253	-0.078	1540	8000
-74.872	-0.971	0.255	-0.063	1515	8007
-74.509	-0.972	0.262	-0.063	1523	8013
-74.124	-0.958	0.263	-0.072	1507	8020
-73.657	-0.951	0.263	-0.094	1480	8027
-73.890	-0.952	0.258	-0.096	1515	8034
-74.477	-0.954	0.250	-0.088	1487	8041
-74.935	-0.961	0.242	-0.091	1476	8047
-76.234	-0.964	0.221	-0.084	1453	8054
-76.665	-0.951	0.213	-0.074	1475	8060
-76.651	-0.942	0.211	-0.074	1533	8068
-75.876	-0.941	0.226	-0.072	1483	8075
-75.598	-0.949	0.233	-0.070	1500	8081
-75.072	-0.965	0.249	-0.064	1482	8088
-74.663	-0.976	0.262	-0.056	1520	8094
-74.323	-0.982	0.267	-0.070	1512	8101
-74.434	-0.983	0.261	-0.084	1549	8109
-74.922	-0.975	0.247	-0.089	1513	8115
-74.600	-0.954	0.249	-0.084	1487	8122
-74.078	-0.941	0.258	-0.075	1476	8128
-73.322	-0.944	0.276	-0.061	1511	8135
-72.386	-0.950	0.295	-0.063	1528	8142
-73.608	-0.962	0.271	-0.083	1398	8148
-73.604	-0.971	0.265	-0.107	1507	8156
-74.954	-0.962	0.229	-0.119	1529	8162
-75.852	-0.960	0.215	-0.111	1503	8169
-77.777	-0.962	0.192	-0.080	1515	8176
-78.497	-0.946	0.187	-0.044	1499	8182
-76.561	-0.943	0.224	-0.028	1519	8189
-74.369	-0.953	0.263	-0.046	1526	8197
-72.515	-0.965	0.298	-0.061	1487	8203
-72.109	-0.977	0.306	-0.077	1514	8210
-72.169	-0.978	0.303	-0.085	1522	8216
-72.883	-0.977	0.289	-0.083	1519	8223
-74.134	-0.964	0.259	-0.090	1477	8230
-75.590	-0.950	0.229	-0.086	1520	8237
-75.918	-0.930	0.220	-0.078	1522	8244
-75.500	-0.927	0.229	-0.072	1523	8250
-75.277	-0.938	0.240	-0.056	1488	8257
-74.870	-0.949	0.251	-0.054	1488	8264
-73.837	-0.969	0.271	-0.075	1524	8270
-72.743	-0.966	0.281	-0.104	1479	8278
-72.204	-0.956	0.287	-0.108	1484	8284
-72.340	-0.947	0.291	-0.079	1522	8291
-73.045	-0.949	0.284	-0.055	1477	8298
-73.072	-0.959	0.288	-0.047	1516	8304
-73.224	-0.973	0.284	-0.072	1512	8311
-73.247	-0.974	0.279	-0.089	1479	8317
-73.882	-0.979	0.271	-0.079	1506	8325
-74.176	-0.972	0.265	-0.076	1493	8332
-74.373	-0.973	0.258	-0.087	1502	8338
-75.139	-0.971	0.243	-0.085	1488	8345
-75.998	-0.972	0.235	-0.058	1506	8351
-75.859	-0.954	0.236	-0.044	1499	8358
-74.799	-0.937	0.251	-0.042	1500	8366
-74.441	-0.938	0.254	-0.061	1511	8372
-73.799	-0.923	0.261	-0.063	1490	8379
-72.845	-0.935	0.280	-0.068	1496	8385
-71.847	-0.952	0.304	-0.072	1467	8392
-72.043	-0.971	0.304	-0.082	1501	8399
-72.761	-0.988	0.291	-0.097	1483	8406
-73.271	-0.997	0.287	-0.086	1536	8413
-74.096	-0.994	0.278	-0.053	1500	8419
-74.474	-0.985	0.271	-0.035	1471	8426
-74.844	-0.953	0.253	-0.052	1467	8433
-75.634	-0.941	0.236	-0.048	1507	8439
-75.906	-0.943	0.229	-0.059	1493	8446
-75.262	-0.954	0.232	-0.095	1535	8453
-75.036	-0.953	0.231	-0.106	1549	8460
-74.706	-0.949	0.243	-0.091	1503	8467
-74.426	-0.943	0.252	-0.075	1483	8473
-73.823	-0.943	0.264	-0.073	1534	8480
-73.656	-0.948	0.271	-0.064	1526	8487
-72.932	-0.950	0.287	-0.052	1504	8494
-73.264	-0.961	0.280	-0.070	1523	8501
-73.547	-0.960	0.269	-0.091	1454	8507
-74.051	-0.951	0.256	-0.092	1528	8514
-74.296	-0.950	0.252	-0.089	1496	8521
-73.356	-0.955	0.268	-0.100	1520	8527
-73.307	-0.963	0.273	-0.093	1466	8535
-73.162	-0.971	0.283	-0.078	1500	8541
-72.545	-0.966	0.296	-0.068	1499	8548
-72.114	-0.951	0.298	-0.074	1502	8555
-71.766	-0.951	0.301	-0.088	1419	8561
-71.401	-0.955	0.309	-0.090	1508	8568
-71.663	-0.944	0.300	-0.090	1531	8574
-71.810	-0.941	0.297	-0.087	1529	8582
-72.026	-0.940	0.297	-0.070	1499	8589
-71.922	-0.937	0.299	-0.064	1476	8595
-71.718	-0.938	0.303	-0.065	1520	8602
-72.362	-0.953	0.296	-0.065	1489	8608
-73.744	-0.962	0.276	-0.048	1432	8615
-74.510	-0.963	0.263	-0.047	1529	8623
-75.438	-0.970	0.242	-0.069	1495	8629
-75.075	-0.962	0.241	-0.087	1492	8636
-74.873	-0.965	0.240	-0.102	1537	8642
-74.217	-0.963	0.256	-0.093	1539	8649
-73.561	-0.960	0.271	-0.084	1564	8656
-73.277	-0.957	0.278	-0.072	1453	8663
-72.820	-0.960	0.287	-0.075	1460	8670
-71.403	-0.953	0.312	-0.076	1558	8676
-71.321	-0.947	0.312	-0.074	1411	8683
-70.753	-0.944	0.316	-0.093	1514	8690
-71.317	-0.950	0.302	-0.110	1541	8696
-71.382	-0.944	0.300	-0.106	1543	8704
-71.742	-0.943	0.299	-0.087	1495	8710
-72.510	-0.943	0.285	-0.084	1505	8717
-73.780	-0.953	0.267	-0.076	1518	8724
-73.896	-0.949	0.267	-0.063	1444	8730
-73.632	-0.956	0.274	-0.060	1523	8737
-74.113	-0.952	0.266	-0.054	1530	8743
-73.859	-0.951	0.266	-0.072	1485	8751
-73.276	-0.940	0.269	-0.088	1494	8758
-73.123	-0.935	0.268	-0.094	1518	8764
-72.968	-0.937	0.268	-0.104	1514	8771
-72.993	-0.946	0.270	-0.105	1458	8777
-72.755	-0.946	0.280	-0.088	1534	8784
-72.038	-0.951	0.303	-0.059	1512	8792
-71.629	-0.950	0.308	-0.070	1507	8798
-71.196	-0.945	0.312	-0.077	1518	8805
-70.634	-0.952	0.324	-0.083	1474	8811
-69.397	-0.957	0.350	-0.085	1516	8818
-68.865	-0.952	0.357	-0.088	1479	8825
-68.834	-0.948	0.357	-0.084	1510	8832
-69.188	-0.947	0.353	-0.073	1502	8839
-71.271	-0.939	0.312	-0.066	1521	8845
-72.636	-0.945	0.291	-0.052	1447	8852
-73.979	-0.947	0.268	-0.049	1515	8859
-75.311	-0.946	0.245	-0.038	1495	8865
-76.133	-0.948	0.226	-0.063	1511	8872
-75.785	-0.951	0.227	-0.082	1491	8879
-75.257	-0.952	0.235	-0.086	1465	8886
-74.850	-0.943	0.241	-0.084	1513	8893
-74.712	-0.943	0.244	-0.083	1447	8899
-74.510	-0.943	0.251	-0.073	1506	8906
-73.197	-0.944	0.276	-0.070	1518	8912
-72.006	-0.950	0.300	-0.073	1488	8920
-71.641	-0.954	0.303	-0.093	1532	8927
-70.825	-0.962	0.319	-0.100	1448	8933
-70.465	-0.953	0.325	-0.093	1497	8940
-70.799	-0.955	0.324	-0.074	1521	8946
-70.714	-0.934	0.318	-0.073	1518	8953
-71.525	-0.924	0.301	-0.069	1475	8961
-71.877	-0.932	0.294	-0.081	1455	8967
-71.713	-0.938	0.299	-0.083	1449	8974
-71.767	-0.957	0.307	-0.073	1518	8980
-71.403	-0.967	0.313	-0.087	1519	8987
-71.163	-0.967	0.313	-0.103	1513	8994
-70.996	-0.943	0.312	-0.089	1464	9000
-70.210	-0.921	0.321	-0.081	1526	9008
-70.068	-0.914	0.319	-0.089	1468	9015
-69.967	-0.926	0.321	-0.104	1507	9021
-70.099	-0.944	0.325	-0.105	1534	9028
-69.719	-0.950	0.334	-0.108	1566	9034
-69.988	-0.946	0.327	-0.108	1500	9041
-70.332	-0.952	0.323	-0.106	1466	9049
-69.594	-0.947	0.339	-0.097	1471	9055
-70.278	-0.948	0.331	-0.077	1550	9062
-71.273	-0.949	0.316	-0.059	1543	9068
-72.352	-0.946	0.293	-0.069	1469	9075
-73.018	-0.934	0.272	-0.084	1464	9082
-72.500	-0.921	0.273	-0.098	1517	9089
-72.693	-0.925	0.267	-0.109	1492	9096
-72.123	-0.924	0.278	-0.106	1459	9102
-72.251	-0.943	0.290	-0.084	1484	9109
-71.795	-0.945	0.304	-0.066	1534	9116
-71.358	-0.938	0.312	-0.051	1475	9122
-71.009	-0.943	0.317	-0.068	1473	9129
-71.094	-0.939	0.315	-0.063	1471	9136
-70.419	-0.936	0.322	-0.083	1508	9143
-70.731	-0.944	0.313	-0.104	1563	9150
-71.321	-0.936	0.295	-0.114	1481	9156
-71.548	-0.928	0.288	-0.113	1504	9163
-71.540	-0.924	0.296	-0.087	1510	9169
-71.738	-0.921	0.295	-0.073	1523	9177
-71.677	-0.932	0.297	-0.084	1470	9184
-71.328	-0.943	0.310	-0.076	1466	9190
-70.242	-0.959	0.336	-0.076	1503	9197
-70.317	-0.957	0.334	-0.075	1483	9203
-69.313	-0.947	0.342	-0.105	1486	9210
-69.026	-0.936	0.343	-0.105	1457	9218
-68.790	-0.926	0.344	-0.104	1484	9224
-68.781	-0.940	0.352	-0.099	1520	9231
-68.646	-0.946	0.359	-0.088	1502	9237
-68.183	-0.949	0.372	-0.077	1449	9244
-68.119	-0.940	0.371	-0.070	1547	9251
-68.697	-0.925	0.356	-0.055	1524	9257
-70.523	-0.927	0.325	-0.041	1409	9265
-70.615	-0.927	0.322	-0.050	1513	9271
-71.549	-0.924	0.301	-0.067	1579	9278
-71.980	-0.922	0.292	-0.068	1406	9285
-72.232	-0.928	0.287	-0.077	1503	9291
-72.623	-0.922	0.275	-0.086	1536	9298
-72.824	-0.934	0.276	-0.083	1490	9305
-72.720	-0.943	0.284	-0.073	1528	9312
-72.036	-0.937	0.295	-0.072	1463	9319
-69.735	-0.939	0.341	-0.064	1510	9325
-68.130	-0.941	0.371	-0.071	1460	9332
-67.238	-0.936	0.387	-0.067	1507	9338
-66.654	-0.944	0.398	-0.086	1478	9346
-67.035	-0.957	0.392	-0.105	1454	9353
-67.228	-0.967	0.383	-0.135	1484	9359
-67.947	-0.974	0.372	-0.131	1460	9366
-68.940	-0.971	0.357	-0.109	1501	9372
-69.560	-0.952	0.343	-0.092	1558	9379
-69.325	-0.930	0.342	-0.079	1506	9387
-68.882	-0.918	0.349	-0.064	1494	9393
-68.458	-0.911	0.353	-0.071	1551	9400
-69.359	-0.911	0.334	-0.079	1477	9406
-70.199	-0.905	0.317	-0.074	1476	9413
-70.717	-0.905	0.309	-0.071	1534	9420
-71.563	-0.903	0.294	-0.065	1493	9426
-72.343	-0.909	0.283	-0.060	1510	9434
-71.071	-0.917	0.309	-0.061	1516	9440
-69.275	-0.918	0.339	-0.076	1469	9447
-68.074	-0.927	0.358	-0.104	1521	9454
-68.376	-0.941	0.359	-0.101	1448	9460
-69.043	-0.951	0.354	-0.084	1479	9467
-69.911	-0.948	0.335	-0.090	1553	9474
-72.116	-0.946	0.295	-0.079	1559	9481
-73.156	-0.931	0.275	-0.060	1508	9488
-73.019	-0.918	0.276	-0.047	1510	9494
-70.776	-0.915	0.312	-0.064	1525	9501
-67.830	-0.917	0.366	-0.074	1506	9507
-66.007	-0.917	0.397	-0.093	1505	9515
-66.153	-0.923	0.397	-0.092	1513	9522
-66.949	-0.926	0.384	-0.089	1518	9528
-68.216	-0.935	0.367	-0.068	1452	9535
-68.856	-0.942	0.357	-0.071	1532	9541
-68.821	-0.937	0.353	-0.086	1463	9548
-68.946	-0.932	0.347	-0.092	1482	9555
-68.882	-0.924	0.350	-0.071	1551	9562
-69.266	-0.925	0.339	-0.088	1488	9569
-69.441	-0.909	0.328	-0.093	1452	9575
-70.687	-0.909	0.308	-0.083	1535	9582
-71.884	-0.904	0.286	-0.075	1512	9589
-71.910	-0.921	0.291	-0.076	1515	9595
-71.784	-0.917	0.288	-0.090	1496	9603
-70.491	-0.916	0.313	-0.084	1440	9609
-68.690	-0.912	0.347	-0.080	1527	9616
-67.979	-0.919	0.366	-0.063	1517	9623
-67.487	-0.930	0.382	-0.052	1457	9629
-66.979	-0.940	0.396	-0.050	1483	9636
-67.414	-0.961	0.396	-0.051	1476	9643
-67.852	-0.961	0.385	-0.070	1499	9650
-68.811	-0.950	0.362	-0.066	1464	9657
-69.970	-0.941	0.337	-0.065	1539	9663
-68.985	-0.926	0.349	-0.070	1558	9670
-67.678	-0.923	0.373	-0.066	1543	9676
-67.038	-0.919	0.385	-0.060	1433	9683
-66.565	-0.919	0.394	-0.062	1511	9691
-66.534	-0.920	0.391	-0.083	1492	9697
-66.717	-0.908	0.380	-0.092	1472	9704
-67.100	-0.907	0.372	-0.092	1501	9710
-67.418	-0.907	0.366	-0.091	1516	9717
-67.260	-0.913	0.368	-0.104	1496	9723
-67.631	-0.929	0.366	-0.109	1499	9731
-68.417	-0.947	0.358	-0.109	1509	9738
-67.797	-0.944	0.367	-0.117	1514	9744
-65.779	-0.927	0.400	-0.116	1496	9751
-65.251	-0.904	0.404	-0.102	1544	9757
-65.191	-0.892	0.404	-0.080	1498	9764
-66.808	-0.893	0.380	-0.044	1483	9772
-67.878	-0.896	0.363	-0.023	1465	9778
-69.260	-0.899	0.339	-0.034	1488	9785
-69.762	-0.899	0.328	-0.048	1455	9791
-70.367	-0.902	0.317	-0.054	1477	9798
-70.022	-0.900	0.320	-0.067	1499	9805
-68.403	-0.899	0.344	-0.093	1527	9811
-67.267	-0.902	0.365	-0.098	1477	9819
-68.075	-0.916	0.362	-0.068	1501	9825
-68.133	-0.921	0.364	-0.063	1536	9832
-67.869	-0.929	0.371	-0.070	1539	9839
-67.000	-0.927	0.386	-0.077	1478	9845
-66.657	-0.923	0.389	-0.087	1506	9852
-65.457	-0.916	0.406	-0.100	1477	9859
-64.466	-0.900	0.417	-0.105	1485	9866
-64.588	-0.889	0.412	-0.092	1517	9873
-65.882	-0.885	0.390	-0.071	1524	9879
-67.488	-0.887	0.364	-0.049	1474	9886
-69.281	-0.895	0.335	-0.048	1490	9892
-70.366	-0.906	0.320	-0.044	1509	9900
-71.371	-0.917	0.307	-0.039	1494	9907
-70.532	-0.918	0.315	-0.076	1496	9913
-68.149	-0.921	0.359	-0.085	1416	9920
-65.636	-0.914	0.404	-0.089	1500	9926
-64.110	-0.908	0.429	-0.103	1480	9933
-62.712	-0.908	0.453	-0.119	1487	9940
-62.696	-0.900	0.453	-0.104	1475	9947
-63.857	-0.897	0.432	-0.088	1509	9954
-64.295	-0.896	0.426	-0.067	1528	9960
-64.750	-0.894	0.416	-0.067	1446	9967
-64.578	-0.896	0.421	-0.066	1496	9974
-64.333	-0.890	0.422	-0.069	1488	9980
-64.064	-0.889	0.427	-0.068	1543	9988
-63.914	-0.887	0.429	-0.068	1485	9994
-64.066	-0.886	0.425	-0.071	1489	10001
-65.155	-0.887	0.408	-0.044	1499	10008
-67.049	-0.890	0.375	-0.036	1480	10014
-70.151	-0.895	0.322	-0.021	1467	10021
-72.191	-0.906	0.291	-0.008	1476	10028
-71.394	-0.907	0.304	-0.032	1521	10035
-68.848	-0.897	0.341	-0.066	1501	10042
-66.656	-0.891	0.377	-0.075	1543	10048
-63.956	-0.888	0.426	-0.083	1499	10055
-62.742	-0.877	0.442	-0.092	1479	10062
-62.254	-0.879	0.454	-0.087	1480	10068
-62.049	-0.880	0.461	-0.074	1504	10076
-62.686	-0.886	0.452	-0.069	1505	10083
-63.459	-0.891	0.440	-0.063	1508	10089
-63.271	-0.883	0.440	-0.061	1543	10096
-62.923	-0.874	0.441	-0.069	1476	10103
-61.852	-0.860	0.453	-0.081	1411	10109
-62.937	-0.870	0.438	-0.073	1482	10117
-65.543	-0.882	0.398	-0.046	1528	10123
-67.051	-0.890	0.376	-0.023	1432	10130
-66.712	-0.894	0.383	-0.037	1523	10137
-64.499	-0.891	0.421	-0.058	1506	10143
-62.194	-0.874	0.454	-0.079	1474	10150
-61.054	-0.878	0.478	-0.088	1450	10158
-60.194	-0.881	0.498	-0.081	1536	10164
-59.313	-0.881	0.516	-0.086	1469	10171
-60.036	-0.881	0.503	-0.070	1500	10178
-61.399	-0.878	0.474	-0.069	1483	10184
-61.918	-0.869	0.456	-0.084	1531	10191
-61.871	-0.862	0.452	-0.090	1481	10199
-62.065	-0.851	0.442	-0.088	1506	10205
-63.316	-0.849	0.418	-0.085	1500	10212
-65.069	-0.848	0.390	-0.059	1548	10218
-66.805	-0.839	0.357	-0.038	1469	10225
-69.150	-0.836	0.314	-0.050	1480	10232
-69.363	-0.833	0.312	-0.037	1489	10238
-68.405	-0.822	0.323	-0.038	1415	10246
-66.123	-0.834	0.365	-0.054	1528	10253
-63.126	-0.853	0.420	-0.102	1522	10259
-58.696	-0.855	0.507	-0.117	1488	10266
-56.868	-0.863	0.553	-0.109	1530	10273
-56.137	-0.871	0.574	-0.109	1514	10279
-56.794	-0.869	0.560	-0.103	1569	10287
-58.056	-0.877	0.542	-0.072	1555	10294
-59.827	-0.869	0.503	-0.049	1516	10300
-60.782	-0.853	0.476	-0.034	1488	10307
-61.781	-0.845	0.452	-0.032	1559	10313
-60.601	-0.811	0.456	-0.024	1557	10320
-59.445	-0.803	0.473	-0.034	1587	10328
-59.221	-0.799	0.473	-0.055	1544	10334
-59.229	-0.808	0.478	-0.057	1486	10341
-59.543	-0.806	0.471	-0.054	1514	10348
-58.796	-0.812	0.488	-0.057	1556	10354
-57.837	-0.825	0.515	-0.066	1562	10361
-57.140	-0.829	0.532	-0.060	1583	10369
-57.224	-0.830	0.532	-0.049	1539	10375
-57.571	-0.832	0.528	-0.018	1495	10382
-58.417	-0.821	0.505	-0.006	1518	10389
-59.801	-0.811	0.472	-0.007	1560	10395
-60.215	-0.797	0.456	0.007	1614	10402
-60.594	-0.784	0.441	0.022	1612	10408
-60.316	-0.781	0.445	0.004	1533	10416
-59.593	-0.792	0.463	-0.042	1592	10423
-59.246	-0.800	0.475	-0.035	1545	10429
-59.108	-0.795	0.476	0.004	1548	10436
-60.457	-0.805	0.456	0.004	1588	10443
-60.972	-0.792	0.439	-0.007	1576	10449
-59.280	-0.777	0.462	0.003	1587	10457
-57.187	-0.764	0.492	0.015	1602	10463
-54.392	-0.757	0.542	0.004	1536	10470
-51.812	-0.749	0.589	-0.019	1552	10477
-49.993	-0.764	0.640	-0.041	1559	10483
-48.905	-0.774	0.672	-0.069	1557	10490
-48.887	-0.787	0.680	-0.100	1558	10498
-48.645	-0.781	0.677	-0.122	1553	10504
-47.522	-0.775	0.699	-0.123	1533	10511
-46.201	-0.759	0.719	-0.113	1529	10518
-45.740	-0.751	0.725	-0.103	1585	10524
-45.620	-0.756	0.736	-0.070	1535	10531
-46.068	-0.745	0.716	-0.054	1514	10539
-47.232	-0.751	0.693	-0.042	1517	10545
-48.582	-0.736	0.649	-0.015	1516	10552
-47.534	-0.691	0.633	-0.001	1515	10558
-47.296	-0.652	0.601	-0.042	1481	10565
-46.242	-0.632	0.603	-0.055	1492	10572
-45.839	-0.611	0.590	-0.067	1494	10578
-46.903	-0.622	0.581	-0.034	1497	10586
-49.633	-0.677	0.575	-0.011	1497	10593
-52.762	-0.712	0.541	-0.011	1485	10599
-53.848	-0.746	0.545	-0.014	1468	10606
-55.287	-0.774	0.536	-0.020	1470	10613
-55.034	-0.792	0.553	-0.035	1462	10619
-55.826	-0.792	0.534	-0.062	1468	10627
-54.927	-0.770	0.538	-0.049	1472	10633
-55.208	-0.728	0.504	-0.040	1486	10640
-55.900	-0.684	0.459	-0.060	1465	10647
-59.167	-0.635	0.370	-0.081	1463	10653
-60.498	-0.578	0.318	-0.075	1464	10660
-63.563	-0.549	0.266	-0.063	1463	10668
-69.543	-0.488	0.177	-0.044	1462	10674
-71.668	-0.483	0.160	-0.002	1468	10681
-72.069	-0.492	0.157	0.025	1477	10688
-69.648	-0.524	0.117	0.155	1449	10694
-79.096	-0.520	0.096	-0.029	1457	10701
-74.383	-0.514	-0.003	-0.144	1476	10707
-74.580	-0.567	-0.009	-0.156	1480	10715
-84.670	-0.521	0.047	-0.013	1491	10722
-74.396	-0.496	0.129	0.051	1511	10728
-59.573	-0.420	0.229	0.093	1512	10735
-47.971	-0.416	0.329	0.180	1530	10742
-35.669	-0.330	0.420	0.187	1522	10748
-25.810	-0.278	0.562	0.126	1493	10756
-18.358	-0.216	0.645	0.087	1495	10762
-11.757	-0.135	0.647	-0.010	1494	10769
3.710	0.048	0.686	-0.273	1486	10776
0.167	0.002	0.644	-0.183	1436	10782
5.038	0.066	0.715	-0.237	1450	10789
-7.784	-0.074	0.513	-0.179	1487	10796
-12.827	-0.077	0.319	-0.113	1528	10803
-35.008	-0.182	0.255	-0.048	1550	10810
-33.589	-0.269	0.403	0.029	1546	10816
-36.867	-0.396	0.521	0.085	1535	10823
-39.520	-0.688	0.629	0.547	1523	10829
-39.590	-1.188	1.272	0.668	1523	10836
-6.995	-0.194	1.342	0.842	1544	10844
-5.502	-0.137	1.402	0.220	1578	10850
-5.953	-0.207	1.919	-0.510	1605	10857
-10.009	-0.430	1.999	-1.390	1623	10863
16.983	0.688	1.999	-1.035	1637	10870
6.765	0.249	1.999	-0.641	1639	10876
-6.128	-0.221	1.999	0.479	1649	10884
19.204	0.787	1.999	1.054	1693	10891
8.355	0.341	1.999	1.179	1746	10897
3.278	0.134	1.999	1.208	1788	10904
7.878	0.335	1.999	1.365	1813	10910
3.888	0.148	1.999	0.880	1840	10917
0.463	0.018	1.999	0.857	1850	10924
8.764	0.335	1.999	0.852	1845	10931
0.918	0.032	1.923	0.587	1834	10938
-3.063	-0.092	1.680	0.348	1813	10944
1.554	0.033	1.206	0.206	1791	10951
2.054	0.037	1.030	0.095	1766	10957
-3.930	-0.068	0.995	0.002	1744	10964
1.749	0.025	0.831	-0.024	1730	10971
11.447	0.142	0.646	-0.267	1718	10978
16.499	0.161	0.531	-0.117	1700	10985
39.264	0.235	0.254	-0.136	1681	10991
29.306	0.177	0.166	-0.268	1661	10998
6.495	0.044	0.325	-0.208	1638	11004
-8.725	-0.065	0.419	-0.079	1614	11012
-21.883	-0.154	0.384	0.017	1583	11018
-35.495	-0.277	0.387	0.041	1548	11025
-39.008	-0.362	0.447	0.004	1517	11032
-39.479	-0.420	0.510	-0.005	1487	11038
-34.397	-0.420	0.613	-0.010	1461	11045
-30.591	-0.462	0.781	-0.012	1430	11053
-28.661	-0.467	0.854	-0.028	1411	11059
-28.758	-0.451	0.817	-0.088	1395	11066
-28.627	-0.482	0.873	-0.138	1384	11072
-28.370	-0.501	0.906	-0.198	1378	11079
-26.379	-0.473	0.929	-0.214	1374	11086
-25.149	-0.469	0.975	-0.217	1369	11092
-24.412	-0.455	0.985	-0.186	1366	11100
-21.122	-0.396	1.020	-0.118	1362	11106
-18.310	-0.359	1.085	-0.048	1361	11113
-16.146	-0.339	1.170	0.036	1353	11120
-15.882	-0.370	1.300	0.053	1350	11126
-12.618	-0.299	1.327	0.144	1350	11133
-11.476	-0.275	1.342	0.199	1357	11140
-11.556	-0.272	1.310	0.246	1354	11147
-12.394	-0.279	1.234	0.303	1354	11154
-15.151	-0.321	1.146	0.306	1355	11160
-17.328	-0.347	1.075	0.280	1358	11167
-19.104	-0.357	1.006	0.230	1366	11174
-20.364	-0.360	0.958	0.157	1370	11181
-23.182	-0.383	0.891	0.077	1372	11188
-17.584	-0.277	0.875	0.017	1373	11194
-14.542	-0.219	0.843	-0.030	1380	11201
-11.896	-0.179	0.844	-0.088	1390	11208
-9.416	-0.143	0.852	-0.118	1401	11214
-7.606	-0.115	0.855	-0.113	1408	11222
-4.384	-0.067	0.875	-0.082	1416	11228
-5.503	-0.089	0.919	-0.080	1423	11235
-5.728	-0.093	0.923	-0.063	1428	11241
-6.711	-0.113	0.962	-0.039	1432	11248
-6.496	-0.107	0.943	0.007	1435	11255
-7.345	-0.120	0.932	0.021	1437	11261
-8.771	-0.143	0.924	0.021	1436	11269
-8.812	-0.142	0.912	0.050	1440	11275
-9.604	-0.152	0.898	0.058	1440	11282
-9.952	-0.157	0.893	0.079	1442	11288
-9.806	-0.156	0.899	0.091	1438	11295
-9.947	-0.160	0.908	0.096	1442	11301
-9.642	-0.159	0.932	0.100	1443	11309
-10.139	-0.169	0.939	0.100	1451	11316
-10.470	-0.181	0.973	0.099	1457	11322
-11.221	-0.199	0.999	0.102	1461	11329
-12.613	-0.226	1.003	0.103	1465	11335
-13.574	-0.247	1.016	0.125	1474	11342
-14.856	-0.267	0.996	0.134	1479	11350
-14.416	-0.249	0.957	0.150	1481	11356
-16.121	-0.283	0.965	0.171	1487	11363
-16.412	-0.285	0.953	0.170	1491	11370
-16.283	-0.281	0.948	0.167	1492	11376
-16.420	-0.284	0.953	0.146	1496	11383
-16.093	-0.278	0.955	0.136	1492	11389
-15.512	-0.269	0.960	0.121	1496	11397
-15.006	-0.259	0.960	0.103	1498	11404
-15.144	-0.260	0.956	0.085	1501	11410
-15.462	-0.268	0.964	0.082	1498	11417
-15.100	-0.260	0.960	0.073	1497	11423
-15.072	-0.261	0.966	0.068	1493	11430
-15.219	-0.263	0.963	0.072	1497	11438
-15.470	-0.269	0.966	0.094	1496	11444
-15.757	-0.272	0.959	0.113	1495	11451
-15.847	-0.271	0.946	0.139	1494	11458
-15.566	-0.270	0.957	0.143	1493	11464
-15.486	-0.272	0.972	0.151	1487	11471
-14.829	-0.263	0.980	0.152	1488	11478
-14.287	-0.259	1.003	0.164	1486	11485
-13.774	-0.254	1.023	0.159	1488	11492
-13.347	-0.250	1.041	0.163	1493	11498
-13.425	-0.253	1.045	0.176	1502	11505
-13.655	-0.230	0.937	0.151	1518	11511
-11.011	-0.192	0.984	0.093	1537	11518
-13.624	-0.260	1.065	0.116	1551	11526
-11.221	-0.201	1.006	0.129	1560	11532
-10.425	-0.189	1.021	0.130	1561	11539
-10.711	-0.190	1.001	0.107	1563	11545
-11.658	-0.212	1.018	0.140	1557	11552
-11.852	-0.214	1.009	0.145	1554	11559
-12.442	-0.224	1.004	0.140	1550	11566
-12.100	-0.215	0.993	0.134	1549	11573
-11.870	-0.210	0.991	0.124	1546	11580
-11.829	-0.211	0.999	0.128	1543	11586
-12.116	-0.214	0.988	0.126	1528	11593
-11.724	-0.208	0.994	0.128	1534	11599
-11.685	-0.207	0.992	0.133	1528	11607
-12.133	-0.212	0.977	0.134	1522	11614
-12.176	-0.212	0.975	0.121	1518	11620
-12.258	-0.215	0.982	0.112	1524	11627
-12.269	-0.214	0.976	0.124	1519	11633
-12.145	-0.214	0.987	0.113	1516	11640
-12.281	-0.216	0.984	0.118	1510	11648
-12.316	-0.216	0.981	0.118	1505	11654
-12.076	-0.213	0.988	0.116	1501	11661
-12.259	-0.214	0.977	0.123	1503	11668
-12.317	-0.213	0.969	0.110	1498	11674
-12.279	-0.209	0.955	0.099	1497	11681
-12.190	-0.204	0.941	0.080	1495	11687
-12.433	-0.209	0.945	0.070	1493	11695
-12.183	-0.205	0.947	0.070	1491	11702
-12.258	-0.206	0.946	0.063	1485	11708
-12.282	-0.206	0.944	0.063	1486	11715
-12.013	-0.200	0.938	0.066	1483	11721
-11.606	-0.193	0.939	0.062	1475	11728
-11.379	-0.191	0.949	0.059	1474	11736
-11.345	-0.191	0.952	0.060	1478	11742
-10.648	-0.183	0.970	0.055	1479	11749
-10.308	-0.179	0.980	0.064	1476	11755
-9.897	-0.177	1.011	0.069	1482	11762
-10.385	-0.186	1.010	0.074	1484	11768
-10.469	-0.187	1.012	0.078	1482	11776
-10.304	-0.184	1.006	0.090	1481	11783
-10.353	-0.183	0.995	0.095	1480	11789
-10.639	-0.187	0.994	0.089	1479	11796
-11.604	-0.205	0.995	0.085	1477	11803
-12.061	-0.212	0.989	0.070	1475	11809
-12.190	-0.213	0.982	0.078	1483	11816
-12.720	-0.227	1.000	0.086	1490	11823
-12.822	-0.229	1.005	0.083	1492	11830
-13.053	-0.234	1.008	0.079	1493	11837
-12.878	-0.227	0.988	0.073	1491	11843
-11.973	-0.213	1.001	0.076	1485	11850
-11.285	-0.200	1.000	0.080	1484	11856
-10.875	-0.199	1.032	0.099	1488	11864
-10.733	-0.199	1.047	0.093	1493	11871
-11.369	-0.217	1.069	0.138	1494	11877
-11.125	-0.207	1.043	0.144	1493	11884
-10.556	-0.209	1.108	0.171	1493	11890
-10.044	-0.198	1.106	0.169	1492	11897
-10.015	-0.198	1.112	0.151	1486	11905
-10.376	-0.208	1.122	0.178	1486	11911
-11.151	-0.225	1.126	0.175	1484	11918
-12.568	-0.255	1.130	0.175	1483	11925
-12.523	-0.255	1.129	0.206	1488	11931
-12.805	-0.273	1.185	0.210	1490	11938
-11.994	-0.258	1.196	0.204	1492	11944
-11.826	-0.239	1.129	0.177	1502	11952
-11.997	-0.233	1.080	0.199	1510	11959
-11.380	-0.218	1.068	0.171	1512	11965
-11.522	-0.219	1.059	0.176	1521	11972
-13.849	-0.262	1.051	0.151	1525	11978
-13.513	-0.252	1.037	0.153	1528	11985
-15.427	-0.280	1.005	0.147	1523	11993
-15.762	-0.288	1.002	0.194	1522	11999
-16.610	-0.296	0.975	0.185	1523	12006
-16.954	-0.302	0.966	0.217	1521	12013
-18.904	-0.336	0.962	0.192	1515	12019
-19.897	-0.354	0.960	0.194	1501	12026
-20.745	-0.361	0.936	0.187	1490	12033
-20.637	-0.350	0.910	0.183	1482	12040
-20.754	-0.345	0.892	0.181	1473	12047
-20.020	-0.334	0.898	0.182	1468	12053
-19.716	-0.330	0.907	0.159	1460	12060
-19.135	-0.314	0.895	0.146	1446	12066
-18.757	-0.309	0.897	0.143	1447	12073
-19.403	-0.318	0.892	0.148	1440	12081
-19.145	-0.318	0.904	0.152	1432	12087
-20.482	-0.341	0.898	0.159	1436	12094
-21.437	-0.357	0.897	0.152	1434	12100
-23.088	-0.385	0.891	0.146	1435	12107
-24.392	-0.406	0.887	0.128	1432	12114
-25.122	-0.420	0.888	0.118	1432	12121
-25.270	-0.416	0.872	0.127	1430	12128
-24.431	-0.400	0.870	0.141	1431	12134
-23.592	-0.378	0.853	0.148	1433	12141
-23.069	-0.367	0.850	0.146	1436	12148
-22.756	-0.356	0.839	0.136	1434	12154
-22.608	-0.355	0.843	0.136	1436	12162
-21.636	-0.332	0.828	0.122	1441	12168
-20.784	-0.319	0.833	0.118	1443	12175
-20.561	-0.314	0.829	0.124	1443	12182
-21.113	-0.322	0.825	0.125	1443	12188
-21.206	-0.326	0.832	0.120	1436	12195
-22.404	-0.346	0.830	0.119	1446	12203
-23.502	-0.363	0.826	0.124	1445	12209
-24.209	-0.372	0.819	0.116	1439	12216
-24.659	-0.376	0.809	0.130	1446	12222
-25.461	-0.382	0.791	0.132	1446	12229
-25.485	-0.380	0.785	0.137	1453	12236
-25.669	-0.380	0.776	0.148	1457	12242
-26.244	-0.385	0.769	0.136	1455	12250
-26.725	-0.385	0.754	0.125	1460	12256
-27.169	-0.389	0.747	0.124	1463	12263
-27.839	-0.391	0.730	0.116	1461	12270
-28.318	-0.396	0.726	0.122	1457	12276
-28.397	-0.396	0.724	0.119	1459	12283
-27.985	-0.396	0.733	0.127	1464	12290
-27.960	-0.394	0.730	0.127	1464	12297
-27.605	-0.394	0.742	0.125	1462	12304
-27.613	-0.397	0.752	0.109	1460	12310
-26.257	-0.387	0.777	0.102	1455	12317
-25.377	-0.378	0.788	0.117	1459	12323
-24.307	-0.373	0.816	0.125	1458	12331
-23.705	-0.372	0.837	0.133	1457	12338
-24.003	-0.387	0.858	0.132	1460	12344
-23.749	-0.391	0.876	0.145	1461	12351
-23.838	-0.397	0.888	0.146	1462	12357
-23.745	-0.401	0.899	0.153	1461	12364
-24.576	-0.419	0.903	0.152	1466	12371
-24.872	-0.428	0.909	0.157	1466	12378
-24.814	-0.427	0.910	0.153	1464	12385
-25.376	-0.433	0.900	0.146	1468	12392
-25.160	-0.432	0.906	0.152	1466	12398
-24.747	-0.425	0.907	0.162	1471	12405
-24.666	-0.421	0.901	0.166	1468	12411
-24.221	-0.411	0.899	0.162	1456	12419
-23.652	-0.405	0.910	0.167	1466	12426
-23.381	-0.404	0.920	0.168	1474	12432
-23.166	-0.405	0.931	0.176	1474	12439
-23.347	-0.417	0.951	0.169	1471	12445
-23.178	-0.423	0.972	0.177	1479	12452
-22.628	-0.417	0.983	0.184	1483	12460
-21.952	-0.414	1.008	0.199	1483	12466
-20.644	-0.398	1.038	0.202	1485	12473
-20.403	-0.398	1.052	0.203	1484	12479
-20.248	-0.398	1.062	0.194	1484	12486
-19.695	-0.389	1.069	0.188	1484	12493
-22.473	-0.430	1.032	0.116	1488	12499
-17.666	-0.338	1.043	0.194	1489	12507
-17.193	-0.341	1.087	0.179	1490	12513
-18.022	-0.357	1.084	0.179	1490	12520
-18.580	-0.363	1.069	0.156	1488	12527
-19.203	-0.376	1.069	0.147	1492	12533
-19.919	-0.387	1.056	0.156	1497	12540
-20.610	-0.400	1.054	0.152	1491	12548
-21.000	-0.401	1.035	0.147	1494	12554
-21.452	-0.409	1.030	0.151	1493	12561
-21.596	-0.406	1.017	0.141	1490	12567
-21.833	-0.403	0.997	0.139	1497	12574
-21.745	-0.398	0.989	0.139	1499	12581
-21.468	-0.394	0.990	0.145	1500	12588
