-82.205	-1.004	-0.106	-0.087	1506	22
-82.254	-0.991	-0.105	-0.084	1507	28
-82.461	-0.992	-0.103	-0.082	1508	35
-82.653	-0.979	-0.098	-0.080	1507	41
-82.895	-0.982	-0.092	-0.081	1505	49
-82.541	-0.982	-0.086	-0.096	1507	55
-82.423	-0.992	-0.090	-0.097	1505	62
-82.211	-0.996	-0.091	-0.102	1512	68
-82.009	-0.995	-0.087	-0.109	1512	75
-82.270	-0.999	-0.090	-0.102	1515	81
-82.351	-0.982	-0.091	-0.096	1508	89
-82.128	-0.978	-0.087	-0.104	1509	95
-81.778	-0.965	-0.089	-0.107	1501	102
-81.529	-0.956	-0.085	-0.114	1504	109
-81.345	-0.960	-0.090	-0.115	1505	115
-81.102	-0.974	-0.099	-0.116	1502	122
-81.072	-0.981	-0.104	-0.114	1502	129
-81.000	-0.986	-0.105	-0.115	1501	136
-81.100	-0.990	-0.102	-0.117	1504	142
-81.128	-0.991	-0.090	-0.126	1503	149
-81.417	-0.994	-0.083	-0.125	1501	155
-81.634	-0.986	-0.068	-0.128	1502	162
-81.330	-0.979	-0.066	-0.134	1504	168
-81.563	-0.986	-0.065	-0.131	1505	176
-81.612	-0.975	-0.062	-0.130	1508	183
-81.903	-0.977	-0.059	-0.126	1502	189
-82.125	-0.977	-0.065	-0.118	1499	196
-82.303	-0.981	-0.067	-0.114	1497	202
-81.803	-0.985	-0.077	-0.119	1498	209
-81.427	-0.987	-0.088	-0.120	1497	216
-81.071	-0.981	-0.097	-0.120	1496	223
-81.268	-0.986	-0.101	-0.113	1496	229
-81.242	-0.985	-0.098	-0.116	1498	236
-81.788	-0.981	-0.097	-0.104	1498	243
-82.195	-0.989	-0.090	-0.102	1500	249
-82.157	-0.984	-0.084	-0.106	1497	257
-81.972	-0.984	-0.071	-0.119	1498	263
-82.414	-0.984	-0.063	-0.115	1500	270
-82.525	-0.985	-0.057	-0.116	1505	276
-82.774	-0.989	-0.052	-0.114	1510	283
-83.196	-0.978	-0.050	-0.105	1506	289
-83.319	-0.984	-0.053	-0.103	1502	296
-83.551	-0.985	-0.059	-0.095	1498	304
-83.238	-0.980	-0.062	-0.099	1505	310
-83.065	-0.979	-0.072	-0.095	1502	317
-82.861	-0.984	-0.080	-0.094	1502	323
-82.406	-0.984	-0.095	-0.091	1501	330
-82.349	-0.995	-0.102	-0.087	1504	336
-81.877	-0.993	-0.105	-0.095	1508	344
-81.715	-0.997	-0.113	-0.091	1509	350
-81.243	-0.997	-0.120	-0.096	1509	357
-81.231	-0.997	-0.117	-0.100	1505	364
-81.675	-0.991	-0.104	-0.101	1504	370
-81.160	-0.990	-0.107	-0.110	1505	377
-81.509	-0.990	-0.107	-0.102	1505	384
-81.222	-0.979	-0.105	-0.108	1508	391
-81.325	-0.978	-0.105	-0.105	1508	397
-81.531	-0.979	-0.104	-0.103	1511	404
-81.223	-0.979	-0.106	-0.107	1511	410
-81.072	-0.981	-0.104	-0.114	1512	417
-80.754	-0.977	-0.107	-0.117	1514	424
-80.689	-0.983	-0.106	-0.121	1516	431
-80.800	-0.982	-0.105	-0.119	1515	438
-80.669	-0.982	-0.104	-0.123	1521	444
-80.809	-0.978	-0.101	-0.122	1521	451
-81.413	-0.972	-0.091	-0.115	1516	457
-82.163	-0.977	-0.087	-0.103	1516	464
-82.005	-0.979	-0.086	-0.107	1515	471
-81.697	-0.982	-0.088	-0.113	1515	478
-81.726	-0.993	-0.091	-0.112	1515	485
-81.217	-0.999	-0.096	-0.121	1516	491
-81.491	-0.997	-0.095	-0.115	1516	498
-81.213	-1.004	-0.101	-0.118	1516	504
-81.156	-0.989	-0.099	-0.118	1516	512
-81.281	-0.991	-0.104	-0.111	1516	518
-81.070	-0.980	-0.105	-0.112	1515	525
-81.069	-0.976	-0.109	-0.107	1516	531
-80.578	-0.980	-0.106	-0.123	1516	538
-80.489	-0.978	-0.111	-0.120	1518	545
-80.448	-0.981	-0.112	-0.121	1520	551
-80.320	-0.982	-0.109	-0.127	1523	559
-80.712	-0.985	-0.107	-0.120	1525	565
-80.657	-0.979	-0.107	-0.120	1529	572
-80.739	-0.977	-0.099	-0.125	1531	578
-80.276	-0.974	-0.104	-0.131	1534	585
-80.439	-0.973	-0.110	-0.121	1536	591
-80.486	-0.978	-0.110	-0.121	1539	599
-81.252	-0.973	-0.097	-0.114	1543	606
-81.435	-0.984	-0.091	-0.117	1546	612
-81.754	-0.988	-0.095	-0.107	1546	619
-82.476	-0.996	-0.086	-0.100	1546	625
-83.110	-0.994	-0.071	-0.097	1546	632
-82.751	-0.984	-0.073	-0.102	1545	638
-83.272	-0.985	-0.067	-0.095	1545	646
-83.233	-0.982	-0.061	-0.100	1543	652
-83.472	-0.982	-0.061	-0.095	1540	659
-83.984	-0.984	-0.057	-0.087	1538	666
-84.184	-0.989	-0.056	-0.084	1538	672
-83.836	-0.991	-0.074	-0.077	1536	679
-83.312	-0.996	-0.079	-0.086	1535	686
-82.582	-0.989	-0.098	-0.084	1536	693
-82.815	-0.988	-0.104	-0.069	1535	699
-82.651	-0.987	-0.107	-0.068	1535	706
-82.630	-0.985	-0.109	-0.065	1536	712
-83.040	-0.982	-0.096	-0.072	1536	719
-83.317	-0.986	-0.087	-0.076	1537	727
-83.740	-0.994	-0.068	-0.085	1535	733
-84.450	-0.995	-0.053	-0.081	1533	740
-84.435	-0.997	-0.049	-0.084	1530	746
-84.524	-1.012	-0.041	-0.088	1528	753
-84.767	-1.007	-0.038	-0.084	1526	759
-84.447	-0.998	-0.034	-0.091	1525	766
-84.418	-0.989	-0.038	-0.089	1524	773
-84.319	-0.983	-0.043	-0.088	1521	780
-84.192	-0.986	-0.052	-0.086	1519	786
-84.000	-0.987	-0.060	-0.085	1517	793
-83.584	-0.990	-0.074	-0.083	1516	800
-83.344	-1.000	-0.083	-0.082	1516	806
-83.232	-0.990	-0.087	-0.079	1515	814
-83.066	-0.988	-0.087	-0.083	1512	820
-83.430	-0.989	-0.080	-0.081	1511	827
-82.936	-0.992	-0.089	-0.085	1510	833
-82.589	-0.993	-0.089	-0.094	1510	840
-82.356	-0.999	-0.099	-0.091	1509	846
-82.088	-0.994	-0.101	-0.095	1508	854
-82.077	-0.990	-0.104	-0.090	1507	860
-82.568	-0.988	-0.099	-0.083	1506	867
-82.523	-0.986	-0.098	-0.085	1505	874
-82.517	-0.989	-0.096	-0.088	1505	880
-83.522	-0.985	-0.080	-0.078	1504	887
-84.028	-0.990	-0.072	-0.074	1504	893
-83.427	-0.990	-0.076	-0.085	1504	901
-83.562	-0.994	-0.073	-0.085	1504	907
-83.829	-0.997	-0.073	-0.079	1503	914
-83.204	-0.991	-0.081	-0.086	1502	920
-83.730	-0.987	-0.074	-0.079	1503	927
-83.132	-0.975	-0.083	-0.083	1502	933
-83.140	-0.988	-0.080	-0.088	1503	941
-83.039	-0.990	-0.083	-0.088	1503	948
-82.665	-0.987	-0.092	-0.088	1500	954
-82.903	-0.987	-0.088	-0.086	1498	961
-82.752	-0.988	-0.090	-0.088	1497	967
-82.781	-0.983	-0.094	-0.082	1497	974
-82.844	-0.986	-0.093	-0.082	1497	980
-82.796	-0.983	-0.097	-0.078	1497	988
-82.607	-0.992	-0.102	-0.079	1496	994
-82.931	-0.996	-0.102	-0.070	1497	1001
-83.122	-0.999	-0.096	-0.073	1497	1008
-82.872	-1.004	-0.097	-0.080	1499	1014
-83.009	-1.004	-0.092	-0.082	1499	1021
-82.784	-0.993	-0.092	-0.086	1500	1028
-82.722	-0.995	-0.088	-0.092	1501	1035
-82.679	-0.979	-0.087	-0.091	1502	1042
-82.624	-0.977	-0.087	-0.092	1502	1048
-82.857	-0.986	-0.087	-0.088	1501	1055
-82.559	-0.984	-0.087	-0.095	1500	1061
-82.963	-0.990	-0.085	-0.088	1501	1069
-83.456	-0.987	-0.081	-0.079	1501	1076
-83.480	-0.985	-0.077	-0.082	1502	1082
-82.807	-0.985	-0.085	-0.091	1501	1089
-83.140	-0.987	-0.084	-0.084	1500	1095
-83.358	-0.991	-0.078	-0.085	1500	1102
-82.663	-0.992	-0.090	-0.091	1500	1108
-82.473	-0.993	-0.095	-0.091	1500	1116
-82.137	-0.994	-0.105	-0.088	1500	1123
-82.425	-0.989	-0.100	-0.086	1499	1129
-82.646	-0.995	-0.091	-0.091	1498	1136
-82.723	-0.995	-0.091	-0.089	1497	1143
-82.579	-0.993	-0.086	-0.097	1497	1149
-82.844	-0.992	-0.082	-0.094	1496	1157
-82.933	-0.986	-0.072	-0.099	1495	1163
-83.456	-0.978	-0.062	-0.094	1495	1170
-83.519	-0.982	-0.061	-0.094	1494	1177
-84.033	-0.982	-0.055	-0.087	1494	1183
-83.624	-0.979	-0.063	-0.090	1495	1190
-83.070	-0.980	-0.065	-0.100	1495	1197
-83.186	-0.980	-0.075	-0.090	1494	1204
-82.484	-0.985	-0.087	-0.097	1493	1211
-82.702	-0.992	-0.091	-0.089	1492	1217
-82.513	-0.993	-0.094	-0.091	1492	1224
-82.371	-0.995	-0.096	-0.093	1491	1230
-82.850	-1.021	-0.124	0.032	1491	1238
-83.093	-1.031	-0.097	0.079	1491	1244
-80.682	-1.059	-0.087	-0.150	1492	1251
-77.931	-1.007	-0.211	0.043	1491	1258
0.764	0.011	0.075	0.802	1489	1264
0.650	0.020	-0.423	-1.670	1492	1271
-82.828	-1.227	0.004	-0.154	1494	1277
-88.798	-1.728	0.036	-0.003	1494	1285
-85.062	-1.494	-0.125	-0.032	1493	1292
-87.674	-1.108	-0.044	-0.010	1489	1298
-88.126	-0.897	-0.029	0.002	1486	1305
-81.804	-0.690	-0.069	-0.071	1485	1311
-76.828	-0.668	0.005	-0.156	1487	1318
-80.330	-0.692	-0.014	-0.117	1490	1325
-83.644	-0.705	-0.062	-0.049	1492	1332
-82.473	-0.872	-0.115	0.000	1492	1339
-82.049	-1.043	-0.112	-0.093	1493	1345
-84.452	-1.156	-0.067	-0.090	1494	1352
-85.678	-1.201	-0.059	-0.069	1494	1358
-83.642	-1.153	-0.117	-0.053	1494	1366
-80.952	-1.078	-0.155	-0.073	1495	1373
-79.611	-0.982	-0.149	-0.101	1496	1379
-79.547	-0.921	-0.122	-0.118	1497	1386
-80.611	-0.906	-0.087	-0.122	1497	1393
-82.611	-0.916	-0.053	-0.106	1497	1399
-84.384	-0.973	-0.042	-0.086	1498	1406
-84.169	-0.995	-0.068	-0.075	1499	1413
-83.228	-1.007	-0.081	-0.088	1498	1420
-81.991	-1.012	-0.097	-0.104	1498	1427
-81.943	-0.999	-0.091	-0.108	1497	1433
-81.803	-0.980	-0.087	-0.111	1498	1440
-82.498	-0.978	-0.075	-0.104	1498	1446
-82.870	-0.975	-0.079	-0.093	1498	1454
-82.943	-0.975	-0.077	-0.093	1499	1461
-82.944	-0.983	-0.081	-0.091	1500	1467
-82.612	-0.985	-0.089	-0.092	1503	1474
-82.292	-1.016	-0.095	-0.100	1503	1480
-82.193	-1.013	-0.101	-0.096	1503	1487
-41.315	-1.809	-0.487	1.999	1499	1495
13.346	0.500	-0.668	1.999	1496	1501
-11.907	-0.450	-0.747	-2.000	1498	1508
-84.485	-2.000	0.042	-0.188	1500	1514
-83.351	-1.968	0.180	-0.143	1498	1521
-85.967	-1.264	0.064	0.062	1496	1527
-86.245	-1.021	0.015	0.065	1489	1534
-84.887	-0.871	-0.048	-0.062	1484	1542
-74.833	-0.739	-0.073	-0.187	1481	1548
-73.460	-0.645	-0.001	-0.191	1480	1555
-76.758	-0.519	-0.021	-0.120	1482	1561
-81.859	-0.611	-0.076	-0.043	1483	1568
-78.485	-0.595	-0.113	0.043	1483	1575
-80.402	-0.810	-0.133	-0.033	1483	1582
-82.405	-1.127	-0.064	0.136	1482	1589
-88.146	-1.323	-0.018	-0.039	1482	1596
-85.043	-1.350	-0.105	-0.051	1481	1602
-79.921	-1.231	-0.204	-0.079	1483	1609
-76.937	-1.054	-0.229	-0.087	1484	1615
-75.547	-0.929	-0.216	-0.104	1486	1623
-76.639	-0.862	-0.168	-0.117	1490	1630
-79.220	-0.864	-0.110	-0.122	1494	1636
-82.365	-0.912	-0.072	-0.099	1497	1643
-83.988	-0.984	-0.076	-0.070	1501	1649
-83.472	-1.016	-0.092	-0.071	1503	1656
-82.683	-1.037	-0.103	-0.085	1503	1664
-82.218	-1.026	-0.103	-0.096	1502	1670
-82.079	-1.013	-0.098	-0.102	1500	1677
-82.303	-0.993	-0.089	-0.101	1500	1683
-82.559	-0.972	-0.081	-0.098	1498	1690
-82.032	-0.965	-0.088	-0.103	1497	1697
-82.171	-0.955	-0.082	-0.103	1497	1703
-82.674	-0.970	-0.081	-0.095	1497	1711
-82.167	-0.979	-0.092	-0.099	1497	1717
-82.962	-1.007	-0.089	-0.087	1497	1724
-82.820	-1.004	-0.093	-0.086	1498	1731
-83.080	-0.996	-0.083	-0.088	1499	1737
-83.460	-0.996	-0.075	-0.086	1499	1744
-83.598	-0.993	-0.073	-0.084	1501	1751
-83.255	-0.983	-0.076	-0.088	1500	1758
-83.338	-0.976	-0.079	-0.082	1501	1765
-83.172	-0.986	-0.082	-0.085	1511	1771
-82.686	-0.986	-0.084	-0.095	1529	1778
-82.845	-0.990	-0.087	-0.089	1535	1784
-83.046	-0.985	-0.087	-0.083	1561	1792
-83.498	-0.986	-0.087	-0.071	1572	1799
-83.238	-0.989	-0.097	-0.066	1582	1805
-82.781	-0.993	-0.111	-0.059	1551	1812
-81.790	-1.002	-0.129	-0.065	1511	1818
-80.717	-1.013	-0.147	-0.075	1500	1825
-80.534	-1.014	-0.141	-0.094	1490	1832
-80.916	-1.003	-0.135	-0.087	1488	1839
-80.948	-0.998	-0.134	-0.086	1483	1846
-81.182	-0.983	-0.121	-0.093	1477	1852
-81.307	-0.976	-0.115	-0.095	1476	1859
-81.867	-0.978	-0.109	-0.087	1460	1866
-81.510	-0.989	-0.113	-0.095	1450	1872
-81.855	-1.005	-0.112	-0.090	1463	1880
-81.127	-0.998	-0.118	-0.102	1441	1886
-81.627	-0.990	-0.105	-0.101	1445	1893
-81.267	-0.981	-0.112	-0.101	1429	1900
-81.595	-0.960	-0.106	-0.094	1426	1906
-81.955	-0.960	-0.103	-0.089	1425	1913
-81.988	-0.957	-0.093	-0.098	1420	1920
-81.976	-0.961	-0.100	-0.092	1433	1927
-82.238	-0.968	-0.095	-0.092	1437	1934
-83.075	-0.979	-0.081	-0.087	1426	1940
-83.264	-0.987	-0.069	-0.094	1421	1947
-84.042	-1.003	-0.054	-0.090	1435	1953
-83.741	-0.998	-0.029	-0.105	1430	1960
-84.045	-1.001	-0.014	-0.104	1432	1968
-83.384	-0.997	0.010	-0.115	1434	1974
-83.176	-0.990	0.009	-0.118	1442	1981
-83.821	-0.995	0.017	-0.106	1455	1987
-83.241	-0.988	0.015	-0.116	1456	1994
-83.547	-0.987	0.009	-0.111	1460	2001
-83.296	-0.980	0.002	-0.115	1472	2008
-83.627	-0.982	-0.009	-0.109	1470	2015
-84.316	-0.982	-0.015	-0.097	1476	2021
-84.588	-0.979	-0.026	-0.089	1482	2028
-84.156	-0.990	-0.043	-0.092	1475	2035
-84.185	-0.987	-0.049	-0.088	1487	2041
-84.090	-0.997	-0.056	-0.087	1489	2049
-83.899	-1.005	-0.069	-0.082	1494	2055
-84.395	-1.007	-0.067	-0.072	1506	2062
-83.820	-1.000	-0.068	-0.084	1503	2068
-84.111	-0.996	-0.061	-0.083	1511	2075
-84.302	-0.997	-0.052	-0.085	1525	2082
-84.112	-0.992	-0.041	-0.094	1530	2088
-83.425	-0.989	-0.032	-0.109	1552	2096
-83.597	-0.981	-0.020	-0.108	1544	2102
-83.182	-0.977	-0.028	-0.113	1549	2109
-83.668	-0.974	-0.023	-0.105	1536	2116
-83.201	-0.977	-0.045	-0.107	1538	2122
-82.808	-0.975	-0.066	-0.104	1551	2129
-82.679	-0.982	-0.069	-0.105	1561	2137
-83.293	-0.980	-0.072	-0.090	1569	2143
-83.591	-0.987	-0.071	-0.085	1552	2150
-83.679	-0.998	-0.075	-0.081	1551	2156
-83.871	-1.004	-0.060	-0.090	1561	2163
-84.042	-1.025	-0.050	-0.095	1561	2169
-84.466	-1.024	-0.040	-0.091	1552	2177
-83.885	-1.026	-0.037	-0.104	1552	2184
-83.805	-1.015	-0.020	-0.108	1560	2190
-83.950	-0.993	-0.013	-0.104	1560	2197
-83.845	-0.979	0.006	-0.105	1555	2203
-83.604	-0.975	0.014	-0.108	1550	2210
-83.278	-0.971	0.026	-0.111	1559	2217
-82.999	-0.971	0.037	-0.113	1557	2224
-82.131	-0.974	0.057	-0.122	1567	2231
-82.077	-0.979	0.064	-0.120	1571	2237
-83.144	-0.989	0.059	-0.104	1569	2244
-83.340	-0.991	0.052	-0.104	1575	2251
-84.545	-0.993	0.027	-0.091	1578	2257
-84.909	-0.989	0.015	-0.087	1568	2265
-84.990	-0.985	-0.009	-0.086	1578	2271
-83.983	-0.982	-0.028	-0.100	1567	2278
-83.445	-0.984	-0.052	-0.101	1564	2285
-83.094	-0.987	-0.062	-0.103	1566	2291
-82.727	-0.989	-0.072	-0.104	1575	2298
-82.310	-0.995	-0.072	-0.113	1567	2305
-82.421	-0.983	-0.070	-0.110	1597	2312
-82.390	-0.990	-0.068	-0.113	1579	2319
-82.916	-0.989	-0.062	-0.106	1596	2325
-82.886	-0.983	-0.054	-0.110	1569	2332
-82.725	-0.983	-0.050	-0.115	1553	2338
-83.126	-0.986	-0.036	-0.113	1542	2345
-82.877	-0.984	-0.034	-0.118	1574	2353
-82.929	-0.981	-0.029	-0.118	1550	2359
-83.512	-0.987	-0.015	-0.111	1570	2366
-83.846	-0.988	0.005	-0.106	1554	2372
-84.050	-0.989	0.011	-0.103	1570	2379
-83.308	-0.989	0.029	-0.112	1553	2386
-83.076	-0.984	0.035	-0.114	1568	2393
-82.814	-0.982	0.048	-0.114	1538	2400
-82.573	-0.979	0.046	-0.119	1525	2406
-82.726	-0.982	0.042	-0.118	1527	2413
-82.980	-0.981	0.033	-0.116	1556	2420
-83.700	-0.985	0.022	-0.106	1534	2426
-84.380	-0.985	0.016	-0.096	1555	2434
-84.899	-0.977	0.015	-0.086	1559	2440
-85.184	-0.984	0.018	-0.081	1598	2447
-85.793	-0.993	0.011	-0.072	1560	2454
-85.043	-1.000	0.012	-0.086	1555	2460
-85.164	-1.006	0.005	-0.085	1548	2467
-84.300	-1.011	0.008	-0.101	1564	2473
-84.176	-1.016	0.004	-0.104	1550	2481
-84.074	-1.009	0.007	-0.104	1551	2488
-83.719	-0.995	0.006	-0.109	1535	2494
-83.939	-0.983	0.014	-0.104	1556	2501
-83.596	-0.984	0.016	-0.109	1601	2507
-83.588	-0.977	0.022	-0.107	1569	2514
-83.857	-0.973	0.025	-0.102	1538	2522
-84.456	-0.974	0.022	-0.092	1541	2528
-84.632	-0.974	0.025	-0.088	1534	2535
-84.410	-0.975	0.018	-0.094	1530	2541
-84.908	-0.987	0.014	-0.087	1540	2548
-84.518	-0.999	0.006	-0.096	1539	2554
-85.115	-0.995	-0.004	-0.085	1551	2562
-85.778	-1.001	0.010	-0.073	1527	2569
-84.994	-1.004	0.003	-0.088	1569	2575
-84.953	-0.996	0.004	-0.088	1559	2582
-84.575	-0.996	0.013	-0.094	1552	2588
-85.007	-0.995	0.022	-0.084	1538	2595
-84.663	-0.995	0.030	-0.088	1552	2603
-84.375	-0.984	0.043	-0.087	1543	2609
-83.658	-0.994	0.050	-0.099	1525	2616
-83.707	-0.994	0.050	-0.098	1516	2622
-83.944	-0.992	0.048	-0.094	1589	2629
-83.589	-0.994	0.058	-0.096	1565	2636
-84.003	-0.985	0.055	-0.088	1540	2642
-84.266	-0.983	0.047	-0.087	1508	2650
-84.764	-0.979	0.046	-0.077	1507	2656
-84.870	-0.976	0.045	-0.075	1538	2663
-84.548	-0.990	0.037	-0.087	1528	2669
-84.613	-1.000	0.034	-0.088	1549	2676
-84.920	-1.002	0.023	-0.086	1529	2683
-85.648	-0.994	0.015	-0.074	1573	2690
-85.966	-0.994	0.022	-0.066	1528	2697
-85.935	-0.997	0.015	-0.069	1532	2703
-85.991	-0.987	0.011	-0.068	1516	2710
-85.765	-0.996	0.009	-0.073	1548	2717
-85.661	-0.997	0.015	-0.074	1539	2723
-85.706	-0.997	0.010	-0.074	1543	2731
-86.145	-0.995	0.015	-0.065	1541	2737
-85.347	-0.994	0.024	-0.077	1524	2744
-84.965	-0.999	0.026	-0.084	1555	2750
-84.603	-0.997	0.031	-0.089	1560	2757
-84.432	-1.004	0.041	-0.089	1545	2764
-84.461	-1.000	0.045	-0.086	1534	2770
-84.161	-0.993	0.056	-0.085	1543	2778
-83.817	-0.984	0.064	-0.085	1536	2784
-84.146	-0.980	0.064	-0.077	1593	2791
-83.631	-0.979	0.072	-0.082	1537	2798
-83.516	-0.981	0.072	-0.085	1549	2804
-83.330	-0.986	0.080	-0.083	1548	2811
-82.912	-0.996	0.072	-0.101	1537	2818
-82.911	-0.998	0.065	-0.105	1511	2825
-83.381	-0.992	0.065	-0.095	1495	2832
-83.246	-0.991	0.069	-0.095	1547	2838
-83.075	-0.986	0.078	-0.091	1524	2845
-82.792	-0.984	0.083	-0.093	1567	2851
-82.814	-0.987	0.083	-0.093	1557	2859
-83.025	-0.982	0.083	-0.087	1549	2866
-83.278	-0.984	0.083	-0.081	1540	2872
-83.095	-0.982	0.079	-0.089	1542	2879
-83.347	-0.987	0.073	-0.089	1485	2885
-83.049	-0.984	0.068	-0.099	1528	2892
-83.181	-0.985	0.064	-0.099	1510	2899
-82.858	-0.981	0.069	-0.102	1564	2906
-83.294	-0.975	0.062	-0.097	1514	2913
-83.641	-0.981	0.066	-0.087	1512	2919
-83.518	-0.985	0.069	-0.088	1498	2926
-83.003	-0.988	0.078	-0.093	1503	2933
-83.122	-0.986	0.073	-0.094	1553	2939
-83.006	-0.989	0.069	-0.100	1516	2947
-83.206	-0.991	0.066	-0.098	1482	2953
-83.622	-0.986	0.063	-0.091	1521	2960
-83.950	-0.981	0.059	-0.086	1503	2966
-83.977	-0.983	0.060	-0.085	1515	2973
-84.274	-0.995	0.064	-0.076	1511	2980
-84.058	-0.995	0.073	-0.073	1459	2987
-83.532	-0.999	0.081	-0.079	1489	2994
-83.022	-0.987	0.086	-0.085	1474	3000
-82.931	-0.986	0.090	-0.083	1461	3007
-82.262	-0.982	0.100	-0.089	1510	3014
-82.180	-0.981	0.100	-0.091	1473	3020
-82.432	-0.979	0.097	-0.087	1453	3027
-82.527	-0.984	0.092	-0.091	1484	3034
-82.681	-0.986	0.083	-0.096	1496	3041
-82.445	-0.989	0.092	-0.094	1524	3048
-82.572	-0.991	0.088	-0.095	1460	3054
-83.214	-0.988	0.088	-0.078	1447	3061
-83.055	-0.986	0.085	-0.085	1454	3067
-83.527	-0.981	0.083	-0.074	1478	3075
-83.161	-0.985	0.080	-0.087	1483	3082
-83.062	-0.985	0.077	-0.092	1436	3088
-82.943	-0.987	0.086	-0.087	1460	3095
-83.203	-0.987	0.089	-0.077	1489	3101
-83.434	-0.982	0.091	-0.067	1458	3108
-83.544	-0.986	0.092	-0.063	1446	3116
-83.705	-0.992	0.090	-0.063	1448	3122
-83.908	-1.001	0.086	-0.063	1443	3129
-83.638	-1.004	0.091	-0.065	1430	3135
-83.046	-0.996	0.098	-0.072	1490	3142
-82.379	-0.985	0.105	-0.079	1472	3149
-82.422	-0.981	0.107	-0.074	1473	3155
-82.078	-0.978	0.115	-0.072	1465	3163
-81.958	-0.981	0.110	-0.084	1444	3169
-81.600	-0.994	0.111	-0.096	1469	3176
-81.710	-0.991	0.112	-0.091	1455	3183
-81.840	-1.000	0.116	-0.084	1491	3189
-82.037	-0.994	0.121	-0.068	1452	3196
-81.820	-0.989	0.131	-0.056	1457	3203
-81.466	-0.992	0.138	-0.057	1487	3210
-81.220	-0.998	0.147	-0.045	1450	3217
-80.284	-0.992	0.160	-0.057	1515	3223
-79.834	-0.991	0.166	-0.063	1459	3230
-80.099	-0.994	0.158	-0.071	1491	3236
-80.675	-0.987	0.150	-0.061	1479	3244
-81.026	-0.987	0.140	-0.069	1496	3251
-81.585	-0.980	0.124	-0.075	1469	3257
-81.968	-0.981	0.109	-0.085	1465	3264
-82.134	-0.973	0.106	-0.082	1513	3270
-82.461	-0.985	0.101	-0.083	1506	3277
-82.326	-0.985	0.099	-0.089	1514	3284
-82.091	-0.988	0.105	-0.088	1465	3291
-82.337	-0.983	0.113	-0.068	1566	3298
-81.819	-0.982	0.123	-0.069	1476	3304
-81.694	-0.990	0.129	-0.065	1448	3311
-81.065	-0.997	0.135	-0.080	1480	3318
-80.767	-1.005	0.146	-0.074	1523	3324
-81.175	-0.996	0.137	-0.072	1476	3332
-81.529	-0.982	0.130	-0.067	1454	3338
-81.958	-0.976	0.119	-0.069	1480	3345
-82.005	-0.971	0.110	-0.080	1441	3352
-82.289	-0.979	0.108	-0.076	1455	3358
-82.585	-0.995	0.109	-0.069	1451	3365
-82.043	-1.001	0.122	-0.068	1457	3372
-81.481	-1.007	0.132	-0.073	1466	3379
-80.337	-0.999	0.158	-0.063	1440	3386
-80.055	-0.996	0.168	-0.048	1477	3392
-79.336	-0.991	0.181	-0.047	1505	3399
-78.976	-0.980	0.184	-0.053	1500	3405
-78.226	-0.967	0.188	-0.071	1477	3412
-77.945	-0.954	0.187	-0.082	1467	3420
-77.771	-0.958	0.182	-0.101	1450	3426
-78.494	-0.957	0.165	-0.104	1499	3433
-79.597	-0.968	0.148	-0.098	1520	3439
-80.561	-0.972	0.131	-0.095	1497	3446
-81.528	-0.990	0.116	-0.091	1463	3453
-81.455	-0.989	0.119	-0.089	1484	3460
-81.131	-0.993	0.127	-0.089	1472	3467
-80.588	-0.980	0.137	-0.088	1512	3473
-79.026	-0.978	0.169	-0.086	1514	3480
-78.442	-0.974	0.186	-0.072	1557	3487
-77.511	-0.968	0.199	-0.079	1474	3493
-77.505	-0.975	0.200	-0.081	1483	3501
-77.739	-0.974	0.193	-0.086	1489	3507
-78.413	-0.976	0.180	-0.088	1525	3514
-78.852	-0.971	0.172	-0.084	1449	3521
-79.680	-0.975	0.155	-0.086	1489	3527
-80.820	-0.976	0.142	-0.069	1474	3534
-80.835	-0.982	0.146	-0.061	1442	3540
-80.665	-0.983	0.146	-0.068	1479	3548
-80.124	-0.991	0.156	-0.073	1453	3555
-79.384	-0.989	0.170	-0.074	1460	3561
-78.938	-0.987	0.183	-0.063	1450	3568
-78.650	-0.979	0.187	-0.062	1462	3574
-78.290	-0.979	0.195	-0.055	1493	3581
-77.759	-0.973	0.202	-0.061	1523	3589
-77.866	-0.981	0.202	-0.061	1468	3595
-77.875	-0.975	0.199	-0.064	1491	3602
-78.553	-0.975	0.187	-0.064	1439	3608
-79.529	-0.977	0.169	-0.063	1474	3615
-79.620	-0.970	0.170	-0.052	1541	3622
-79.808	-0.968	0.167	-0.049	1467	3629
-79.809	-0.975	0.168	-0.050	1403	3636
-79.472	-0.979	0.175	-0.051	1433	3642
-78.525	-0.988	0.194	-0.050	1512	3649
-78.030	-0.989	0.206	-0.039	1516	3656
-76.554	-0.982	0.233	-0.026	1435	3662
-75.572	-0.986	0.253	-0.021	1448	3670
-74.937	-0.982	0.264	-0.020	1498	3676
-74.804	-0.988	0.268	-0.021	1486	3683
-74.878	-0.996	0.267	-0.037	1501	3690
-75.341	-1.004	0.257	-0.055	1456	3696
-75.835	-1.015	0.247	-0.067	1548	3703
-76.848	-0.998	0.217	-0.086	1483	3709
-77.556	-0.979	0.203	-0.073	1437	3717
-78.543	-0.964	0.178	-0.081	1468	3724
-79.542	-0.948	0.151	-0.088	1521	3730
-80.586	-0.938	0.133	-0.081	1476	3737
-80.770	-0.947	0.131	-0.081	1541	3743
-80.093	-0.952	0.139	-0.092	1462	3750
-79.884	-0.975	0.145	-0.097	1462	3758
-79.904	-0.987	0.146	-0.099	1436	3764
-79.095	-0.989	0.163	-0.099	1502	3771
-78.236	-0.982	0.179	-0.100	1483	3777
-77.272	-0.980	0.196	-0.103	1507	3784
-77.004	-0.973	0.201	-0.100	1522	3791
-77.293	-0.967	0.197	-0.093	1498	3798
-77.870	-0.971	0.191	-0.083	1502	3805
-78.050	-0.966	0.188	-0.079	1493	3811
-78.173	-0.959	0.185	-0.079	1492	3818
-78.415	-0.950	0.174	-0.088	1497	3825
-79.101	-0.947	0.155	-0.096	1499	3831
-79.760	-0.954	0.146	-0.091	1542	3838
-79.484	-0.961	0.152	-0.093	1527	3845
-78.969	-0.979	0.168	-0.091	1472	3852
-78.161	-0.988	0.182	-0.100	1568	3859
-77.262	-0.993	0.199	-0.104	1537	3865
-75.964	-0.984	0.228	-0.094	1490	3872
-74.691	-0.974	0.252	-0.087	1473	3878
-73.799	-0.967	0.270	-0.079	1533	3886
-73.064	-0.952	0.280	-0.074	1501	3893
-73.196	-0.952	0.279	-0.068	1612	3899
-73.610	-0.965	0.276	-0.064	1456	3906
-74.225	-0.968	0.264	-0.072	1460	3912
-75.011	-0.980	0.253	-0.070	1563	3919
-75.149	-0.974	0.251	-0.061	1496	3927
-75.658	-0.974	0.241	-0.062	1447	3933
-76.525	-0.972	0.226	-0.058	1482	3940
-76.818	-0.966	0.219	-0.058	1606	3946
-77.027	-0.971	0.218	-0.051	1533	3953
-77.409	-0.974	0.210	-0.057	1456	3960
-77.940	-0.976	0.202	-0.051	1501	3966
-77.479	-0.972	0.210	-0.050	1520	3974
-76.603	-0.974	0.226	-0.054	1529	3980
-75.894	-0.973	0.234	-0.069	1510	3987
-75.627	-0.973	0.240	-0.066	1528	3994
-74.743	-0.973	0.253	-0.080	1518	4000
-74.800	-0.978	0.251	-0.087	1484	4007
-74.849	-0.970	0.244	-0.097	1427	4014
-74.709	-0.968	0.245	-0.100	1542	4021
-74.913	-0.971	0.243	-0.097	1480	4028
-75.293	-0.965	0.239	-0.083	1445	4034
-75.826	-0.968	0.234	-0.069	1455	4041
-76.326	-0.972	0.229	-0.061	1443	4047
-76.564	-0.971	0.226	-0.054	1492	4055
-76.759	-0.968	0.224	-0.043	1461	4062
-76.323	-0.964	0.231	-0.038	1518	4068
-75.916	-0.954	0.236	-0.038	1511	4075
-75.400	-0.951	0.245	-0.036	1461	4081
-75.855	-0.949	0.237	-0.030	1433	4088
-75.559	-0.948	0.239	-0.049	1506	4096
-76.673	-0.960	0.220	-0.059	1491	4102
-77.618	-0.974	0.204	-0.063	1507	4109
-78.093	-0.975	0.192	-0.072	1517	4115
-78.676	-0.979	0.185	-0.066	1469	4122
-78.743	-0.975	0.183	-0.065	1501	4129
-77.873	-0.980	0.198	-0.071	1503	4135
-77.110	-0.977	0.215	-0.062	1515	4143
-76.436	-0.990	0.229	-0.066	1433	4149
-75.212	-0.986	0.251	-0.069	1498	4156
-74.047	-0.980	0.273	-0.062	1431	4163
-73.366	-0.975	0.284	-0.063	1408	4169
-72.790	-0.966	0.293	-0.061	1398	4176
-72.471	-0.954	0.297	-0.052	1523	4183
-72.432	-0.952	0.296	-0.058	1528	4190
-73.009	-0.942	0.285	-0.040	1455	4197
-73.255	-0.947	0.280	-0.052	1539	4203
-73.409	-0.941	0.276	-0.048	1506	4210
-74.355	-0.967	0.264	-0.062	1452	4216
-75.072	-0.977	0.248	-0.079	1507	4224
-75.440	-0.989	0.244	-0.080	1469	4231
-76.013	-0.998	0.235	-0.080	1414	4237
-76.039	-0.993	0.241	-0.053	1483	4244
-74.875	-0.984	0.262	-0.048	1471	4250
-73.412	-0.976	0.286	-0.051	1422	4257
-72.090	-0.965	0.307	-0.057	1490	4264
-71.156	-0.951	0.318	-0.063	1578	4271
-69.550	-0.939	0.343	-0.072	1433	4278
-69.184	-0.947	0.352	-0.078	1378	4284
-69.453	-0.964	0.349	-0.095	1422	4291
-69.954	-0.963	0.339	-0.093	1526	4298
-71.058	-0.948	0.312	-0.091	1459	4304
-72.809	-0.940	0.280	-0.078	1475	4312
-74.939	-0.938	0.246	-0.057	1547	4318
-77.083	-0.947	0.212	-0.048	1489	4325
-78.993	-0.948	0.181	-0.037	1484	4332
-80.466	-0.949	0.159	-0.009	1450	4338
-81.350	-0.946	0.144	-0.011	1476	4345
-81.276	-0.936	0.144	-0.002	1497	4352
-80.827	-0.945	0.152	-0.010	1472	4359
-80.512	-0.957	0.159	-0.016	1514	4366
-80.005	-0.977	0.170	-0.027	1488	4372
-80.034	-0.994	0.172	-0.031	1495	4379
-78.989	-0.995	0.189	-0.040	1460	4385
-77.789	-1.003	0.212	-0.047	1488	4392
-77.266	-1.015	0.222	-0.059	1514	4400
-76.271	-0.997	0.234	-0.066	1507	4406
-75.358	-0.986	0.247	-0.073	1471	4413
-75.488	-0.971	0.241	-0.070	1583	4419
-75.852	-0.965	0.233	-0.068	1467	4426
-75.581	-0.943	0.232	-0.069	1589	4433
-75.627	-0.936	0.229	-0.069	1460	4440
-75.541	-0.931	0.227	-0.079	1547	4447
-75.424	-0.928	0.230	-0.071	1470	4453
-76.050	-0.946	0.225	-0.069	1453	4460
-76.587	-0.947	0.217	-0.063	1582	4467
-76.889	-0.954	0.217	-0.049	1516	4473
-77.197	-0.961	0.215	-0.039	1499	4481
-77.185	-0.968	0.218	-0.032	1473	4487
-77.111	-0.975	0.222	-0.024	1438	4494
-76.853	-0.979	0.228	-0.021	1522	4501
-75.388	-0.981	0.255	-0.022	1479	4507
-73.747	-0.971	0.281	-0.031	1472	4514
-72.262	-0.972	0.309	-0.037	1534	4520
-71.331	-0.968	0.325	-0.034	1529	4528
-70.391	-0.959	0.340	-0.035	1510	4535
-69.846	-0.951	0.347	-0.041	1425	4541
-69.774	-0.952	0.349	-0.039	1508	4548
-69.415	-0.941	0.351	-0.046	1476	4554
-69.549	-0.952	0.352	-0.050	1454	4561
-69.550	-0.943	0.349	-0.047	1460	4569
-70.329	-0.946	0.334	-0.054	1447	4575
-71.185	-0.952	0.321	-0.045	1528	4582
-71.367	-0.953	0.318	-0.044	1503	4588
-71.885	-0.956	0.311	-0.037	1539	4595
-72.564	-0.957	0.300	-0.021	1477	4602
-72.518	-0.957	0.301	-0.020	1597	4609
-72.970	-0.964	0.295	-0.014	1453	4616
-73.228	-0.963	0.290	-0.010	1445	4622
-73.869	-0.959	0.276	-0.023	1406	4629
-74.262	-0.959	0.270	-0.020	1521	4636
-74.848	-0.955	0.258	-0.021	1487	4642
-75.368	-0.952	0.246	-0.035	1479	4649
-75.075	-0.963	0.251	-0.054	1517	4656
-74.742	-0.957	0.250	-0.075	1521	4663
-74.901	-0.960	0.242	-0.092	1405	4670
-74.622	-0.952	0.239	-0.106	1408	4676
-74.602	-0.954	0.240	-0.106	1451	4683
-74.320	-0.962	0.251	-0.100	1430	4689
-73.618	-0.957	0.268	-0.087	1517	4697
-73.462	-0.963	0.276	-0.073	1392	4704
-72.201	-0.951	0.298	-0.067	1397	4710
-71.796	-0.945	0.308	-0.045	1516	4717
-71.566	-0.937	0.310	-0.040	1566	4723
-71.669	-0.927	0.305	-0.038	1498	4730
-71.777	-0.938	0.307	-0.035	1462	4738
-72.474	-0.944	0.296	-0.037	1558	4744
-72.746	-0.951	0.292	-0.045	1470	4751
-73.188	-0.964	0.287	-0.049	1416	4757
-72.962	-0.970	0.293	-0.050	1454	4764
-72.229	-0.966	0.305	-0.055	1488	4771
-72.310	-0.972	0.307	-0.045	1459	4777
-72.431	-0.965	0.303	-0.041	1466	4785
-72.459	-0.964	0.303	-0.034	1464	4791
-72.295	-0.946	0.300	-0.037	1476	4798
-72.366	-0.935	0.294	-0.043	1566	4805
-71.831	-0.921	0.297	-0.057	1481	4811
-72.113	-0.917	0.289	-0.063	1535	4818
-72.501	-0.915	0.279	-0.072	1458	4825
-73.096	-0.916	0.267	-0.080	1545	4832
-73.764	-0.913	0.252	-0.085	1530	4839
-74.067	-0.924	0.251	-0.081	1364	4845
-74.328	-0.934	0.250	-0.078	1462	4852
-74.426	-0.953	0.254	-0.078	1437	4858
-74.149	-0.967	0.267	-0.065	1469	4866
-73.522	-0.972	0.284	-0.043	1442	4873
-72.056	-0.969	0.312	-0.037	1489	4879
-70.379	-0.955	0.339	-0.033	1529	4886
-68.907	-0.934	0.358	-0.035	1621	4892
-68.213	-0.922	0.365	-0.049	1443	4899
-68.465	-0.913	0.356	-0.053	1462	4907
-68.572	-0.902	0.347	-0.072	1466	4913
-69.836	-0.914	0.324	-0.087	1431	4920
-70.785	-0.921	0.312	-0.073	1483	4926
-71.612	-0.940	0.308	-0.056	1421	4933
-72.217	-0.951	0.302	-0.045	1427	4940
-72.089	-0.954	0.308	-0.021	1443	4946
-71.015	-0.957	0.329	-0.010	1517	4954
-69.888	-0.952	0.349	-0.004	1422	4960
-68.046	-0.945	0.381	-0.012	1473	4967
-67.027	-0.945	0.400	-0.017	1549	4974
-66.185	-0.932	0.410	-0.029	1422	4980
-66.443	-0.922	0.400	-0.035	1565	4987
-67.012	-0.912	0.385	-0.041	1503	4994
-68.488	-0.907	0.354	-0.047	1478	5001
-69.971	-0.921	0.331	-0.056	1500	5008
-71.264	-0.924	0.307	-0.064	1377	5014
-72.306	-0.944	0.296	-0.057	1513	5021
-72.792	-0.959	0.293	-0.049	1496	5027
-72.661	-0.972	0.302	-0.031	1401	5035
-71.824	-0.986	0.323	-0.020	1403	5042
-69.593	-0.984	0.366	-0.004	1479	5048
-67.750	-0.967	0.396	-0.004	1529	5055
-66.116	-0.955	0.423	-0.007	1404	5061
-65.555	-0.928	0.421	-0.026	1516	5068
-65.787	-0.910	0.406	-0.050	1513	5075
-66.708	-0.888	0.378	-0.057	1480	5082
-68.569	-0.872	0.337	-0.061	1496	5089
-70.992	-0.862	0.291	-0.060	1462	5095
-72.553	-0.867	0.268	-0.052	1393	5102
-73.978	-0.887	0.251	-0.043	1394	5109
-74.535	-0.923	0.251	-0.047	1531	5115
-74.478	-0.954	0.264	-0.026	1385	5123
-73.788	-0.982	0.285	-0.017	1396	5129
-71.642	-0.995	0.330	-0.010	1453	5136
-70.303	-0.990	0.354	-0.001	1392	5143
-68.641	-0.981	0.384	-0.004	1435	5149
-66.468	-0.960	0.418	-0.008	1550	5156
-65.329	-0.930	0.427	-0.016	1474	5163
-64.521	-0.909	0.433	-0.023	1539	5170
-64.257	-0.888	0.427	-0.033	1500	5176
-65.341	-0.889	0.404	-0.055	1419	5183
-66.585	-0.892	0.381	-0.063	1484	5190
-68.646	-0.898	0.344	-0.072	1479	5196
-70.167	-0.916	0.324	-0.063	1480	5203
-71.128	-0.944	0.320	-0.040	1544	5210
-72.082	-0.964	0.311	-0.026	1379	5217
-71.372	-0.971	0.327	-0.006	1522	5224
-70.437	-0.976	0.347	-0.002	1354	5230
-68.966	-0.968	0.372	-0.008	1384	5237
-66.686	-0.938	0.404	-0.011	1449	5243
-64.726	-0.910	0.430	-0.005	1471	5251
-64.176	-0.895	0.433	-0.016	1454	5258
-64.405	-0.884	0.423	-0.021	1605	5264
-65.686	-0.889	0.399	-0.041	1503	5271
-67.643	-0.886	0.362	-0.038	1525	5277
-69.157	-0.903	0.340	-0.053	1552	5284
-71.263	-0.917	0.306	-0.058	1454	5292
-71.921	-0.939	0.302	-0.055	1548	5298
-72.182	-0.946	0.302	-0.038	1453	5305
-71.525	-0.963	0.321	-0.017	1471	5311
-70.312	-0.970	0.347	-0.015	1390	5318
-68.429	-0.966	0.382	-0.001	1488	5325
-66.631	-0.949	0.410	-0.001	1525	5331
-64.323	-0.929	0.446	-0.014	1385	5339
-63.091	-0.905	0.459	-0.021	1547	5345
-62.382	-0.896	0.468	-0.034	1433	5352
-62.415	-0.882	0.459	-0.040	1483	5359
-63.547	-0.883	0.437	-0.049	1528	5365
-65.080	-0.897	0.415	-0.040	1455	5372
-66.717	-0.909	0.390	-0.035	1523	5379
-69.047	-0.931	0.355	-0.025	1420	5386
-70.268	-0.948	0.340	-0.014	1407	5393
-70.743	-0.962	0.336	-0.009	1442	5399
-70.572	-0.958	0.338	-0.002	1480	5406
-69.245	-0.956	0.362	-0.001	1468	5412
-67.982	-0.949	0.384	-0.007	1391	5420
-66.950	-0.940	0.399	-0.024	1497	5427
-66.400	-0.930	0.404	-0.039	1468	5433
-66.927	-0.922	0.390	-0.049	1454	5440
-67.832	-0.911	0.367	-0.055	1495	5446
-68.742	-0.884	0.336	-0.073	1447	5453
-70.399	-0.876	0.303	-0.075	1478	5460
-72.065	-0.858	0.270	-0.067	1615	5467
-73.903	-0.864	0.242	-0.060	1466	5474
-74.427	-0.879	0.240	-0.048	1570	5480
-74.072	-0.899	0.255	-0.030	1378	5487
-72.667	-0.916	0.285	-0.021	1389	5494
-69.895	-0.924	0.338	-0.014	1567	5500
-67.697	-0.929	0.381	-0.008	1513	5508
-66.599	-0.924	0.399	-0.018	1373	5514
-65.469	-0.920	0.419	-0.027	1430	5521
-65.354	-0.924	0.423	-0.029	1435	5527
-65.971	-0.917	0.407	-0.036	1442	5534
-66.464	-0.914	0.396	-0.036	1551	5541
-67.010	-0.908	0.383	-0.044	1563	5548
-67.653	-0.907	0.371	-0.037	1480	5555
-67.572	-0.914	0.376	-0.031	1614	5561
-67.168	-0.919	0.387	-0.012	1377	5568
-66.071	-0.920	0.408	-0.003	1498	5575
-65.273	-0.925	0.426	0.010	1403	5581
-64.059	-0.933	0.453	0.022	1423	5588
-62.342	-0.917	0.479	0.032	1414	5595
-61.222	-0.916	0.502	0.034	1516	5602
-60.513	-0.912	0.515	0.034	1453	5609
-60.124	-0.898	0.516	0.022	1524	5615
-60.249	-0.896	0.512	0.012	1492	5622
-61.280	-0.896	0.491	-0.001	1472	5628
-62.778	-0.896	0.461	-0.015	1587	5636
-65.384	-0.892	0.407	-0.032	1513	5643
-67.094	-0.896	0.378	-0.019	1440	5649
-68.970	-0.910	0.350	-0.015	1463	5656
-70.089	-0.925	0.335	0.003	1468	5662
-70.421	-0.937	0.333	0.008	1546	5669
-70.186	-0.944	0.340	0.017	1446	5677
-70.339	-0.949	0.339	0.014	1513	5683
-69.441	-0.943	0.354	0.015	1509	5690
-68.651	-0.926	0.361	0.020	1451	5696
-67.313	-0.913	0.381	0.025	1423	5703
-66.720	-0.905	0.389	0.025	1508	5710
-65.642	-0.901	0.407	0.026	1474	5716
-65.196	-0.894	0.412	0.026	1581	5724
-65.107	-0.882	0.409	0.005	1496	5730
-65.629	-0.882	0.399	0.007	1383	5737
-65.999	-0.883	0.393	-0.020	1467	5744
-66.721	-0.883	0.379	-0.026	1430	5750
-66.706	-0.891	0.382	-0.035	1507	5757
-66.680	-0.896	0.385	-0.036	1521	5764
-66.812	-0.910	0.388	-0.041	1567	5771
-66.097	-0.922	0.407	-0.033	1450	5778
-65.498	-0.924	0.419	-0.042	1555	5784
-64.670	-0.930	0.437	-0.056	1528	5791
-63.835	-0.930	0.455	-0.039	1440	5797
-62.842	-0.906	0.464	-0.031	1466	5805
-62.477	-0.897	0.467	-0.028	1438	5812
-62.709	-0.879	0.453	-0.018	1507	5818
-63.042	-0.872	0.443	-0.013	1504	5825
-63.341	-0.870	0.437	-0.017	1384	5831
-63.629	-0.875	0.434	-0.014	1448	5838
-64.738	-0.882	0.416	-0.010	1422	5844
-65.249	-0.890	0.410	0.001	1585	5852
-65.413	-0.895	0.409	0.010	1486	5859
-65.533	-0.896	0.407	0.015	1458	5865
-64.986	-0.896	0.418	0.017	1524	5872
-64.769	-0.900	0.424	0.020	1596	5878
-64.358	-0.903	0.433	0.029	1464	5885
-63.308	-0.904	0.454	0.022	1598	5893
-62.715	-0.899	0.464	0.008	1406	5899
-63.059	-0.896	0.455	0.006	1340	5906
-62.606	-0.888	0.460	-0.007	1437	5912
-63.163	-0.879	0.444	-0.018	1586	5919
-63.702	-0.886	0.438	-0.014	1438	5925
-64.377	-0.880	0.422	-0.011	1440	5933
-64.684	-0.883	0.417	-0.022	1501	5940
-64.530	-0.876	0.417	-0.015	1547	5946
-64.853	-0.881	0.413	-0.019	1562	5953
-64.860	-0.890	0.417	-0.021	1414	5959
-64.582	-0.887	0.420	-0.035	1486	5966
-64.584	-0.885	0.420	-0.021	1377	5974
-64.893	-0.895	0.419	-0.014	1588	5980
-64.217	-0.894	0.432	0.001	1527	5987
-63.809	-0.897	0.441	0.005	1396	5993
-62.689	-0.896	0.463	0.006	1490	6000
-62.489	-0.896	0.467	0.010	1386	6007
-61.885	-0.893	0.477	0.018	1494	6013
-61.391	-0.892	0.485	0.030	1497	6021
-61.098	-0.881	0.485	0.030	1493	6027
-61.645	-0.886	0.478	0.021	1428	6034
-61.718	-0.892	0.479	0.015	1559	6041
-61.371	-0.879	0.479	0.017	1411	6047
-60.689	-0.868	0.487	0.010	1500	6054
-60.776	-0.871	0.487	-0.003	1448	6061
-60.971	-0.862	0.479	-0.006	1603	6068
-62.106	-0.865	0.458	-0.001	1507	6074
-63.255	-0.882	0.444	-0.007	1415	6081
-63.081	-0.889	0.451	0.007	1566	6088
-62.788	-0.895	0.460	0.003	1449	6094
-62.601	-0.906	0.470	0.000	1568	6102
-61.927	-0.908	0.484	0.004	1391	6108
-60.819	-0.887	0.495	0.008	1571	6115
-60.927	-0.875	0.486	0.012	1456	6122
-61.457	-0.867	0.472	0.001	1456	6128
-61.504	-0.854	0.464	-0.004	1607	6135
-62.112	-0.853	0.451	0.000	1347	6141
-62.519	-0.851	0.442	0.006	1471	6149
-63.130	-0.849	0.430	0.016	1494	6155
-63.434	-0.861	0.430	0.029	1399	6162
-62.663	-0.868	0.447	0.037	1570	6169
-61.873	-0.879	0.468	0.044	1458	6175
-60.461	-0.885	0.500	0.037	1537	6182
-59.939	-0.895	0.517	0.034	1584	6189
-59.899	-0.900	0.521	0.022	1544	6196
-60.105	-0.900	0.518	0.008	1422	6203
-59.990	-0.895	0.517	-0.008	1394	6209
-60.403	-0.892	0.506	-0.024	1465	6216
-60.404	-0.874	0.495	-0.036	1430	6222
-60.862	-0.857	0.476	-0.048	1400	6230
-60.749	-0.838	0.466	-0.057	1466	6236
-60.143	-0.823	0.470	-0.052	1475	6243
-59.838	-0.814	0.472	-0.039	1382	6250
-59.784	-0.815	0.475	-0.017	1516	6256
-60.180	-0.835	0.479	-0.007	1446	6263
-60.763	-0.843	0.472	0.006	1550	6269
-61.192	-0.852	0.468	0.022	1522	6277
-61.833	-0.868	0.464	0.030	1507	6284
-60.918	-0.861	0.477	0.049	1573	6290
-60.628	-0.875	0.490	0.047	1547	6297
-60.060	-0.876	0.503	0.040	1447	6303
-59.739	-0.885	0.515	0.040	1510	6310
-58.868	-0.886	0.534	0.029	1400	6318
-58.506	-0.895	0.548	0.015	1336	6324
-57.065	-0.879	0.569	0.003	1380	6331
-56.369	-0.866	0.576	0.002	1597	6337
-55.686	-0.854	0.583	0.015	1604	6344
-55.979	-0.846	0.570	0.025	1613	6350
-56.464	-0.842	0.558	0.019	1502	6358
-56.925	-0.837	0.545	0.012	1472	6365
-58.838	-0.830	0.502	0.004	1473	6371
-59.861	-0.824	0.479	-0.003	1346	6378
-60.848	-0.814	0.454	0.013	1406	6384
-61.087	-0.830	0.458	0.021	1454	6391
-61.157	-0.838	0.460	0.037	1419	6398
-60.805	-0.855	0.474	0.064	1412	6405
-60.430	-0.895	0.503	0.068	1605	6412
-59.730	-0.914	0.530	0.059	1418	6418
-59.502	-0.933	0.547	0.052	1437	6425
-58.752	-0.909	0.551	0.031	1299	6431
-58.223	-0.879	0.544	0.023	1426	6438
-58.245	-0.851	0.526	0.010	1571	6446
-58.139	-0.836	0.520	0.000	1424	6452
-58.314	-0.816	0.504	-0.007	1385	6459
-58.177	-0.811	0.503	-0.009	1570	6465
-58.649	-0.819	0.499	-0.012	1570	6472
-59.722	-0.833	0.486	-0.002	1575	6479
-60.242	-0.850	0.485	0.020	1538	6486
-59.612	-0.860	0.503	0.040	1393	6493
-58.671	-0.866	0.524	0.055	1437	6499
-57.895	-0.874	0.545	0.062	1548	6506
-57.386	-0.875	0.559	0.038	1423	6512
-55.400	-0.863	0.595	0.031	1621	6519
-53.788	-0.856	0.627	0.014	1454	6526
-52.881	-0.839	0.635	0.012	1403	6533
-52.854	-0.821	0.622	0.012	1578	6540
-53.977	-0.809	0.588	0.010	1438	6546
-55.588	-0.806	0.552	0.013	1386	6553
-57.741	-0.813	0.513	0.012	1555	6560
-58.981	-0.813	0.488	0.029	1504	6566
-60.089	-0.816	0.468	0.042	1472	6574
-61.168	-0.839	0.460	0.041	1575	6580
-61.194	-0.852	0.466	0.048	1359	6587
-60.146	-0.863	0.493	0.048	1441	6594
-59.398	-0.867	0.511	0.047	1585	6600
-57.990	-0.875	0.546	0.034	1492	6607
-57.397	-0.868	0.555	0.025	1459	6614
-57.138	-0.857	0.554	0.014	1516	6621
-56.885	-0.854	0.557	0.009	1376	6628
-56.702	-0.848	0.557	0.012	1508	6634
-56.020	-0.841	0.566	0.019	1538	6641
-55.573	-0.841	0.576	0.013	1567	6647
-55.846	-0.834	0.565	0.021	1515	6654
-56.104	-0.825	0.554	0.028	1426	6661
-56.672	-0.818	0.537	0.033	1387	6668
-57.019	-0.805	0.521	0.027	1404	6675
-57.294	-0.801	0.514	0.023	1622	6681
-57.580	-0.797	0.506	0.016	1542	6688
-58.531	-0.812	0.496	0.024	1542	6694
-59.221	-0.834	0.496	0.025	1519	6702
-59.254	-0.844	0.501	0.030	1479	6709
-58.960	-0.859	0.516	0.040	1336	6715
-58.354	-0.882	0.541	0.052	1489	6722
-57.117	-0.894	0.575	0.054	1528	6728
-56.170	-0.896	0.598	0.062	1526	6735
-55.546	-0.903	0.616	0.066	1353	6742
-55.156	-0.896	0.620	0.070	1443	6749
-54.213	-0.860	0.616	0.070	1483	6756
-53.554	-0.824	0.605	0.063	1590	6762
-51.831	-0.771	0.605	0.034	1503	6769
-51.354	-0.749	0.599	0.019	1432	6775
-51.862	-0.745	0.585	0.010	1564	6782
-52.899	-0.741	0.561	0.007	1552	6790
-54.420	-0.762	0.545	0.004	1519	6796
-55.852	-0.786	0.533	0.003	1505	6803
-58.155	-0.835	0.519	0.007	1494	6809
-59.178	-0.874	0.521	0.001	1672	6816
-59.539	-0.894	0.525	0.012	1568	6823
-59.051	-0.897	0.538	0.009	1553	6830
-58.589	-0.884	0.539	0.026	1410	6837
-57.826	-0.858	0.539	0.032	1415	6843
-56.629	-0.821	0.540	0.031	1521	6850
-55.388	-0.783	0.539	0.040	1739	6856
-54.338	-0.749	0.536	0.038	1503	6863
-54.056	-0.741	0.536	0.037	1445	6871
-54.301	-0.751	0.539	0.024	1521	6877
-55.296	-0.774	0.536	0.014	1562	6884
-56.071	-0.813	0.547	0.020	1533	6890
-57.183	-0.854	0.551	0.017	1537	6897
-57.880	-0.881	0.553	0.017	1466	6904
-58.711	-0.902	0.548	0.024	1556	6910
-58.595	-0.901	0.550	0.023	1358	6918
-58.301	-0.892	0.550	0.030	1384	6924
-57.239	-0.865	0.556	0.035	1473	6931
-56.644	-0.838	0.550	0.044	1518	6937
-55.014	-0.796	0.555	0.051	1395	6944
-54.222	-0.778	0.559	0.051	1466	6951
-53.613	-0.760	0.559	0.038	1521	6958
-53.256	-0.760	0.565	0.045	1647	6965
-53.275	-0.771	0.573	0.043	1495	6971
-54.072	-0.784	0.567	0.031	1644	6978
-54.957	-0.802	0.562	0.029	1530	6985
-56.549	-0.828	0.547	0.016	1476	6991
-57.077	-0.845	0.547	0.010	1460	6999
-57.700	-0.854	0.540	0.013	1540	7005
-57.536	-0.853	0.542	0.021	1422	7012
-56.757	-0.847	0.555	0.018	1509	7018
-54.866	-0.821	0.577	0.030	1605	7025
-53.637	-0.802	0.590	0.023	1501	7032
-52.718	-0.790	0.601	0.032	1570	7038
-51.572	-0.774	0.613	0.037	1387	7046
-51.688	-0.765	0.604	0.027	1478	7052
-51.672	-0.767	0.605	0.026	1593	7059
-52.419	-0.780	0.600	0.032	1568	7066
-52.895	-0.788	0.595	0.041	1527	7072
-54.024	-0.799	0.578	0.045	1557	7079
-55.644	-0.793	0.540	0.047	1602	7086
-56.467	-0.818	0.540	0.050	1547	7093
-56.008	-0.815	0.548	0.047	1390	7099
-55.830	-0.824	0.558	0.046	1453	7106
-55.259	-0.824	0.569	0.051	1571	7113
-54.165	-0.812	0.583	0.060	1469	7119
-53.928	-0.807	0.585	0.056	1517	7127
-53.804	-0.804	0.586	0.051	1584	7133
-53.635	-0.812	0.596	0.047	1519	7140
-53.392	-0.819	0.607	0.039	1628	7147
-53.275	-0.823	0.613	0.033	1518	7153
-53.555	-0.834	0.615	0.028	1567	7160
-53.766	-0.827	0.605	0.028	1421	7166
-53.358	-0.812	0.603	0.036	1531	7174
-53.109	-0.789	0.591	0.041	1642	7180
-52.499	-0.769	0.588	0.047	1409	7187
-52.084	-0.746	0.579	0.049	1350	7194
-51.595	-0.735	0.581	0.047	1436	7200
-50.864	-0.722	0.585	0.052	1349	7207
-51.031	-0.732	0.591	0.044	1332	7214
-52.476	-0.749	0.573	0.048	1509	7221
-53.227	-0.782	0.582	0.055	1527	7228
-53.843	-0.810	0.589	0.057	1528	7234
-54.528	-0.844	0.599	0.056	1497	7241
-55.198	-0.862	0.597	0.057	1694	7247
-55.458	-0.865	0.594	0.047	1670	7255
-55.152	-0.852	0.591	0.050	1611	7262
-54.384	-0.822	0.587	0.050	1373	7268
-53.677	-0.797	0.584	0.047	1457	7275
-52.986	-0.775	0.582	0.055	1493	7281
-51.886	-0.755	0.590	0.053	1538	7288
-51.177	-0.743	0.595	0.063	1538	7296
-50.989	-0.748	0.604	0.055	1436	7302
-50.763	-0.752	0.612	0.047	1555	7309
-50.494	-0.767	0.631	0.039	1352	7315
-50.363	-0.782	0.646	0.044	1473	7322
-50.321	-0.804	0.665	0.048	1441	7328
-50.002	-0.822	0.688	0.058	1456	7335
-50.117	-0.834	0.694	0.060	1406	7343
-50.362	-0.828	0.684	0.058	1431	7349
-49.740	-0.797	0.673	0.052	1493	7356
-50.158	-0.781	0.649	0.057	1493	7362
-50.818	-0.753	0.611	0.054	1466	7369
-50.036	-0.719	0.601	0.046	1440	7376
-50.085	-0.703	0.587	0.039	1437	7383
-49.701	-0.703	0.595	0.043	1484	7390
-50.017	-0.710	0.594	0.044	1496	7396
-51.037	-0.720	0.580	0.048	1521	7403
-52.112	-0.744	0.576	0.058	1573	7409
-54.399	-0.762	0.542	0.061	1537	7416
-56.195	-0.807	0.536	0.065	1535	7424
-56.677	-0.839	0.545	0.085	1335	7430
-56.352	-0.860	0.563	0.107	1451	7437
-54.701	-0.876	0.612	0.099	1579	7443
-53.073	-0.877	0.653	0.087	1423	7450
-50.829	-0.863	0.699	0.076	1512	7457
-49.239	-0.847	0.728	0.058	1424	7463
-47.459	-0.804	0.736	0.042	1390	7471
-46.959	-0.776	0.724	0.045	1417	7477
-46.125	-0.727	0.695	0.067	1430	7484
-46.108	-0.689	0.658	0.082	1539	7490
-47.071	-0.674	0.619	0.098	1589	7497
-48.493	-0.660	0.578	0.084	1501	7504
-49.854	-0.658	0.548	0.090	1523	7511
-52.200	-0.676	0.517	0.089	1554	7518
-54.678	-0.704	0.488	0.103	1658	7524
-56.000	-0.741	0.488	0.107	1471	7531
-55.771	-0.760	0.499	0.135	1534	7538
-55.442	-0.782	0.516	0.156	1637	7544
-53.560	-0.780	0.551	0.169	1488	7552
-52.273	-0.774	0.574	0.171	1491	7558
-50.369	-0.761	0.611	0.152	1418	7565
-48.376	-0.741	0.646	0.131	1538	7572
-47.672	-0.734	0.661	0.102	1526	7578
-48.874	-0.747	0.646	0.087	1504	7585
-51.574	-0.790	0.624	0.059	1708	7591
-54.570	-0.839	0.595	0.050	1546	7599
-55.617	-0.861	0.588	0.042	1395	7605
-54.667	-0.840	0.594	0.044	1470	7612
-51.760	-0.786	0.618	0.041	1534	7619
-48.457	-0.729	0.643	0.062	1638	7625
-45.464	-0.698	0.686	0.045	1673	7632
-44.532	-0.696	0.707	0.032	1470	7639
-45.141	-0.723	0.719	0.022	1487	7646
-45.752	-0.766	0.743	0.063	1694	7653
-45.616	-0.798	0.772	0.114	1619	7659
-45.439	-0.821	0.792	0.164	1544	7666
-46.459	-0.844	0.783	0.172	1528	7672
-48.838	-0.845	0.725	0.143	1410	7680
-48.760	-0.790	0.684	0.111	1339	7686
-49.125	-0.726	0.624	0.070	1385	7693
-47.995	-0.648	0.579	0.075	1522	7700
-46.974	-0.584	0.537	0.093	1478	7706
-45.645	-0.546	0.521	0.118	1584	7713
-46.041	-0.559	0.521	0.139	1674	7719
-47.131	-0.604	0.543	0.142	1514	7727
-49.504	-0.676	0.564	0.120	1634	7734
-50.221	-0.749	0.616	0.096	1649	7740
-50.854	-0.854	0.692	0.058	1566	7747
-49.329	-0.904	0.776	0.032	1569	7753
-47.429	-0.922	0.847	0.017	1504	7760
-44.951	-0.896	0.896	0.031	1534	7768
-42.718	-0.853	0.921	0.066	1311	7774
-40.165	-0.763	0.894	0.135	1232	7781
-40.065	-0.694	0.805	0.185	1296	7787
-40.628	-0.625	0.697	0.211	1353	7794
-43.289	-0.597	0.599	0.207	1570	7800
-45.757	-0.579	0.525	0.205	1527	7808
-48.361	-0.584	0.483	0.189	1386	7814
-50.775	-0.601	0.461	0.167	1444	7821
-54.684	-0.650	0.438	0.142	1566	7828
-58.303	-0.701	0.416	0.120	1579	7834
-60.220	-0.761	0.427	0.086	1493	7841
-59.421	-0.802	0.471	0.054	1585	7847
-55.631	-0.829	0.563	0.063	1480	7855
-52.165	-0.860	0.659	0.109	1458	7862
-47.904	-0.858	0.755	0.178	1560	7868
-44.028	-0.806	0.804	0.221	1427	7875
-41.366	-0.743	0.821	0.194	1439	7881
-38.494	-0.668	0.826	0.151	1514	7888
-37.388	-0.620	0.802	0.125	1628	7895
-38.406	-0.597	0.741	0.131	1582	7902
-38.752	-0.561	0.681	0.156	1451	7909
-41.148	-0.543	0.596	0.177	1340	7915
-43.781	-0.561	0.557	0.180	1345	7922
-45.978	-0.592	0.542	0.183	1419	7928
-46.742	-0.632	0.570	0.168	1455	7936
-48.085	-0.689	0.599	0.157	1531	7942
-48.570	-0.746	0.638	0.164	1661	7949
-49.006	-0.780	0.656	0.171	1506	7956
-48.463	-0.777	0.665	0.179	1438	7962
-46.431	-0.742	0.681	0.187	1473	7969
-44.716	-0.699	0.682	0.185	1444	7975
-41.628	-0.657	0.712	0.200	1527	7983
-41.249	-0.636	0.683	0.244	1569	7989
-39.605	-0.644	0.722	0.290	1550	7996
-39.709	-0.670	0.752	0.292	1525	8002
-40.455	-0.696	0.772	0.265	1548	8009
-40.986	-0.725	0.804	0.223	1581	8016
-42.374	-0.734	0.790	0.154	1551	8023
-42.804	-0.717	0.767	0.106	1534	8030
-40.937	-0.647	0.739	0.104	1448	8036
-39.848	-0.597	0.701	0.140	1441	8043
-38.474	-0.547	0.660	0.194	1475	8049
-38.924	-0.515	0.600	0.216	1480	8056
-38.509	-0.500	0.571	0.262	1481	8062
-39.184	-0.516	0.553	0.308	1495	8070
-40.797	-0.571	0.564	0.346	1514	8076
-43.302	-0.621	0.566	0.337	1518	8083
-46.312	-0.688	0.578	0.312	1526	8090
-47.883	-0.727	0.591	0.287	1532	8096
-49.610	-0.749	0.592	0.236	1535	8103
-49.272	-0.743	0.615	0.176	1537	8110
-48.145	-0.697	0.622	0.057	1549	8117
-48.689	-0.651	0.572	-0.015	1546	8124
-48.540	-0.564	0.495	-0.060	1527	8130
-51.866	-0.493	0.385	-0.043	1524	8137
-55.720	-0.428	0.288	0.045	1524	8143
-49.035	-0.384	0.266	0.201	1525	8151
-44.867	-0.389	0.287	0.265	1525	8157
-55.951	-0.558	0.371	0.065	1526	8164
-59.751	-0.726	0.423	0.016	1526	8171
-56.072	-0.716	0.479	0.054	1527	8177
-50.005	-0.594	0.495	0.055	1523	8184
-43.181	-0.475	0.498	0.088	1515	8190
-30.196	-0.365	0.583	0.232	1512	8198
-26.884	-0.315	0.577	0.232	1507	8205
-29.008	-0.294	0.495	0.189	1501	8211
-36.083	-0.290	0.360	0.169	1493	8218
-25.677	-0.207	0.376	0.210	1486	8224
-27.965	-0.291	0.428	0.343	1474	8231
-24.839	-0.211	0.305	0.339	1465	8238
-10.022	-0.080	0.287	0.351	1452	8245
-8.817	-0.066	0.285	0.319	1443	8251
-16.606	-0.119	0.308	0.255	1432	8258
-25.079	-0.184	0.369	0.133	1422	8264
-31.427	-0.284	0.463	0.045	1408	8271
-33.384	-0.335	0.508	0.022	1402	8279
-46.249	-0.352	0.336	-0.021	1445	8285
-48.707	-0.476	0.356	-0.218	1433	8292
0.488	0.012	1.089	0.841	1389	8298
-30.655	-1.225	1.999	0.522	1350	8305
-44.168	-2.000	1.999	0.493	1337	8311
-1.337	-0.048	-2.000	0.451	1326	8318
52.381	1.017	-0.175	0.764	1317	8326
-35.264	-2.000	-2.000	-2.000	686	8332
40.013	1.999	1.999	-1.294	163	8339
35.264	1.999	1.999	1.999	2	8345
-10.585	-0.383	1.999	-0.447	2	8351
-25.148	-1.327	1.999	1.999	2	8358
27.335	1.197	1.170	1.999	2	8365
15.172	0.767	1.999	1.999	2	8372
-1.098	-0.043	1.016	1.999	2	8378
-19.083	-0.866	1.508	1.999	2	8384
-35.278	-2.000	1.999	1.999	2	8391
-22.299	-0.887	1.885	1.060	2	8397
-2.647	-0.099	1.999	0.746	2	8404
24.703	0.880	1.903	0.189	2	8411
25.433	0.742	1.528	-0.316	2	8417
36.683	0.623	0.835	-0.049	2	8424
28.099	0.416	0.740	0.243	2	8430
4.298	0.049	0.600	0.250	2	8436
-20.547	-0.187	0.486	0.105	2	8443
-59.720	-0.427	0.249	-0.009	14	8450
-76.664	-0.585	0.000	0.139	38	8457
-66.409	-0.647	-0.050	0.278	74	8463
-59.941	-0.593	-0.029	0.342	119	8470
-53.560	-0.490	0.094	0.350	165	8476
-44.455	-0.365	0.268	0.259	221	8483
-35.393	-0.358	0.434	0.258	281	8489
-18.429	-0.202	0.557	0.241	338	8497
-7.119	-0.081	0.644	0.084	402	8503
5.264	0.065	0.703	-0.100	468	8510
16.400	0.240	0.801	-0.158	529	8516
16.088	0.272	0.937	-0.124	596	8523
12.406	0.250	1.129	-0.131	662	8529
11.250	0.241	1.208	-0.105	722	8537
4.750	0.093	1.115	-0.053	788	8543
-0.221	-0.004	1.010	-0.085	852	8550
-7.530	-0.118	0.894	0.026	910	8556
-14.394	-0.208	0.798	0.143	972	8563
-19.846	-0.258	0.677	0.229	1033	8569
-26.089	-0.308	0.580	0.241	1087	8577
-28.196	-0.312	0.513	0.277	1144	8583
-26.567	-0.290	0.522	0.252	1200	8590
-22.079	-0.271	0.632	0.221	1255	8597
-20.265	-0.266	0.709	0.122	1307	8603
0.049	0.001	1.115	0.197	1354	8610
-9.668	-0.183	1.067	0.099	1403	8616
-8.205	-0.178	1.218	0.190	1450	8624
-4.170	-0.095	1.289	0.163	1492	8630
-1.092	-0.023	1.211	0.216	1536	8637
-5.855	-0.149	1.455	0.077	1578	8643
-4.450	-0.093	1.186	0.126	1618	8650
-2.897	-0.082	1.612	0.170	1652	8656
-6.577	-0.183	1.556	0.298	1688	8664
-9.184	-0.228	1.400	0.141	1722	8670
-13.811	-0.331	1.329	0.217	1751	8677
-15.763	-0.341	1.182	0.248	1782	8683
-17.191	-0.332	1.047	0.236	1811	8690
-19.738	-0.350	0.960	0.167	1837	8697
-23.605	-0.406	0.923	0.112	1863	8704
-23.695	-0.415	0.944	0.051	1884	8711
-23.087	-0.416	0.976	0.027	1906	8717
-21.737	-0.391	0.979	0.022	1927	8724
-20.046	-0.354	0.969	0.013	1946	8730
-18.038	-0.307	0.941	-0.020	1963	8737
-17.960	-0.291	0.896	-0.048	1980	8744
-17.882	-0.272	0.841	-0.078	1995	8751
-17.815	-0.265	0.821	-0.061	2010	8758
-17.184	-0.250	0.807	-0.054	2023	8764
-18.067	-0.263	0.801	-0.085	2035	8771
-18.308	-0.258	0.777	0.054	2046	8777
-18.091	-0.256	0.783	-0.001	2047	8784
-18.541	-0.264	0.786	-0.009	2047	8791
-18.157	-0.261	0.795	-0.014	2047	8798
-17.424	-0.257	0.816	-0.057	2047	8805
-16.055	-0.246	0.854	-0.053	2047	8811
-15.145	-0.239	0.882	-0.062	2047	8818
-13.509	-0.222	0.920	-0.072	2047	8824
-13.024	-0.223	0.960	-0.071	2047	8832
-12.535	-0.220	0.987	-0.043	2047	8838
-12.870	-0.229	1.000	-0.020	2047	8845
-13.852	-0.247	1.002	-0.007	2047	8851
-14.365	-0.256	0.999	0.009	2047	8858
-14.651	-0.257	0.982	0.007	2047	8865
-14.785	-0.259	0.980	0.006	2047	8871
-14.651	-0.257	0.982	0.003	2047	8879
-14.102	-0.247	0.983	0.014	2047	8885
-13.359	-0.236	0.995	-0.008	2047	8892
-13.838	-0.248	1.007	-0.016	2047	8898
-14.016	-0.259	1.035	-0.057	2047	8905
-14.093	-0.268	1.065	-0.029	2047	8912
-14.979	-0.290	1.084	0.009	2047	8919
-14.617	-0.294	1.127	0.021	2047	8926
-14.192	-0.281	1.110	0.063	2047	8932
-13.724	-0.268	1.095	0.045	2047	8939
-11.419	-0.216	1.068	0.020	2047	8945
-9.980	-0.189	1.076	0.033	2047	8952
-9.173	-0.166	1.027	-0.039	2047	8958
-8.319	-0.150	1.028	0.018	2047	8966
-9.220	-0.152	0.938	-0.044	2047	8972
-10.270	-0.162	0.895	-0.017	2047	8979
-10.842	-0.169	0.882	-0.021	2047	8986
-13.173	-0.203	0.867	-0.035	2047	8992
-14.650	-0.230	0.881	-0.036	2047	8999
-15.894	-0.257	0.901	-0.033	2047	9006
-16.048	-0.270	0.937	-0.029	2047	9013
-15.260	-0.260	0.952	0.005	2047	9019
-15.087	-0.261	0.967	0.029	2047	9026
-14.568	-0.255	0.980	0.023	2047	9033
-14.620	-0.258	0.988	0.012	2047	9039
-14.492	-0.253	0.979	0.008	2047	9047
-14.210	-0.247	0.976	0.016	2047	9053
-14.143	-0.239	0.949	0.023	2047	9060
-14.048	-0.235	0.940	0.017	2047	9066
-14.294	-0.233	0.916	0.007	2047	9073
-15.202	-0.244	0.898	0.000	2047	9079
-16.148	-0.261	0.900	-0.017	2047	9086
-17.050	-0.279	0.910	-0.031	2047	9094
-18.050	-0.302	0.925	-0.046	2047	9100
-18.633	-0.319	0.945	-0.058	2047	9107
-18.643	-0.324	0.959	-0.063	2043	9113
-18.179	-0.319	0.970	-0.073	2039	9120
-16.800	-0.301	0.994	-0.064	2035	9126
-14.945	-0.270	1.008	-0.063	2031	9134
-13.231	-0.240	1.021	-0.051	2027	9140
-11.968	-0.218	1.026	-0.046	2023	9147
-11.343	-0.208	1.036	-0.041	2019	9154
-11.246	-0.209	1.050	-0.051	2015	9160
-11.233	-0.209	1.052	-0.034	2011	9167
-11.514	-0.217	1.063	-0.042	2007	9174
-12.352	-0.230	1.052	-0.037	2003	9181
-13.463	-0.254	1.060	-0.047	1999	9187
-14.230	-0.268	1.054	-0.055	1996	9194
-14.165	-0.266	1.051	-0.059	1991	9201
-14.085	-0.264	1.049	-0.065	1987	9207
-13.617	-0.254	1.046	-0.069	1984	9214
-13.824	-0.256	1.037	-0.074	1980	9221
-14.099	-0.265	1.051	-0.078	1976	9228
-13.478	-0.250	1.040	-0.080	1972	9234
-13.658	-0.250	1.024	-0.095	1968	9241
-14.325	-0.262	1.018	-0.122	1965	9248
-14.487	-0.259	0.993	-0.130	1961	9254
-14.011	-0.246	0.977	-0.138	1957	9262
-14.031	-0.244	0.965	-0.153	1953	9268
-13.519	-0.231	0.950	-0.154	1949	9275
-13.227	-0.227	0.953	-0.144	1946	9281
-12.975	-0.220	0.944	-0.133	1942	9288
-12.007	-0.203	0.944	-0.143	1938	9295
-11.773	-0.199	0.945	-0.142	1934	9302
-11.379	-0.192	0.943	-0.154	1930	9309
-10.892	-0.181	0.923	-0.173	1926	9315
-10.725	-0.186	0.967	-0.158	1923	9322
-9.720	-0.165	0.948	-0.171	1919	9328
-10.371	-0.169	0.904	-0.186	1915	9335
-10.752	-0.166	0.846	-0.222	1912	9341
-13.018	-0.194	0.809	-0.229	1908	9349
-14.548	-0.206	0.765	-0.214	1905	9356
-16.709	-0.235	0.771	-0.140	1901	9362
-17.887	-0.260	0.797	-0.113	1898	9369
-19.600	-0.285	0.789	-0.137	1895	9375
-20.003	-0.296	0.796	-0.165	1892	9382
-20.552	-0.305	0.790	-0.190	1888	9389
-20.280	-0.309	0.810	-0.205	1885	9396
-19.200	-0.304	0.844	-0.221	1883	9402
-17.625	-0.285	0.867	-0.231	1880	9409
-15.748	-0.263	0.902	-0.231	1877	9416
-13.410	-0.232	0.945	-0.238	1874	9422
-11.416	-0.203	0.975	-0.249	1871	9430
-10.152	-0.187	1.016	-0.255	1868	9436
-8.887	-0.169	1.044	-0.278	1865	9443
-8.228	-0.156	1.045	-0.275	1862	9449
-7.485	-0.143	1.043	-0.300	1859	9456
-7.151	-0.134	1.023	-0.300	1856	9462
-6.950	-0.128	1.010	-0.286	1853	9469
-8.132	-0.147	0.995	-0.273	1850	9477
-9.256	-0.162	0.960	-0.261	1847	9483
-11.196	-0.192	0.938	-0.253	1844	9490
-13.309	-0.222	0.905	-0.242	1841	9496
-15.600	-0.252	0.870	-0.239	1838	9503
-17.380	-0.274	0.847	-0.228	1835	9509
-17.545	-0.269	0.821	-0.217	1832	9517
-17.142	-0.264	0.831	-0.200	1829	9523
-17.464	-0.269	0.829	-0.203	1826	9530
-16.596	-0.254	0.826	-0.208	1823	9537
-15.119	-0.234	0.838	-0.225	1821	9543
-14.834	-0.232	0.846	-0.234	1818	9550
-13.684	-0.218	0.856	-0.258	1815	9556
-13.407	-0.218	0.871	-0.275	1813	9564
-13.632	-0.228	0.894	-0.286	1810	9570
-14.012	-0.240	0.917	-0.293	1808	9577
-13.663	-0.241	0.945	-0.302	1805	9584
-14.235	-0.254	0.957	-0.293	1802	9590
-14.277	-0.258	0.971	-0.290	1800	9597
-14.134	-0.258	0.982	-0.288	1797	9604
-13.784	-0.255	0.997	-0.292	1795	9611
-12.826	-0.239	1.008	-0.298	1792	9617
-12.357	-0.231	1.016	-0.291	1790	9624
-11.553	-0.215	1.006	-0.305	1787	9631
-11.091	-0.204	1.000	-0.290	1785	9637
-11.265	-0.202	0.975	-0.283	1782	9645
-11.722	-0.207	0.961	-0.269	1780	9651
-12.833	-0.224	0.947	-0.258	1777	9658
-13.547	-0.235	0.946	-0.242	1775	9664
-13.889	-0.236	0.925	-0.241	1773	9671
-13.983	-0.236	0.915	-0.252	1771	9678
-14.435	-0.242	0.906	-0.253	1768	9684
-15.403	-0.258	0.900	-0.255	1766	9692
-15.685	-0.262	0.892	-0.271	1763	9698
-16.386	-0.271	0.882	-0.273	1761	9705
-16.278	-0.269	0.875	-0.283	1759	9711
-16.369	-0.271	0.870	-0.302	1757	9718
-15.600	-0.260	0.876	-0.313	1755	9725
-14.937	-0.249	0.879	-0.314	1752	9732
-14.759	-0.251	0.896	-0.322	1750	9739
-13.812	-0.234	0.901	-0.311	1748	9745
-13.541	-0.232	0.913	-0.312	1746	9752
-12.794	-0.221	0.918	-0.319	1744	9758
-12.935	-0.224	0.923	-0.311	1742	9765
-12.721	-0.225	0.944	-0.313	1740	9773
-13.367	-0.238	0.951	-0.317	1738	9779
-13.363	-0.238	0.949	-0.324	1736	9786
-13.692	-0.244	0.949	-0.321	1734	9792
-13.301	-0.231	0.926	-0.318	1732	9799
-13.090	-0.222	0.902	-0.308	1730	9805
-12.917	-0.217	0.896	-0.303	1728	9812
-13.304	-0.221	0.881	-0.309	1726	9819
-13.758	-0.229	0.882	-0.306	1724	9826
-13.479	-0.226	0.887	-0.315	1723	9833
-13.833	-0.231	0.886	-0.314	1721	9839
-13.228	-0.223	0.895	-0.312	1719	9846
-13.562	-0.231	0.902	-0.326	1717	9852
-13.479	-0.229	0.896	-0.339	1715	9860
-12.946	-0.221	0.896	-0.344	1714	9866
-12.834	-0.219	0.898	-0.339	1712	9873
-12.708	-0.217	0.900	-0.337	1710	9880
-12.659	-0.217	0.902	-0.343	1708	9886
-12.405	-0.215	0.908	-0.359	1706	9893
-12.295	-0.214	0.913	-0.359	1705	9900
-12.549	-0.219	0.920	-0.346	1703	9907
-12.890	-0.228	0.933	-0.345	1701	9913
-13.165	-0.235	0.942	-0.353	1699	9920
-12.920	-0.230	0.940	-0.354	1697	9927
-12.656	-0.223	0.927	-0.353	1695	9933
-13.330	-0.234	0.927	-0.346	1694	9940
-13.812	-0.238	0.906	-0.344	1692	9947
-13.627	-0.231	0.896	-0.331	1690	9954
-14.420	-0.240	0.877	-0.322	1689	9960
-14.449	-0.241	0.879	-0.322	1688	9967
-14.807	-0.247	0.877	-0.323	1686	9974
-14.613	-0.247	0.886	-0.337	1685	9980