-0.681	-0.719	-0.117	1548	21
-0.681	-0.711	-0.129	1548	27
-0.681	-0.721	-0.129	1548	33
-0.677	-0.722	-0.127	1547	38
-0.675	-0.720	-0.119	1546	45
-0.675	-0.720	-0.123	1544	51
-0.668	-0.719	-0.132	1545	56
-0.679	-0.718	-0.131	1544	62
-0.675	-0.715	-0.131	1547	68
-0.676	-0.718	-0.127	1546	74
-0.681	-0.717	-0.121	1545	79
-0.676	-0.720	-0.129	1546	86
-0.671	-0.720	-0.121	1545	92
-0.672	-0.714	-0.124	1546	98
-0.673	-0.721	-0.123	1545	103
-0.675	-0.721	-0.120	1544	109
-0.677	-0.729	-0.120	1546	115
-0.672	-0.722	-0.121	1546	121
-0.679	-0.717	-0.122	1547	126
-0.678	-0.721	-0.125	1546	133
-0.680	-0.726	-0.124	1545	139
-0.678	-0.723	-0.119	1545	145
-0.682	-0.708	-0.132	1545	150
-0.680	-0.715	-0.132	1545	156
-0.677	-0.708	-0.122	1544	162
-0.678	-0.710	-0.124	1545	168
-0.677	-0.710	-0.133	1543	175
-0.677	-0.710	-0.127	1542	180
-0.674	-0.713	-0.134	1544	186
-0.674	-0.722	-0.128	1542	192
-0.675	-0.713	-0.128	1540	198
-0.677	-0.715	-0.129	1540	203
-0.674	-0.712	-0.135	1542	209
-0.673	-0.722	-0.127	1542	216
-0.675	-0.717	-0.124	1542	222
-0.678	-0.719	-0.119	1541	227
-0.669	-0.722	-0.123	1544	233
-0.676	-0.728	-0.123	1541	239
-0.679	-0.728	-0.124	1540	245
-0.678	-0.724	-0.128	1539	251
-0.680	-0.722	-0.124	1538	257
-0.681	-0.727	-0.121	1541	263
-0.677	-0.723	-0.122	1541	269
-0.676	-0.713	-0.131	1540	275
-0.673	-0.722	-0.121	1540	280
-0.674	-0.730	-0.121	1538	286
-0.677	-0.721	-0.120	1539	292
-0.673	-0.714	-0.118	1536	299
-0.674	-0.718	-0.122	1538	305
-0.673	-0.721	-0.122	1538	310
-0.674	-0.718	-0.124	1537	316
-0.674	-0.718	-0.128	1539	322
-0.676	-0.722	-0.118	1539	328
-0.679	-0.725	-0.122	1538	333
-0.675	-0.724	-0.120	1538	339
-0.678	-0.719	-0.123	1538	346
-0.676	-0.716	-0.127	1538	352
-0.679	-0.716	-0.127	1539	357
-0.673	-0.715	-0.133	1540	363
-0.677	-0.726	-0.134	1541	369
-0.673	-0.720	-0.128	1542	375
-0.678	-0.720	-0.123	1541	381
-0.674	-0.717	-0.130	1541	387
-0.676	-0.718	-0.133	1542	393
-0.680	-0.722	-0.127	1542	399
-0.676	-0.712	-0.132	1543	405
-0.673	-0.718	-0.133	1542	410
-0.676	-0.712	-0.124	1542	416
-0.673	-0.705	-0.128	1541	422
-0.677	-0.708	-0.123	1541	429
-0.672	-0.702	-0.132	1543	435
-0.675	-0.714	-0.127	1539	440
-0.672	-0.716	-0.128	1538	446
-0.676	-0.716	-0.127	1540	452
-0.675	-0.720	-0.126	1541	458
-0.678	-0.718	-0.129	1542	463
-0.677	-0.722	-0.131	1543	470
-0.674	-0.723	-0.132	1542	476
-0.674	-0.713	-0.122	1542	482
-0.679	-0.724	-0.129	1543	487
-0.670	-0.729	-0.129	1543	493
-0.679	-0.716	-0.134	1541	499
-0.676	-0.717	-0.128	1544	505
-0.675	-0.721	-0.126	1544	512
-0.679	-0.720	-0.127	1544	517
-0.678	-0.721	-0.126	1543	523
-0.680	-0.708	-0.125	1544	529
-0.680	-0.708	-0.129	1544	535
-0.680	-0.706	-0.129	1547	540
-0.684	-0.711	-0.125	1545	546
-0.678	-0.716	-0.124	1545	552
-0.674	-0.716	-0.122	1546	559
-0.675	-0.729	-0.113	1547	564
-0.671	-0.729	-0.113	1547	570
-0.672	-0.738	-0.116	1545	576
-0.675	-0.735	-0.117	1546	582
-0.672	-0.733	-0.113	1548	588
-0.672	-0.734	-0.108	1548	593
-0.673	-0.717	-0.109	1549	600
-0.673	-0.717	-0.116	1547	606
-0.676	-0.704	-0.115	1545	612
-0.679	-0.703	-0.114	1548	617
-0.683	-0.709	-0.120	1550	623
-0.683	-0.702	-0.123	1549	629
-0.682	-0.693	-0.121	1549	635
-0.685	-0.695	-0.123	1551	642
-0.686	-0.700	-0.136	1547	647
-0.685	-0.689	-0.136	1547	653
-0.681	-0.706	-0.129	1547	659
-0.677	-0.697	-0.126	1546	665
-0.673	-0.702	-0.127	1546	670
-0.675	-0.712	-0.124	1546	676
-0.673	-0.713	-0.126	1549	683
-0.665	-0.722	-0.120	1549	689
-0.659	-0.733	-0.119	1545	694
-0.672	-0.737	-0.123	1545	700
-0.669	-0.743	-0.119	1545	706
-0.676	-0.753	-0.127	1547	712
-0.670	-0.749	-0.123	1548	718
-0.671	-0.745	-0.123	1550	723
-0.671	-0.740	-0.130	1555	730
-0.673	-0.732	-0.126	1552	736
-0.671	-0.722	-0.126	1547	742
-0.679	-0.720	-0.131	1544	747
-0.679	-0.720	-0.136	1545	753
-0.679	-0.717	-0.130	1548	759
-0.682	-0.718	-0.138	1551	765
-0.678	-0.732	-0.136	1549	772
-0.677	-0.735	-0.137	1547	777
-0.672	-0.735	-0.135	1545	783
-0.677	-0.747	-0.134	1546	789
-0.677	-0.758	-0.134	1548	795
-0.679	-0.755	-0.125	1546	800
-0.677	-0.744	-0.114	1546	806
-0.684	-0.745	-0.122	1545	813
-0.678	-0.751	-0.119	1535	819
-0.681	-0.751	-0.114	1535	824
-0.686	-0.748	-0.123	1526	830
-0.681	-0.755	-0.131	1519	836
-0.682	-0.763	-0.133	1528	842
-0.676	-0.781	-0.110	1530	848
-0.675	-0.773	-0.095	1534	854
-0.667	-0.773	-0.089	1529	860
-0.680	-0.782	-0.102	1535	866
-0.677	-0.792	-0.108	1545	872
-0.683	-0.792	-0.113	1541	877
-0.685	-0.777	-0.112	1547	883
-0.687	-0.758	-0.117	1548	889
-0.701	-0.761	-0.102	1549	896
-0.692	-0.779	-0.101	1549	902
-0.674	-0.729	-0.091	1548	907
-0.652	-0.718	-0.104	1543	913
-0.666	-0.716	-0.123	1536	919
-0.674	-0.719	-0.129	1518	925
-0.672	-0.695	-0.111	1520	930
-0.684	-0.706	-0.107	1527	936
-0.663	-0.685	-0.112	1528	943
-0.685	-0.688	-0.088	1522	949
-0.696	-0.670	-0.109	1517	954
-0.694	-0.681	-0.093	1517	960
-0.693	-0.685	-0.134	1518	966
-0.701	-0.657	-0.128	1527	972
-0.675	-0.659	-0.136	1521	978
-0.703	-0.653	-0.122	1515	984
-0.709	-0.614	-0.133	1515	990
-0.683	-0.685	-0.104	1526	996
-0.661	-0.695	-0.131	1532	1002
-0.670	-0.709	-0.156	1512	1007
-0.663	-0.718	-0.142	1502	1013
-0.635	-0.795	-0.139	1490	1019
-0.630	-0.806	-0.141	1487	1026
-0.688	-0.792	-0.171	1489	1032
-0.660	-0.802	-0.147	1491	1037
-0.661	-0.780	-0.129	1490	1043
-0.676	-0.771	-0.111	1486	1049
-0.688	-0.782	-0.121	1497	1055
-0.703	-0.733	-0.118	1503	1061
-0.688	-0.758	-0.095	1502	1068
-0.712	-0.725	-0.078	1506	1073
-0.710	-0.729	-0.091	1499	1079
-0.693	-0.726	-0.107	1494	1085
-0.688	-0.722	-0.111	1490	1091
-0.711	-0.722	-0.119	1487	1097
-0.679	-0.719	-0.106	1489	1103
-0.690	-0.729	-0.100	1480	1108
-0.689	-0.697	-0.117	1469	1115
-0.689	-0.704	-0.116	1457	1121
-0.705	-0.731	-0.138	1452	1127
-0.718	-0.710	-0.072	1457	1133
-0.701	-0.681	-0.082	1456	1138
-0.700	-0.663	-0.095	1455	1144
-0.720	-0.680	-0.093	1457	1150
-0.717	-0.673	-0.098	1461	1157
-0.726	-0.694	-0.096	1456	1163
-0.726	-0.728	-0.092	1458	1168
-0.754	-0.744	-0.156	1459	1174
-0.722	-0.759	-0.142	1461	1180
-0.777	-0.690	-0.031	1454	1186
-0.775	-0.703	-0.053	1449	1192
-0.765	-0.677	-0.067	1439	1199
-0.762	-0.681	-0.046	1437	1204
-0.753	-0.611	-0.079	1429	1210
-0.771	-0.684	-0.060	1422	1216
-0.789	-0.641	-0.058	1422	1222
-0.756	-0.657	-0.028	1422	1228
-0.743	-0.655	-0.045	1416	1234
-0.762	-0.658	-0.036	1415	1240
-0.748	-0.664	-0.078	1416	1246
-0.786	-0.627	0.028	1414	1252
-0.767	-0.670	-0.081	1410	1258
-0.759	-0.660	-0.069	1406	1264
-0.765	-0.641	-0.068	1399	1269
-0.776	-0.620	-0.075	1396	1275
-0.808	-0.649	-0.035	1396	1282
-0.781	-0.637	-0.065	1393	1288
-0.736	-0.636	-0.083	1392	1294
-0.791	-0.594	-0.084	1393	1299
-0.774	-0.568	-0.054	1392	1305
-0.778	-0.625	-0.024	1392	1311
-0.785	-0.614	-0.049	1395	1317
-0.766	-0.605	-0.059	1409	1324
-0.792	-0.602	-0.050	1416	1330
-0.798	-0.597	-0.044	1421	1335
-0.820	-0.589	-0.041	1425	1341
-0.826	-0.556	-0.055	1430	1347
-0.829	-0.576	-0.053	1439	1353
-0.843	-0.569	-0.036	1447	1359
-0.842	-0.575	-0.043	1450	1364
-0.833	-0.550	-0.035	1460	1371
-0.848	-0.537	-0.016	1471	1377
-0.847	-0.553	-0.021	1475	1383
-0.861	-0.544	-0.039	1472	1389
-0.815	-0.532	-0.033	1480	1395
-0.829	-0.519	-0.024	1491	1400
-0.817	-0.538	-0.001	1495	1406
-0.822	-0.544	0.002	1493	1413
-0.844	-0.547	-0.005	1487	1419
-0.848	-0.532	-0.008	1481	1425
-0.846	-0.539	-0.006	1482	1430
-0.856	-0.529	0.004	1487	1436
-0.870	-0.511	-0.002	1484	1442
-0.864	-0.503	-0.010	1478	1448
-0.868	-0.498	-0.017	1485	1455
-0.861	-0.491	-0.004	1492	1460
-0.860	-0.482	-0.003	1487	1466
-0.861	-0.499	-0.006	1487	1472
-0.860	-0.482	0.003	1493	1478
-0.855	-0.490	0.004	1493	1484
-0.863	-0.493	0.001	1495	1489
-0.877	-0.491	0.004	1501	1496
-0.878	-0.493	0.013	1507	1502
-0.867	-0.491	0.018	1509	1508
-0.872	-0.492	0.015	1509	1514
-0.867	-0.488	0.013	1509	1519
-0.874	-0.489	0.028	1512	1525
-0.875	-0.482	0.006	1508	1531
-0.876	-0.482	0.010	1503	1538
-0.879	-0.471	0.012	1508	1544
-0.874	-0.474	-0.003	1513	1549
-0.885	-0.467	0.003	1513	1555
-0.894	-0.458	0.007	1511	1561
-0.886	-0.460	0.004	1513	1567
-0.882	-0.448	0.002	1516	1573
-0.884	-0.447	-0.003	1518	1579
-0.888	-0.440	0.000	1520	1585
-0.898	-0.426	-0.006	1515	1591
-0.905	-0.442	-0.020	1509	1597
-0.909	-0.417	-0.009	1500	1603
-0.915	-0.406	-0.011	1502	1609
-0.915	-0.394	-0.020	1513	1614
-0.904	-0.411	-0.014	1520	1620
-0.899	-0.420	-0.011	1525	1627
-0.896	-0.386	-0.015	1524	1633
-0.891	-0.393	-0.028	1521	1639
-0.888	-0.388	-0.036	1518	1644
-0.900	-0.385	-0.027	1519	1650
-0.896	-0.391	-0.008	1520	1656
-0.900	-0.378	-0.015	1519	1662
-0.904	-0.385	-0.015	1522	1669
-0.913	-0.382	-0.028	1525	1674
-0.913	-0.393	-0.040	1525	1680
-0.916	-0.362	-0.002	1522	1686
-0.927	-0.359	-0.021	1520	1692
-0.925	-0.370	-0.022	1517	1698
-0.917	-0.374	-0.018	1513	1704
-0.921	-0.357	-0.019	1510	1710
-0.912	-0.357	-0.012	1507	1716
-0.916	-0.346	-0.027	1506	1722
-0.913	-0.354	-0.020	1505	1728
-0.918	-0.371	-0.016	1500	1734
-0.922	-0.358	-0.020	1496	1739
-0.923	-0.359	-0.013	1496	1745
-0.930	-0.356	-0.003	1489	1752
-0.934	-0.359	-0.004	1481	1758
-0.956	-0.335	-0.151	1477	1764
-0.904	-0.357	0.167	1478	1770
-0.939	-0.340	-0.015	1477	1775
-0.937	-0.341	-0.010	1478	1781
-0.933	-0.337	0.005	1478	1787
-0.926	-0.322	-0.020	1474	1794
-0.926	-0.336	-0.016	1471	1800
-0.923	-0.331	-0.028	1472	1805
-0.932	-0.325	-0.024	1473	1811
-0.929	-0.328	-0.037	1476	1817
-0.942	-0.324	-0.036	1478	1823
-0.938	-0.323	-0.024	1476	1829
-0.936	-0.308	-0.017	1477	1835
-0.946	-0.297	-0.045	1484	1841
-0.943	-0.282	-0.054	1485	1847
-0.943	-0.285	-0.041	1485	1853
-0.950	-0.295	-0.045	1489	1859
-0.957	-0.253	-0.042	1494	1865
-0.938	-0.249	-0.054	1499	1870
-0.938	-0.250	-0.056	1502	1876
-0.938	-0.259	-0.051	1503	1883
-0.946	-0.263	-0.048	1501	1889
-0.938	-0.235	-0.079	1502	1895
-0.951	-0.272	-0.066	1506	1900
-0.952	-0.270	-0.059	1507	1906
-0.944	-0.236	-0.041	1504	1912
-0.949	-0.229	-0.049	1506	1918
-0.971	-0.235	-0.049	1508	1925
-0.962	-0.242	-0.044	1511	1931
-0.964	-0.228	-0.046	1514	1936
-0.963	-0.229	-0.021	1514	1942
-0.954	-0.204	-0.050	1510	1948
-0.954	-0.226	-0.061	1508	1954
-0.960	-0.238	-0.101	1509	1960
-0.974	-0.241	-0.087	1509	1966
-0.972	-0.241	-0.085	1510	1972
-0.976	-0.229	-0.066	1515	1978
-0.978	-0.238	-0.051	1515	1984
-0.974	-0.252	-0.052	1515	1990
-0.972	-0.268	-0.057	1514	1995
-0.974	-0.268	-0.082	1513	2001
-0.972	-0.270	-0.093	1511	2008
-0.967	-0.264	-0.102	1510	2014
-0.956	-0.260	-0.096	1510	2020
-0.955	-0.255	-0.088	1511	2026
-0.936	-0.246	-0.097	1507	2031
-0.934	-0.251	-0.087	1503	2037
-0.938	-0.242	-0.087	1501	2043
-0.935	-0.245	-0.098	1496	2050
-0.952	-0.251	-0.104	1491	2056
-0.951	-0.229	-0.089	1494	2061
-0.961	-0.214	-0.064	1494	2067
-0.961	-0.219	-0.084	1489	2073
-0.965	-0.239	-0.091	1485	2079
-0.967	-0.227	-0.076	1484	2085
-0.963	-0.252	-0.096	1490	2092
-0.972	-0.262	-0.098	1497	2097
-0.968	-0.277	-0.099	1499	2103
-0.953	-0.281	-0.109	1500	2109
-0.937	-0.285	-0.117	1500	2115
-0.938	-0.261	-0.121	1497	2121
-0.928	-0.243	-0.118	1495	2126
-0.929	-0.236	-0.116	1495	2132
-0.929	-0.221	-0.124	1496	2139
-0.943	-0.205	-0.125	1497	2145
-0.942	-0.189	-0.114	1496	2151
-0.955	-0.168	-0.117	1493	2157
-0.957	-0.154	-0.104	1492	2162
-0.978	-0.162	-0.103	1494	2168
-0.983	-0.148	-0.108	1497	2174
-0.996	-0.179	-0.104	1503	2181
-0.990	-0.159	-0.095	1507	2187
-0.995	-0.148	-0.086	1508	2192
-0.985	-0.143	-0.098	1508	2198
-0.975	-0.128	-0.106	1512	2204
-0.965	-0.126	-0.125	1514	2210
-0.957	-0.131	-0.137	1513	2216
-0.951	-0.145	-0.139	1510	2223
-0.953	-0.153	-0.131	1510	2228
-0.941	-0.171	-0.132	1507	2234
-0.956	-0.183	-0.118	1505	2240
-0.969	-0.198	-0.104	1500	2246
-0.974	-0.201	-0.102	1499	2252
-0.980	-0.198	-0.099	1501	2257
-0.985	-0.198	-0.104	1507	2264
-0.983	-0.198	-0.107	1508	2270
-0.979	-0.214	-0.104	1510	2276
-0.972	-0.215	-0.103	1511	2282
-0.968	-0.229	-0.104	1512	2287
-0.967	-0.240	-0.117	1512	2293
-0.957	-0.250	-0.120	1512	2299
-0.961	-0.253	-0.118	1513	2306
-0.970	-0.243	-0.115	1512	2312
-0.962	-0.236	-0.111	1511	2318
-0.960	-0.224	-0.134	1510	2323
-0.955	-0.208	-0.093	1512	2329
-0.958	-0.215	-0.081	1514	2335
-0.951	-0.204	-0.093	1515	2341
-0.954	-0.193	-0.088	1515	2348
-0.953	-0.193	-0.070	1516	2353
-0.963	-0.188	-0.078	1521	2359
-0.970	-0.199	-0.057	1522	2365
-0.972	-0.192	-0.059	1523	2371
-0.973	-0.195	-0.060	1523	2377
-0.983	-0.193	-0.053	1522	2383
-0.983	-0.202	-0.093	1525	2388
-0.976	-0.194	-0.079	1528	2395
-0.968	-0.191	-0.079	1529	2401
-0.968	-0.191	-0.085	1529	2407
-0.961	-0.188	-0.085	1529	2413
-0.956	-0.205	-0.094	1526	2418
-0.957	-0.213	-0.094	1525	2424
-0.967	-0.220	-0.093	1523	2430
-0.968	-0.216	-0.092	1521	2437
-0.971	-0.217	-0.100	1520	2443
-0.978	-0.205	-0.098	1519	2448
-0.981	-0.191	-0.102	1520	2454
-0.983	-0.187	-0.097	1520	2460
-0.983	-0.178	-0.090	1518	2466
-0.987	-0.169	-0.087	1516	2472
-0.979	-0.161	-0.080	1513	2478
-0.980	-0.157	-0.079	1511	2484
-0.983	-0.154	-0.079	1511	2490
-0.987	-0.156	-0.072	1511	2496
-0.988	-0.154	-0.067	1512	2502
-0.994	-0.170	-0.069	1512	2508
-0.988	-0.169	-0.074	1511	2513
-0.991	-0.179	-0.074	1512	2520
-0.989	-0.183	-0.076	1512	2526
-0.979	-0.195	-0.082	1511	2532
-0.980	-0.199	-0.086	1511	2538
-0.974	-0.208	-0.077	1512	2543
-0.962	-0.211	-0.084	1511	2549
-0.964	-0.212	-0.091	1509	2555
-0.962	-0.210	-0.074	1508	2562
-0.965	-0.214	-0.076	1508	2568
-0.968	-0.206	-0.079	1506	2573
-0.972	-0.208	-0.076	1505	2579
-0.979	-0.202	-0.070	1508	2585
-0.985	-0.189	-0.064	1509	2591
-0.982	-0.203	-0.068	1508	2597
-0.978	-0.196	-0.065	1509	2603
-0.976	-0.193	-0.061	1507	2609
-0.971	-0.182	-0.065	1502	2615
-0.969	-0.177	-0.065	1508	2621
-0.969	-0.167	-0.059	1511	2627
-0.968	-0.165	-0.061	1512	2633
-0.979	-0.159	-0.078	1511	2638
-0.979	-0.163	-0.066	1511	2644
-0.991	-0.154	-0.063	1510	2651
-0.996	-0.163	-0.063	1508	2657
-1.005	-0.162	-0.061	1505	2663
-1.004	-0.161	-0.056	1503	2668
-1.005	-0.159	-0.059	1503	2674
-0.995	-0.152	-0.057	1500	2680
-0.990	-0.150	-0.062	1498	2686
-0.983	-0.141	-0.062	1495	2693
-0.978	-0.142	-0.057	1493	2699
-0.973	-0.160	-0.067	1493	2704
-0.971	-0.181	-0.069	1492	2710
-0.976	-0.199	-0.064	1488	2716
-0.979	-0.206	-0.063	1487	2722
-0.980	-0.203	-0.061	1485	2728
-0.984	-0.205	-0.063	1483	2734
-0.976	-0.198	-0.055	1480	2740
-0.977	-0.197	-0.052	1481	2746
-0.974	-0.179	-0.048	1483	2752
-0.975	-0.168	-0.055	1480	2758
-0.979	-0.148	-0.063	1478	2763
-0.987	-0.143	-0.064	1479	2769
-1.000	-0.138	-0.063	1481	2776
-1.001	-0.132	-0.070	1479	2782
-1.000	-0.125	-0.066	1480	2788
-0.988	-0.122	-0.062	1479	2793
-0.989	-0.109	-0.069	1481	2799
-0.978	-0.111	-0.068	1481	2805
-0.985	-0.108	-0.076	1481	2811
-0.977	-0.118	-0.081	1483	2818
-0.969	-0.132	-0.072	1486	2824
-0.969	-0.143	-0.063	1487	2829
-0.968	-0.161	-0.063	1486	2835
-0.973	-0.172	-0.056	1486	2841
-0.976	-0.189	-0.054	1488	2847
-0.979	-0.188	-0.059	1490	2853
-0.979	-0.192	-0.059	1493	2859
-0.985	-0.197	-0.054	1495	2865
-0.987	-0.197	-0.053	1495	2871
-0.990	-0.187	-0.060	1497	2877
-0.985	-0.177	-0.058	1497	2883
-0.989	-0.174	-0.063	1499	2888
-0.986	-0.168	-0.063	1500	2894
-0.989	-0.160	-0.064	1499	2900
-0.989	-0.164	-0.069	1498	2907
-0.987	-0.155	-0.060	1496	2913
-0.990	-0.155	-0.063	1500	2919
-0.992	-0.159	-0.060	1503	2924
-0.989	-0.158	-0.063	1505	2930
-0.982	-0.175	-0.058	1507	2936
-0.975	-0.180	-0.063	1511	2942
-0.974	-0.178	-0.064	1512	2949
-0.961	-0.181	-0.066	1516	2954
-0.964	-0.186	-0.065	1519	2960
-0.955	-0.183	-0.070	1521	2966
-0.964	-0.188	-0.067	1522	2972
-0.975	-0.189	-0.070	1524	2978
-0.975	-0.187	-0.067	1527	2983
-0.983	-0.178	-0.074	1528	2990
-0.986	-0.178	-0.074	1527	2996
-0.990	-0.169	-0.067	1528	3002
-0.991	-0.162	-0.069	1530	3008
-0.995	-0.154	-0.068	1533	3014
-0.993	-0.148	-0.063	1535	3019
-0.986	-0.145	-0.063	1536	3025
-0.979	-0.141	-0.063	1537	3032
-0.979	-0.141	-0.068	1537	3038
-0.974	-0.138	-0.076	1536	3044
-0.973	-0.150	-0.078	1535	3049
-0.976	-0.152	-0.078	1535	3055
-0.974	-0.160	-0.074	1537	3061
-0.976	-0.158	-0.069	1537	3067
-0.974	-0.169	-0.068	1535	3074
-0.975	-0.173	-0.065	1533	3079
-0.977	-0.170	-0.063	1531	3085
-0.977	-0.178	-0.060	1531	3091
-0.980	-0.177	-0.070	1530	3097
-0.983	-0.177	-0.069	1529	3103
-0.987	-0.167	-0.069	1530	3109
-0.984	-0.174	-0.072	1531	3115
-0.987	-0.164	-0.068	1531	3121
-0.986	-0.156	-0.069	1529	3127
-0.978	-0.170	-0.067	1531	3133
-0.979	-0.172	-0.076	1532	3139
-0.980	-0.169	-0.068	1532	3144
-0.980	-0.169	-0.069	1534	3150
-0.979	-0.165	-0.067	1536	3156
-0.981	-0.162	-0.070	1538	3163
-0.979	-0.164	-0.068	1538	3169
-0.977	-0.159	-0.067	1536	3174
-0.979	-0.169	-0.067	1538	3180
-0.977	-0.170	-0.063	1540	3186
-0.970	-0.164	-0.069	1539	3192
-0.974	-0.170	-0.063	1537	3198
-0.974	-0.170	-0.065	1538	3205
-0.971	-0.170	-0.061	1538	3210
-0.977	-0.178	-0.060	1539	3216
-0.987	-0.172	-0.063	1540	3222
-0.987	-0.159	-0.069	1539	3228
-0.993	-0.160	-0.069	1539	3234
-0.997	-0.169	-0.065	1537	3239
-0.989	-0.167	-0.068	1535	3246
-0.992	-0.175	-0.068	1534	3252
-0.982	-0.180	-0.063	1535	3258
-0.978	-0.187	-0.065	1537	3264
-0.981	-0.187	-0.067	1536	3269
-0.974	-0.183	-0.070	1536	3275
-0.972	-0.181	-0.069	1534	3281
-0.970	-0.177	-0.067	1528	3288
-0.972	-0.171	-0.067	1528	3294
-0.978	-0.157	-0.063	1529	3300
-0.987	-0.156	-0.067	1529	3305
-0.989	-0.160	-0.071	1530	3311
-0.988	-0.150	-0.065	1530	3317
-0.987	-0.157	-0.065	1529	3323
-0.984	-0.163	-0.065	1529	3330
-0.980	-0.168	-0.064	1530	3335
-0.980	-0.179	-0.071	1530	3341
-0.985	-0.187	-0.072	1530	3347
-0.983	-0.192	-0.071	1530	3353
-0.984	-0.181	-0.068	1531	3359
-0.979	-0.183	-0.066	1530	3364
-0.968	-0.174	-0.067	1528	3371
-0.970	-0.173	-0.064	1528	3377
-0.968	-0.162	-0.064	1528	3383
-0.974	-0.160	-0.068	1526	3389
-0.978	-0.155	-0.065	1525	3394
-0.993	-0.161	-0.063	1529	3400
-0.995	-0.154	-0.060	1529	3406
-0.994	-0.171	-0.063	1529	3412
-0.996	-0.174	-0.063	1529	3419
-0.981	-0.178	-0.065	1529	3425
-0.982	-0.179	-0.074	1527	3430
-0.978	-0.180	-0.080	1526	3436
-0.975	-0.180	-0.082	1526	3442
-0.972	-0.175	-0.077	1526	3448
-0.972	-0.170	-0.073	1525	3454
-0.978	-0.167	-0.071	1525	3460
-0.976	-0.153	-0.071	1524	3466
-0.972	-0.152	-0.061	1523	3472
-0.974	-0.149	-0.071	1522	3478
-0.979	-0.151	-0.068	1522	3484
-0.976	-0.169	-0.063	1521	3489
-0.982	-0.159	-0.066	1520	3495
-0.983	-0.172	-0.067	1518	3502
-0.985	-0.182	-0.073	1515	3508
-0.977	-0.181	-0.079	1516	3514
-0.979	-0.186	-0.071	1517	3519
-0.977	-0.181	-0.069	1517	3525
-0.979	-0.182	-0.075	1517	3531
-0.977	-0.172	-0.078	1516	3537
-0.980	-0.171	-0.077	1517	3544
-0.979	-0.171	-0.079	1516	3550
-0.977	-0.159	-0.076	1513	3555
-0.977	-0.166	-0.081	1511	3561
-0.974	-0.163	-0.076	1511	3567
-0.975	-0.171	-0.081	1509	3573
-0.978	-0.183	-0.081	1505	3579
-0.981	-0.185	-0.072	1504	3585
-0.991	-0.190	-0.075	1507	3591
-0.991	-0.198	-0.076	1511	3597
-0.987	-0.189	-0.074	1512	3603
-0.982	-0.182	-0.078	1512	3609
-0.973	-0.176	-0.070	1510	3615
-0.979	-0.171	-0.069	1508	3620
-0.966	-0.175	-0.063	1506	3627
-0.970	-0.176	-0.060	1509	3633
-0.973	-0.181	-0.060	1511	3639
-0.974	-0.186	-0.066	1510	3645
-0.979	-0.195	-0.068	1511	3650
-0.976	-0.198	-0.066	1511	3656
-0.977	-0.194	-0.066	1509	3662
-0.974	-0.189	-0.058	1508	3668
-0.979	-0.188	-0.061	1506	3675
-0.975	-0.186	-0.064	1505	3680
-0.983	-0.190	-0.072	1503	3686
-0.979	-0.190	-0.062	1506	3692
-0.982	-0.187	-0.066	1508	3698
-0.974	-0.195	-0.082	1509	3704
-0.979	-0.185	-0.082	1510	3710
-0.974	-0.176	-0.084	1507	3716
-0.979	-0.161	-0.081	1505	3722
-0.975	-0.162	-0.075	1504	3728
-0.974	-0.157	-0.076	1502	3734
-0.987	-0.162	-0.074	1505	3740
-0.991	-0.162	-0.075	1508	3745
-0.985	-0.168	-0.069	1505	3751
-0.977	-0.175	-0.067	1504	3758
-0.972	-0.177	-0.061	1504	3764
-0.978	-0.179	-0.061	1505	3770
-0.972	-0.179	-0.068	1504	3775
-0.972	-0.182	-0.066	1501	3781
-0.978	-0.187	-0.063	1504	3787
-0.983	-0.182	-0.066	1506	3793
-0.986	-0.186	-0.074	1507	3800
-0.985	-0.197	-0.085	1507	3806
-0.981	-0.199	-0.091	1508	3811
-0.978	-0.197	-0.083	1507	3817
-0.975	-0.192	-0.078	1506	3823
-0.975	-0.190	-0.074	1505	3829
-0.968	-0.200	-0.062	1503	3835
-0.965	-0.198	-0.060	1504	3841
-0.971	-0.188	-0.061	1505	3847
-0.964	-0.190	-0.067	1504	3853
-0.977	-0.194	-0.063	1505	3859
-0.981	-0.194	-0.072	1505	3865
-0.980	-0.199	-0.082	1501	3871
-0.979	-0.203	-0.084	1496	3876
-0.979	-0.196	-0.083	1499	3883
-0.977	-0.198	-0.091	1499	3889
-0.978	-0.190	-0.081	1499	3895
-0.972	-0.183	-0.062	1500	3901
-0.976	-0.184	-0.058	1500	3906
-0.980	-0.179	-0.061	1499	3912
-0.975	-0.177	-0.067	1500	3918
-0.974	-0.177	-0.066	1502	3924
-0.970	-0.177	-0.061	1505	3931
-0.971	-0.177	-0.059	1505	3936
-0.976	-0.177	-0.060	1504	3942
-0.979	-0.182	-0.059	1504	3948
-0.984	-0.188	-0.059	1502	3954
-0.981	-0.200	-0.057	1500	3960
-0.979	-0.203	-0.057	1501	3966
-0.978	-0.207	-0.063	1502	3972
-0.971	-0.200	-0.066	1503	3978
-0.974	-0.194	-0.063	1502	3984
-0.968	-0.191	-0.063	1501	3990
-0.974	-0.187	-0.061	1501	3996
-0.979	-0.189	-0.061	1503	4001
-0.980	-0.188	-0.053	1502	4007
-0.988	-0.182	-0.051	1501	4014
-0.983	-0.178	-0.052	1502	4020
-0.986	-0.170	-0.064	1503	4026
-0.985	-0.171	-0.064	1503	4031
-0.978	-0.170	-0.062	1501	4037
-0.982	-0.174	-0.064	1500	4043
-0.976	-0.177	-0.061	1499	4049
-0.975	-0.179	-0.061	1500	4056
-0.978	-0.179	-0.056	1501	4062
-0.981	-0.187	-0.060	1502	4067
-0.982	-0.183	-0.062	1499	4073
-0.988	-0.178	-0.058	1500	4079
-0.989	-0.185	-0.059	1502	4085
-0.984	-0.178	-0.066	1502	4091
-0.984	-0.173	-0.065	1500	4097
-0.979	-0.178	-0.065	1499	4103
-0.976	-0.178	-0.063	1499	4109
-0.981	-0.180	-0.060	1499	4115
-0.986	-0.187	-0.060	1499	4121
-0.984	-0.187	-0.063	1498	4126
-0.990	-0.185	-0.060	1500	4132
-0.987	-0.175	-0.059	1501	4139
-0.985	-0.178	-0.066	1499	4145
-0.980	-0.168	-0.072	1497	4151
-0.975	-0.167	-0.060	1496	4156
-0.977	-0.173	-0.067	1496	4162
-0.982	-0.172	-0.063	1496	4168
-0.981	-0.183	-0.066	1497	4174
-0.979	-0.178	-0.065	1498	4180
-0.980	-0.182	-0.059	1497	4187
-0.981	-0.180	-0.065	1496	4192
-0.979	-0.166	-0.064	1495	4198
-0.980	-0.168	-0.068	1495	4204
-0.981	-0.172	-0.065	1496	4210
-0.979	-0.171	-0.066	1495	4216
-0.972	-0.173	-0.063	1494	4221
-0.978	-0.172	-0.065	1493	4228
-0.976	-0.176	-0.067	1494	4234
-0.977	-0.170	-0.066	1494	4240
-0.978	-0.174	-0.069	1495	4246
-0.981	-0.172	-0.068	1492	4251
-0.979	-0.176	-0.069	1489	4257
-0.983	-0.173	-0.066	1489	4263
-0.985	-0.180	-0.068	1489	4270
-0.991	-0.172	-0.067	1488	4276
-0.986	-0.176	-0.066	1489	4282
-0.982	-0.169	-0.069	1491	4287
-0.976	-0.171	-0.066	1492	4293
-0.975	-0.164	-0.073	1490	4299
-0.976	-0.164	-0.065	1487	4305
-0.976	-0.164	-0.076	1486	4312
-0.980	-0.171	-0.069	1487	4317
-0.983	-0.164	-0.071	1488	4323
-0.990	-0.165	-0.070	1487	4329
-0.986	-0.160	-0.074	1488	4335
-0.979	-0.150	-0.043	1488	4341
-0.979	-0.154	-0.067	1487	4346
-0.982	-0.156	-0.068	1486	4353
-0.979	-0.146	-0.074	1486	4359
-0.978	-0.150	-0.068	1486	4365
-0.988	-0.148	-0.069	1485	4371
-0.982	-0.143	-0.068	1486	4376
-0.986	-0.148	-0.059	1487	4382
-0.989	-0.146	-0.063	1488	4388
-0.988	-0.142	-0.067	1487	4395
-0.988	-0.148	-0.068	1486	4401
-0.992	-0.141	-0.073	1483	4407
-0.979	-0.110	-0.086	1479	4412
-0.972	-0.155	-0.064	1480	4418
-0.977	-0.166	-0.078	1483	4424
-0.987	-0.163	-0.076	1484	4430
-0.982	-0.169	-0.088	1482	4436
-0.983	-0.165	-0.071	1483	4442
-0.981	-0.161	-0.070	1484	4448
-0.987	-0.152	-0.069	1484	4454
-0.979	-0.145	-0.081	1481	4460
-0.980	-0.133	-0.077	1482	4466
-0.975	-0.127	-0.081	1485	4471
-0.983	-0.130	-0.088	1485	4477
-0.980	-0.126	-0.085	1486	4484
-0.985	-0.124	-0.076	1487	4490
-0.987	-0.124	-0.084	1487	4496
-0.993	-0.117	-0.085	1487	4501
-0.982	-0.104	-0.086	1487	4507
-0.986	-0.104	-0.088	1486	4513
-0.989	-0.104	-0.089	1483	4519
-0.993	-0.104	-0.096	1482	4526
-0.982	-0.101	-0.097	1486	4532
-0.985	-0.108	-0.097	1487	4537
-0.981	-0.110	-0.107	1485	4543
-0.988	-0.108	-0.117	1488	4549
-0.995	-0.128	-0.110	1492	4555
-0.992	-0.127	-0.114	1493	4561
-0.987	-0.138	-0.102	1490	4567
-0.985	-0.139	-0.090	1490	4573
-0.983	-0.144	-0.074	1493	4579
-0.975	-0.122	-0.091	1495	4585
-0.975	-0.163	-0.068	1497	4591
-0.973	-0.165	-0.070	1499	4596
-0.972	-0.168	-0.067	1500	4602
-0.974	-0.178	-0.077	1500	4609
-0.968	-0.177	-0.091	1500	4615
-0.960	-0.177	-0.086	1497	4621
-0.967	-0.175	-0.084	1496	4627
-0.972	-0.180	-0.084	1497	4632
-0.976	-0.184	-0.084	1498	4638
-0.983	-0.182	-0.082	1497	4644
-0.979	-0.173	-0.081	1497	4651
-0.980	-0.171	-0.090	1497	4657
-0.977	-0.164	-0.100	1498	4662
-0.980	-0.152	-0.101	1501	4668
-0.972	-0.146	-0.098	1504	4674
-0.969	-0.141	-0.092	1506	4680
-0.973	-0.140	-0.086	1508	4686
-0.975	-0.144	-0.087	1508	4691
-0.980	-0.134	-0.070	1507	4698
-0.981	-0.143	-0.078	1507	4704
-0.984	-0.141	-0.084	1509	4710
-0.979	-0.153	-0.083	1507	4716
-0.985	-0.148	-0.080	1505	4722
-0.980	-0.156	-0.073	1505	4727
-0.985	-0.157	-0.072	1506	4733
-0.983	-0.159	-0.070	1507	4740
-0.986	-0.160	-0.075	1505	4746
-0.983	-0.154	-0.068	1503	4752
-0.985	-0.149	-0.074	1502	4757
-0.984	-0.141	-0.071	1502	4763
-0.984	-0.141	-0.072	1503	4769
-0.990	-0.146	-0.069	1504	4775
-0.991	-0.146	-0.076	1504	4782
-0.984	-0.146	-0.075	1503	4787
-0.984	-0.138	-0.080	1502	4793
-0.979	-0.142	-0.077	1502	4799
-0.983	-0.140	-0.079	1499	4805
-0.975	-0.148	-0.082	1499	4811
-0.980	-0.147	-0.077	1502	4816
-0.981	-0.150	-0.070	1502	4823
-0.980	-0.150	-0.076	1501	4829
-0.980	-0.152	-0.070	1501	4835
-0.979	-0.149	-0.075	1500	4841
-0.980	-0.148	-0.077	1498	4846
-0.982	-0.142	-0.073	1496	4852
-0.988	-0.146	-0.074	1499	4858
-0.987	-0.153	-0.068	1500	4865
-0.994	-0.150	-0.078	1499	4871
-0.989	-0.146	-0.068	1497	4877
-0.987	-0.144	-0.071	1498	4882
-0.987	-0.142	-0.069	1499	4888
-0.978	-0.134	-0.080	1499	4894
-0.973	-0.133	-0.088	1499	4900
-0.974	-0.136	-0.086	1498	4907
-0.981	-0.138	-0.085	1498	4912
-0.986	-0.144	-0.075	1498	4918
-0.989	-0.144	-0.070	1499	4924
-0.992	-0.138	-0.063	1498	4930
-0.989	-0.135	-0.058	1495	4936
-0.983	-0.139	-0.069	1494	4941
-0.981	-0.138	-0.077	1493	4947
-0.979	-0.135	-0.079	1493	4954
-0.981	-0.139	-0.091	1496	4960
-0.991	-0.141	-0.079	1497	4966
-0.988	-0.148	-0.066	1498	4972
-0.991	-0.138	-0.059	1498	4977
-0.992	-0.137	-0.071	1498	4983
-0.983	-0.129	-0.064	1497	4989
-0.986	-0.125	-0.070	1496	4996
-0.989	-0.132	-0.071	1494	5002
-0.982	-0.126	-0.077	1495	5007
-0.981	-0.136	-0.070	1496	5013
-0.987	-0.145	-0.076	1494	5019
-0.985	-0.138	-0.074	1495	5025
-0.985	-0.141	-0.076	1494	5031
-0.979	-0.138	-0.068	1493	5037
-0.985	-0.139	-0.080	1493	5043
-0.981	-0.142	-0.084	1495	5049
-0.990	-0.143	-0.084	1495	5055
-0.989	-0.137	-0.084	1495	5061
-0.989	-0.144	-0.084	1495	5067
-0.987	-0.140	-0.079	1497	5072
-0.987	-0.140	-0.073	1496	5079
-0.981	-0.135	-0.070	1497	5085
-0.980	-0.131	-0.075	1497	5091
-0.973	-0.131	-0.070	1497	5097
-0.983	-0.131	-0.064	1497	5102
-0.982	-0.133	-0.069	1498	5108
-0.979	-0.132	-0.072	1497	5114
-0.985	-0.145	-0.071	1499	5121
-0.988	-0.150	-0.075	1500	5127
-0.986	-0.149	-0.082	1501	5132
-0.985	-0.155	-0.083	1502	5138
-0.982	-0.162	-0.077	1500	5144
-0.978	-0.160	-0.067	1500	5150
-0.977	-0.149	-0.076	1501	5156
-0.981	-0.147	-0.074	1500	5163
-0.974	-0.152	-0.068	1499	5168
-0.978	-0.153	-0.068	1499	5174
-0.978	-0.152	-0.069	1496	5180
-0.984	-0.164	-0.066	1496	5186
-0.985	-0.158	-0.064	1498	5192
-0.992	-0.163	-0.065	1499	5197
-0.996	-0.144	-0.070	1499	5203
-0.993	-0.139	-0.071	1499	5210
-0.983	-0.136	-0.084	1498	5216
-0.981	-0.137	-0.074	1497	5222
-0.979	-0.143	-0.076	1498	5227
-0.979	-0.141	-0.075	1500	5233
-0.984	-0.151	-0.077	1501	5239
-0.987	-0.149	-0.070	1502	5245
-0.977	-0.144	-0.069	1498	5252
-1.030	-0.443	0.232	1479	5258
-0.874	0.443	-0.073	1467	5263
-0.841	0.500	-1.371	1461	5269
-0.750	-0.093	-0.531	1458	5275
-1.688	-0.095	-0.742	1456	5281
-1.205	-0.144	0.387	1454	5287
-1.163	-0.122	0.466	1453	5293
-0.993	-0.137	0.394	1452	5299
-0.967	-0.150	0.033	1454	5305
-0.961	-0.145	-0.107	1458	5311
-0.912	-0.215	-0.307	1462	5317
-0.809	-0.206	-0.224	1473	5323
-0.843	-0.112	-0.143	1486	5328
-0.957	-0.110	-0.002	1495	5335
-1.003	-0.103	0.054	1502	5341
-1.035	-0.133	0.045	1507	5347
-1.052	-0.160	-0.020	1510	5353
-1.062	-0.166	-0.114	1514	5358
-1.021	-0.147	-0.144	1516	5364
-0.975	-0.134	-0.130	1515	5370
-0.962	-0.114	-0.101	1518	5377
-0.951	-0.139	-0.068	1521	5383
-0.959	-0.152	-0.055	1525	5388
-0.969	-0.148	-0.063	1526	5394
-0.991	-0.138	-0.074	1528	5400
-0.999	-0.133	-0.080	1529	5406
-1.009	-0.131	-0.077	1527	5412
-0.995	-0.132	-0.066	1526	5419
-0.989	-0.133	-0.063	1527	5424
-0.988	-0.129	-0.070	1525	5430
-0.987	-0.133	-0.078	1523	5436
-0.981	-0.146	-0.081	1523	5442
-0.979	-0.152	-0.086	1523	5448
-0.975	-0.152	-0.083	1522	5453
-0.976	-0.151	-0.095	1518	5459
-0.976	-0.142	-0.092	1514	5466
-0.972	-0.139	-0.084	1514	5472
-0.979	-0.132	-0.078	1514	5478
-0.992	-0.132	-0.064	1505	5483
-1.561	-2.000	1.999	1450	5489
-2.000	1.234	-2.000	1430	5495
-1.009	-0.076	-1.727	1424	5501
-1.055	-0.536	0.332	1422	5508
-1.505	-0.145	-0.533	1421	5514
-1.053	-0.140	0.038	1421	5519
-0.981	-0.086	0.089	1422	5525
-0.937	-0.189	0.340	1425	5531
-0.896	-0.192	0.445	1432	5537
-0.867	-0.265	0.045	1448	5543
-0.969	-0.219	-0.057	1467	5549
-0.996	-0.248	0.001	1482	5555
-1.007	-0.227	-0.297	1495	5561
-1.042	-0.139	-0.182	1506	5567
-1.055	-0.072	-0.086	1513	5573
-1.038	-0.052	-0.017	1519	5578
-1.018	-0.089	0.067	1523	5584
-0.987	-0.107	0.014	1527	5591
-0.979	-0.104	-0.067	1529	5597
-0.970	-0.104	-0.120	1530	5603
-0.966	-0.118	-0.141	1530	5609
-0.970	-0.145	-0.122	1533	5614
-0.975	-0.158	-0.092	1538	5620
-0.991	-0.171	-0.066	1540	5626
-0.996	-0.162	-0.060	1541	5633
-1.003	-0.138	-0.059	1539	5639
-0.994	-0.125	-0.054	1537	5644
-0.986	-0.110	-0.063	1536	5650
-0.976	-0.109	-0.060	1534	5656
-0.974	-0.120	-0.070	1533	5662
-0.974	-0.134	-0.083	1532	5668
-0.986	-0.137	-0.081	1531	5673
-0.987	-0.145	-0.074	1529	5680
-0.988	-0.151	-0.072	1527	5686
-0.990	-0.155	-0.076	1526	5692
-0.991	-0.157	-0.074	1523	5698
-0.980	-0.147	-0.077	1520	5704
-0.979	-0.137	-0.072	1518	5709
-0.980	-0.131	-0.069	1517	5715
-0.979	-0.128	-0.072	1515	5722
-0.976	-0.125	-0.080	1515	5728
-0.978	-0.124	-0.076	1516	5734
-0.983	-0.127	-0.083	1516	5739
-0.984	-0.123	-0.083	1515	5745
-0.990	-0.135	-0.078	1515	5751
-0.989	-0.131	-0.077	1513	5757
-0.987	-0.139	-0.079	1514	5764
-0.983	-0.136	-0.069	1513	5769
-0.979	-0.139	-0.072	1508	5775
-0.977	-0.150	-0.066	1509	5781
-0.983	-0.155	-0.076	1510	5787
-0.985	-0.155	-0.077	1509	5793
-0.979	-0.156	-0.082	1508	5799
-0.983	-0.148	-0.086	1506	5805
-0.979	-0.151	-0.083	1506	5811
-0.989	-0.153	-0.085	1507	5817
-0.986	-0.143	-0.086	1508	5823
-0.986	-0.143	-0.087	1507	5829
-0.981	-0.144	-0.076	1505	5834
-0.978	-0.135	-0.069	1505	5840
-0.975	-0.131	-0.074	1502	5847
-0.978	-0.130	-0.072	1500	5853
-0.977	-0.119	-0.078	1503	5859
-0.982	-0.112	-0.063	1504	5864
-0.984	-0.124	-0.059	1503	5870
-0.992	-0.119	-0.060	1502	5876
-0.988	-0.119	-0.063	1499	5882
-0.996	-0.102	-0.063	1495	5889
-1.001	-0.130	-0.073	1491	5895
-0.998	-0.127	-0.074	1491	5900
-0.995	-0.130	-0.071	1492	5906
-0.982	-0.127	-0.075	1491	5912
-0.978	-0.114	-0.073	1489	5918
-0.972	-0.122	-0.083	1485	5924
-0.967	-0.131	-0.088	1482	5929
-0.959	-0.139	-0.085	1479	5936
-0.959	-0.150	-0.083	1476	5942
-0.975	-0.155	-0.080	1473	5948
-0.977	-0.155	-0.081	1471	5954
-0.982	-0.160	-0.071	1470	5959
-0.988	-0.161	-0.070	1464	5965
-0.997	-0.157	-0.070	1464	5971
-0.996	-0.146	-0.066	1463	5978
-0.999	-0.151	-0.063	1463	5984
-1.001	-0.138	-0.068	1463	5990
-0.991	-0.148	-0.062	1463	5995
-0.987	-0.142	-0.063	1463	6001
-0.988	-0.141	-0.074	1463	6007
-0.981	-0.141	-0.080	1463	6013
-0.987	-0.143	-0.075	1462	6020
-0.980	-0.142	-0.077	1462	6025
-0.979	-0.135	-0.081	1461	6031
-0.975	-0.141	-0.074	1460	6037
-0.982	-0.142	-0.079	1461	6043
-0.989	-0.142	-0.071	1463	6049
-0.984	-0.144	-0.071	1463	6055
-0.987	-0.144	-0.071	1464	6061
-0.979	-0.136	-0.072	1464	6067
-0.976	-0.139	-0.069	1461	6073
-0.977	-0.136	-0.068	1452	6079
-0.979	-0.137	-0.064	1459	6085
-0.987	-0.139	-0.069	1462	6090
-0.984	-0.148	-0.066	1461	6096
-0.994	-0.137	-0.069	1462	6103
-0.990	-0.124	-0.065	1465	6109
-0.989	-0.135	-0.088	1464	6115
-0.988	-0.139	-0.083	1464	6120
-0.987	-0.137	-0.091	1462	6126
-0.991	-0.132	-0.082	1462	6132
-0.988	-0.124	-0.079	1461	6138
-0.991	-0.129	-0.075	1460	6145
-0.980	-0.137	-0.078	1460	6150
-0.978	-0.136	-0.081	1460	6156
-0.973	-0.137	-0.076	1461	6162
-0.974	-0.143	-0.090	1459	6168
-0.975	-0.149	-0.085	1458	6174
-0.980	-0.151	-0.083	1456	6180
-0.979	-0.140	-0.072	1456	6185
-0.984	-0.151	-0.076	1457	6192
-0.986	-0.152	-0.071	1456	6198
-0.985	-0.136	-0.065	1453	6204
-0.982	-0.130	-0.065	1454	6210
-0.990	-0.130	-0.080	1456	6215
-0.995	-0.135	-0.072	1456	6221
-1.002	-0.131	-0.069	1459	6227
-1.008	-0.127	-0.077	1457	6234
-1.000	-0.120	-0.087	1454	6240
-0.981	-0.125	-0.087	1454	6245
-0.979	-0.128	-0.092	1454	6251
-0.978	-0.130	-0.093	1452	6257
-0.977	-0.137	-0.088	1451	6263
-0.965	-0.133	-0.087	1451	6269
-0.963	-0.139	-0.088	1455	6276
-0.968	-0.137	-0.092	1454	6281
-0.975	-0.141	-0.089	1455	6287
-0.979	-0.129	-0.083	1453	6293
-0.987	-0.135	-0.082	1455	6299
-0.990	-0.135	-0.080	1454	6305
-0.995	-0.132	-0.076	1456	6310
-0.993	-0.123	-0.086	1452	6317
-0.987	-0.120	-0.078	1453	6323
-0.995	-0.106	-0.083	1456	6329
-0.982	-0.115	-0.084	1462	6335
-0.985	-0.107	-0.083	1465	6341
-0.986	-0.103	-0.087	1467	6346
-0.987	-0.104	-0.087	1468	6352
-0.981	-0.104	-0.087	1470	6359
-0.988	-0.103	-0.082	1468	6365
-0.987	-0.104	-0.082	1468	6371
-0.984	-0.113	-0.083	1467	6376
-0.989	-0.108	-0.076	1470	6382
-0.986	-0.122	-0.074	1470	6388
-0.995	-0.118	-0.075	1471	6394
-0.991	-0.121	-0.069	1464	6401
-0.992	-0.127	-0.057	1468	6406
-0.989	-0.118	-0.061	1472	6412
-0.987	-0.115	-0.063	1473	6418
-0.987	-0.114	-0.066	1477	6424
-0.988	-0.121	-0.077	1483	6430
-0.990	-0.104	-0.075	1486	6436
-0.987	-0.104	-0.079	1486	6441
-0.987	-0.098	-0.082	1487	6448
-0.990	-0.104	-0.071	1490	6454
-0.986	-0.099	-0.066	1488	6460
-0.989	-0.087	-0.063	1488	6466
-0.989	-0.089	-0.065	1487	6471
-0.984	-0.081	-0.064	1486	6477
-0.989	-0.072	-0.072	1481	6483
-0.997	-0.072	-0.076	1483	6490
-0.986	-0.073	-0.076	1487	6496
-0.996	-0.085	-0.085	1491	6501
-1.009	-0.081	-0.088	1493	6507
-0.996	-0.077	-0.086	1490	6513
-0.997	-0.076	-0.085	1492	6519
-0.993	-0.086	-0.083	1487	6525
-0.992	-0.089	-0.070	1493	6531
-0.993	-0.094	-0.073	1487	6537
-0.990	-0.081	-0.068	1483	6543
-0.984	-0.072	-0.070	1480	6549
-0.981	-0.059	-0.071	1482	6555
-0.977	-0.048	-0.090	1487	6560
-0.977	-0.052	-0.089	1495	6566
-0.992	-0.055	-0.097	1495	6573
-1.000	-0.064	-0.094	1495	6579
-1.005	-0.084	-0.084	1496	6585
-1.020	-0.091	-0.080	1498	6590
-1.010	-0.090	-0.072	1489	6596
-1.015	-0.089	-0.087	1492	6602
-1.014	-0.085	-0.092	1490	6608
-1.009	-0.088	-0.103	1493	6615
-1.011	-0.076	-0.110	1490	6621
-0.996	-0.088	-0.104	1491	6626
-0.983	-0.041	-0.076	1488	6632
-0.969	-0.035	-0.070	1486	6638
-0.953	-0.028	-0.075	1471	6644
-0.942	-0.042	-0.095	1472	6650
-0.951	-0.047	-0.097	1473	6656
-0.959	-0.062	-0.087	1469	6662
-0.971	-0.063	-0.084	1469	6668
-0.992	-0.069	-0.085	1467	6674
-1.008	-0.056	-0.090	1466	6680
-1.016	-0.054	-0.100	1458	6685
-1.024	-0.042	-0.101	1455	6691
-1.030	-0.038	-0.099	1460	6697
-1.021	-0.013	-0.095	1471	6704
-1.015	-0.013	-0.083	1461	6710
-1.005	-0.014	-0.105	1461	6715
-0.995	-0.008	-0.101	1464	6721
-0.984	-0.040	-0.116	1461	6727
-0.979	-0.007	-0.108	1462	6733
-0.979	-0.013	-0.106	1471	6739
-0.977	-0.017	-0.113	1471	6746
-0.979	-0.018	-0.121	1471	6751
-0.974	-0.016	-0.122	1471	6757
-0.978	-0.016	-0.117	1475	6763
-0.975	-0.024	-0.122	1481	6769
-0.979	-0.032	-0.119	1490	6775
-0.976	-0.033	-0.118	1490	6780
-0.981	-0.039	-0.114	1483	6787
-0.987	-0.038	-0.104	1484	6793
-0.984	-0.036	-0.099	1488	6799
-0.991	-0.034	-0.106	1486	6805
-0.986	-0.030	-0.101	1493	6810
-0.992	-0.031	-0.105	1495	6816
-0.984	-0.025	-0.097	1486	6822
-0.989	-0.032	-0.097	1488	6829
-0.992	-0.033	-0.098	1499	6835
-0.993	-0.039	-0.108	1509	6841
-0.992	-0.044	-0.115	1512	6846
-0.992	-0.048	-0.105	1514	6852
-0.986	-0.043	-0.100	1511	6858
-0.983	-0.053	-0.109	1513	6864
-0.984	-0.053	-0.103	1515	6871
-0.987	-0.052	-0.110	1517	6876
-0.984	-0.051	-0.111	1517	6882
-0.989	-0.052	-0.109	1512	6888
-0.993	-0.039	-0.102	1505	6894
-0.991	-0.036	-0.106	1507	6900
-0.995	-0.031	-0.104	1511	6905
-0.995	-0.032	-0.102	1514	6912
-0.999	-0.021	-0.101	1522	6918
-0.998	-0.019	-0.106	1518	6924
-0.995	-0.012	-0.100	1517	6930
-0.989	-0.011	-0.101	1519	6936
-0.991	-0.012	-0.096	1519	6941
-0.984	-0.018	-0.103	1519	6947
-0.980	-0.028	-0.109	1514	6953
-0.981	-0.032	-0.118	1519	6960
-0.980	-0.023	-0.119	1521	6966
-0.976	-0.021	-0.117	1522	6971
-0.979	-0.020	-0.116	1525	6977
-0.982	-0.024	-0.114	1521	6983
-0.984	-0.025	-0.118	1522	6989
-0.986	-0.013	-0.105	1522	6995
-0.986	-0.016	-0.105	1517	7001
-1.000	-0.017	-0.101	1521	7007
-1.013	-0.032	-0.104	1527	7013
-1.008	-0.028	-0.115	1527	7019
-1.011	-0.014	-0.100	1523	7025
-1.004	-0.017	-0.099	1528	7031
-1.001	-0.019	-0.106	1522	7036
-0.988	-0.032	-0.117	1530	7043
-0.981	-0.040	-0.115	1525	7049
-0.975	-0.052	-0.106	1527	7055
-0.966	-0.062	-0.102	1529	7061
-0.969	-0.068	-0.110	1534	7066
-0.968	-0.064	-0.115	1527	7072
-0.976	-0.052	-0.114	1530	7078
-0.981	-0.031	-0.108	1524	7085
-0.982	-0.007	-0.109	1522	7091
-0.986	0.003	-0.113	1522	7096
-0.997	0.009	-0.112	1526	7102
-1.000	0.008	-0.113	1520	7108
-1.008	0.009	-0.104	1523	7114
-1.004	0.014	-0.097	1525	7120
-1.005	0.018	-0.106	1523	7126
-1.005	0.028	-0.108	1523	7132
-1.000	0.032	-0.110	1516	7138
-0.990	0.024	-0.104	1515	7144
-0.983	0.031	-0.105	1522	7150
-0.974	0.023	-0.106	1527	7156
-0.972	0.018	-0.114	1526	7161
-0.973	0.010	-0.117	1527	7168
-0.979	0.002	-0.121	1519	7174
-0.979	0.002	-0.117	1522	7180
-0.985	-0.014	-0.107	1517	7186
-0.990	-0.015	-0.111	1503	7191
-0.987	-0.013	-0.116	1509	7197
-0.994	-0.008	-0.097	1515	7203
-0.998	-0.011	-0.116	1521	7209
-0.990	-0.003	-0.121	1522	7216
-0.997	0.007	-0.109	1522	7221
-0.993	0.016	-0.115	1516	7227
-0.993	0.017	-0.105	1519	7233
-0.999	0.028	-0.112	1519	7239
-0.986	0.029	-0.112	1525	7245
-0.985	0.036	-0.116	1525	7250
-0.973	0.034	-0.116	1524	7257
-0.974	0.028	-0.112	1526	7263
-0.976	0.021	-0.113	1526	7269
-0.973	0.021	-0.110	1525	7275
-0.983	0.018	-0.113	1523	7281
-0.988	0.015	-0.118	1505	7286
-0.994	0.018	-0.112	1514	7292
-1.005	0.026	-0.114	1500	7299
-1.001	0.031	-0.113	1504	7305
-0.998	0.035	-0.111	1512	7311
-0.998	0.047	-0.110	1524	7316
-1.000	0.051	-0.111	1521	7322
-0.983	0.052	-0.100	1522	7328
-0.979	0.056	-0.102	1515	7334
-0.981	0.048	-0.096	1524	7341
-0.984	0.053	-0.101	1523	7346
-0.993	0.044	-0.102	1510	7352
-0.998	0.046	-0.106	1525	7358
-0.992	0.041	-0.104	1525	7364
-1.000	0.037	-0.104	1525	7370
-0.993	0.035	-0.105	1517	7375
-0.988	0.029	-0.107	1521	7382
-0.992	0.032	-0.104	1528	7388
-0.992	0.035	-0.105	1531	7394
-0.987	0.039	-0.105	1528	7400
-0.986	0.048	-0.105	1523	7405
-0.979	0.052	-0.106	1522	7411
-0.979	0.062	-0.113	1521	7417
-0.983	0.064	-0.110	1519	7424
-0.995	0.071	-0.111	1515	7430
-0.998	0.065	-0.108	1519	7435
-1.012	0.070	-0.104	1516	7441
-1.002	0.066	-0.099	1520	7447
-0.992	0.062	-0.100	1522	7453
-0.982	0.063	-0.104	1518	7459
-0.979	0.044	-0.104	1516	7465
-0.974	0.037	-0.116	1515	7471
-0.977	0.022	-0.114	1517	7477
-0.982	0.013	-0.111	1521	7483
-0.979	0.012	-0.119	1519	7489
-0.987	0.013	-0.125	1507	7495
-0.986	0.013	-0.117	1520	7500
-0.995	0.024	-0.111	1523	7506
-0.997	0.029	-0.102	1509	7513
-1.007	0.044	-0.111	1508	7519
-1.009	0.058	-0.115	1511	7525
-0.999	0.063	-0.114	1518	7530
-0.997	0.064	-0.121	1513	7536
-0.986	0.060	-0.117	1519	7542
-0.981	0.051	-0.114	1507	7548
-0.982	0.046	-0.111	1515	7555
-0.984	0.047	-0.106	1513	7561
-0.975	0.046	-0.112	1519	7566
-0.982	0.048	-0.105	1514	7572
-0.983	0.052	-0.107	1519	7578
-0.989	0.058	-0.104	1512	7584
-1.000	0.064	-0.099	1499	7590
-1.003	0.060	-0.102	1518	7596
-1.003	0.071	-0.098	1507	7602
-0.997	0.082	-0.094	1522	7608
-0.992	0.094	-0.110	1521	7614
-0.984	0.094	-0.117	1512	7620
-0.979	0.093	-0.117	1513	7625
-0.981	0.088	-0.111	1510	7631
-0.979	0.079	-0.109	1506	7638
-0.982	0.068	-0.113	1512	7644
-0.985	0.063	-0.111	1520	7650
-0.988	0.063	-0.115	1508	7655
-0.991	0.062	-0.112	1520	7661
-0.996	0.071	-0.116	1523	7667
-0.996	0.076	-0.116	1521	7673
-0.990	0.093	-0.122	1515	7680
-0.981	0.110	-0.118	1509	7686
-0.981	0.114	-0.110	1504	7691
-0.988	0.114	-0.111	1498	7697
-0.980	0.116	-0.117	1508	7703
-0.986	0.114	-0.101	1504	7709
-0.987	0.109	-0.100	1513	7715
-0.982	0.094	-0.104	1518	7720
-0.983	0.074	-0.107	1524	7727
-0.984	0.053	-0.118	1528	7733
-0.987	0.035	-0.112	1525	7739
-0.985	0.034	-0.113	1516	7745
-0.994	0.036	-0.118	1504	7750
-0.986	0.047	-0.123	1503	7756
-0.984	0.052	-0.117	1506	7762
-0.982	0.065	-0.113	1511	7769
-0.980	0.077	-0.110	1512	7775
-0.987	0.089	-0.104	1522	7780
-0.987	0.091	-0.109	1502	7786
-0.991	0.090	-0.109	1509	7792
-0.990	0.098	-0.107	1510	7798
-0.987	0.096	-0.105	1511	7804
-0.990	0.100	-0.107	1507	7811
-0.987	0.097	-0.101	1500	7816
-0.982	0.080	-0.107	1511	7822
-0.979	0.077	-0.114	1511	7828
-0.981	0.070	-0.113	1511	7834
-0.979	0.066	-0.116	1502	7840
-0.986	0.060	-0.125	1510	7845
-0.992	0.061	-0.128	1509	7852
-0.988	0.068	-0.121	1499	7858
-0.992	0.075	-0.118	1508	7864
-0.985	0.085	-0.115	1497	7870
-0.982	0.089	-0.110	1492	7875
-0.986	0.094	-0.111	1499	7881
-0.985	0.097	-0.106	1510	7887
-0.981	0.104	-0.104	1500	7894
-0.979	0.105	-0.099	1501	7900
-0.979	0.104	-0.111	1497	7905
-0.972	0.090	-0.113	1486	7911
-0.979	0.086	-0.113	1485	7917
-0.979	0.087	-0.111	1500	7923
-0.984	0.082	-0.115	1507	7929
-0.993	0.087	-0.120	1504	7934
-1.012	0.088	-0.138	1490	7941
-1.010	0.101	-0.137	1493	7947
-1.011	0.105	-0.121	1507	7953
-1.013	0.116	-0.121	1492	7959
-1.003	0.131	-0.115	1498	7965
-0.981	0.134	-0.108	1492	7970
-0.975	0.139	-0.109	1501	7976
-0.973	0.145	-0.110	1503	7983
-0.974	0.144	-0.103	1499	7989
-0.974	0.134	-0.103	1502	7995
-0.975	0.121	-0.105	1497	8000
-0.978	0.101	-0.103	1471	8006
-0.986	0.071	-0.119	1491	8012
-0.998	0.038	-0.118	1505	8018
-1.001	0.015	-0.114	1505	8025
-1.012	0.014	-0.114	1499	8030
-0.998	0.015	-0.116	1497	8036
-0.994	0.027	-0.123	1513	8042
-0.979	0.060	-0.126	1508	8048
-0.967	0.091	-0.123	1511	8054
-0.963	0.118	-0.123	1511	8060
-0.956	0.133	-0.122	1514	8066
-0.950	0.159	-0.123	1494	8072
-0.951	0.166	-0.123	1506	8078
-0.958	0.172	-0.109	1518	8084
-0.970	0.160	-0.113	1507	8090
-0.979	0.153	-0.109	1505	8095
-0.995	0.143	-0.112	1505	8101
-0.993	0.133	-0.113	1496	8108
-0.999	0.112	-0.119	1505	8114
-0.995	0.106	-0.121	1517	8120
-1.007	0.105	-0.132	1512	8126
-0.999	0.101	-0.127	1499	8131
-0.989	0.105	-0.130	1507	8137
-0.979	0.126	-0.125	1518	8143
-0.971	0.135	-0.123	1513	8150
-0.974	0.147	-0.118	1516	8156
-0.972	0.150	-0.119	1507	8161
-0.981	0.166	-0.115	1510	8167
-0.985	0.160	-0.110	1510	8173
-0.980	0.153	-0.110	1500	8179
-0.977	0.144	-0.102	1494	8185
-0.983	0.128	-0.112	1492	8190
-0.987	0.112	-0.107	1497	8197
-0.995	0.094	-0.112	1486	8203
-0.996	0.086	-0.113	1499	8209
-0.993	0.076	-0.117	1515	8215
-0.993	0.078	-0.128	1497	8220
-0.980	0.081	-0.127	1496	8226
-0.980	0.096	-0.123	1497	8232
-0.982	0.112	-0.128	1490	8239
-0.975	0.133	-0.130	1496	8245
-0.969	0.157	-0.136	1497	8251
-0.972	0.169	-0.122	1508	8256
-0.969	0.178	-0.122	1507	8262
-0.978	0.175	-0.112	1497	8268
-0.984	0.170	-0.112	1490	8274
-0.986	0.158	-0.111	1477	8281
-0.999	0.144	-0.109	1494	8286
-1.007	0.131	-0.108	1500	8292
-1.012	0.120	-0.114	1488	8298
-1.003	0.109	-0.111	1500	8304
-0.990	0.110	-0.109	1499	8310
-0.980	0.100	-0.119	1483	8315
-0.965	0.097	-0.118	1470	8322
-0.964	0.099	-0.122	1484	8328
-0.957	0.093	-0.129	1499	8334
-0.962	0.099	-0.135	1488	8340
-0.968	0.105	-0.132	1486	8345
-0.977	0.103	-0.128	1502	8351
-0.984	0.120	-0.130	1501	8357
-0.992	0.128	-0.128	1509	8364
-0.989	0.133	-0.126	1504	8370
-0.987	0.141	-0.114	1499	8376
-0.987	0.139	-0.109	1485	8381
-0.989	0.154	-0.121	1496	8387
-0.982	0.146	-0.122	1494	8393
-0.982	0.149	-0.110	1486	8399
-0.976	0.138	-0.112	1504	8406
-0.973	0.137	-0.117	1498	8411
-0.966	0.120	-0.121	1498	8417
-0.968	0.108	-0.122	1484	8423
-0.974	0.100	-0.121	1470	8429
-0.980	0.098	-0.124	1494	8435
-0.988	0.085	-0.126	1494	8440
-0.993	0.092	-0.119	1495	8446
-0.993	0.095	-0.127	1493	8453
-0.996	0.102	-0.128	1492	8459
-0.988	0.111	-0.128	1496	8465
-0.981	0.130	-0.114	1501	8471
-0.977	0.150	-0.114	1475	8476
-0.975	0.174	-0.106	1495	8482
-0.975	0.181	-0.104	1475	8488
-0.976	0.184	-0.111	1490	8495
-0.974	0.178	-0.109	1481	8501
-0.975	0.170	-0.108	1480	8506
-0.973	0.158	-0.106	1456	8512
-0.983	0.141	-0.104	1471	8518
-0.993	0.119	-0.114	1475	8524
-0.996	0.103	-0.124	1491	8530
-0.999	0.096	-0.128	1499	8536
-0.996	0.094	-0.134	1487	8542
-0.985	0.104	-0.136	1491	8548
-0.988	0.121	-0.127	1495	8554
-0.981	0.139	-0.122	1507	8560
-0.979	0.152	-0.122	1510	8566
-0.982	0.174	-0.125	1495	8571
-0.973	0.180	-0.120	1490	8578
-0.974	0.185	-0.116	1483	8584
-0.974	0.187	-0.110	1493	8590
-0.971	0.175	-0.113	1505	8596
-0.974	0.171	-0.107	1507	8601
-0.974	0.150	-0.111	1504	8607
-0.980	0.145	-0.113	1492	8613
-0.980	0.143	-0.111	1498	8620
-0.981	0.142	-0.116	1499	8626
-0.979	0.134	-0.118	1512	8631
-0.973	0.127	-0.128	1527	8637
-0.981	0.116	-0.131	1516	8643
-0.982	0.104	-0.135	1502	8649
-0.988	0.094	-0.125	1491	8655
-0.993	0.086	-0.120	1505	8662
-0.986	0.079	-0.110	1512	8667
-0.983	0.084	-0.117	1502	8673
-0.982	0.093	-0.110	1498	8679
-0.969	0.110	-0.110	1506	8685
-0.975	0.118	-0.112	1495	8691
-0.969	0.132	-0.109	1488	8696
-0.960	0.138	-0.123	1491	8702
-0.969	0.147	-0.119	1507	8709
-0.969	0.143	-0.129	1500	8715
-0.977	0.148	-0.128	1489	8721
-0.979	0.154	-0.121	1498	8726
-0.979	0.148	-0.115	1475	8732
-0.977	0.146	-0.118	1486	8738
-0.980	0.145	-0.131	1503	8744
-0.988	0.143	-0.130	1483	8751
-0.991	0.139	-0.136	1497	8757
-0.988	0.128	-0.134	1494	8762
-0.988	0.127	-0.135	1502	8768
-0.990	0.123	-0.139	1502	8774
-0.985	0.130	-0.132	1487	8780
-0.975	0.133	-0.127	1490	8786
-0.971	0.145	-0.118	1511	8792
-0.969	0.157	-0.115	1529	8798
-0.955	0.170	-0.115	1482	8804
-0.948	0.181	-0.119	1507	8810
-0.950	0.177	-0.121	1522	8816
-0.956	0.171	-0.119	1522	8821
-0.968	0.163	-0.118	1512	8827
-0.979	0.151	-0.118	1506	8834
-0.979	0.147	-0.113	1500	8840
-0.993	0.136	-0.110	1489	8846
-0.994	0.132	-0.114	1492	8852
-1.000	0.128	-0.121	1496	8857
-1.001	0.129	-0.132	1497	8863
-0.998	0.134	-0.133	1507	8869
-0.999	0.132	-0.134	1502	8876
-0.986	0.131	-0.127	1515	8882
-0.980	0.141	-0.120	1511	8887
-0.969	0.146	-0.117	1508	8893
-0.951	0.158	-0.119	1512	8899
-0.950	0.180	-0.112	1501	8905
-0.953	0.190	-0.115	1515	8911
-0.961	0.184	-0.122	1519	8916
-0.974	0.179	-0.133	1505	8923
-0.984	0.166	-0.132	1506	8929
-0.986	0.144	-0.128	1510	8935
-0.989	0.133	-0.122	1515	8941
-0.989	0.126	-0.124	1507	8946
-0.989	0.110	-0.125	1517	8952
-0.983	0.119	-0.128	1517	8958
-0.975	0.127	-0.119	1502	8965
-0.967	0.130	-0.136	1496	8971
-0.973	0.149	-0.131	1508	8977
-0.967	0.142	-0.152	1509	8982
-0.961	0.156	-0.140	1511	8988
-0.970	0.161	-0.136	1502	8994
-0.975	0.153	-0.133	1512	9000
-0.973	0.151	-0.117	1485	9007
-0.973	0.159	-0.112	1509	9012
-0.975	0.159	-0.110	1508	9018
-0.983	0.160	-0.113	1506	9024
-0.981	0.158	-0.116	1515	9030
-0.980	0.160	-0.112	1527	9036
-0.980	0.154	-0.110	1493	9041
-0.982	0.149	-0.109	1517	9048
-0.980	0.147	-0.114	1492	9054
-0.976	0.135	-0.118	1514	9060
-0.970	0.135	-0.120	1518	9066
-0.969	0.148	-0.123	1504	9072
-0.972	0.150	-0.124	1495	9077
-0.974	0.149	-0.126	1503	9083
-0.978	0.156	-0.119	1486	9090
-0.983	0.168	-0.126	1487	9096
-0.980	0.165	-0.121	1473	9102
-0.980	0.167	-0.122	1478	9107
-0.975	0.161	-0.123	1496	9113
-0.962	0.151	-0.130	1526	9119
-0.957	0.146	-0.129	1526	9125
-0.958	0.133	-0.121	1523	9132
-0.960	0.134	-0.113	1525	9138
-0.968	0.147	-0.111	1497	9143
-0.971	0.147	-0.111	1475	9149
-0.981	0.166	-0.107	1516	9155
-0.979	0.180	-0.117	1504	9161
-0.982	0.193	-0.110	1513	9167
-0.980	0.200	-0.112	1499	9172
-0.990	0.208	-0.119	1504	9179
-0.987	0.200	-0.111	1483	9185
-0.984	0.186	-0.117	1470	9191
-0.989	0.173	-0.146	1478	9197
-0.992	0.177	-0.154	1501	9202
-0.991	0.184	-0.156	1519	9208
-0.984	0.192	-0.137	1504	9214
-0.977	0.193	-0.126	1478	9221
-0.974	0.200	-0.111	1503	9227
-0.974	0.211	-0.117	1501	9233
-0.978	0.218	-0.126	1514	9238
-0.981	0.231	-0.125	1499	9244
-0.970	0.236	-0.116	1503	9250
-0.968	0.228	-0.115	1498	9256
-0.958	0.214	-0.107	1517	9263
-0.949	0.185	-0.111	1504	9268
-0.948	0.159	-0.116	1467	9274
-0.952	0.132	-0.118	1496	9280
-0.964	0.114	-0.124	1481	9286
-0.979	0.110	-0.133	1518	9292
-0.991	0.104	-0.150	1519	9297
-0.998	0.121	-0.146	1524	9304
-0.998	0.145	-0.139	1519	9310
-0.987	0.182	-0.137	1517	9316
-0.977	0.203	-0.131	1510	9322
-0.970	0.236	-0.125	1502	9328
-0.971	0.252	-0.130	1506	9333
-0.958	0.272	-0.126	1512	9339
-0.959	0.276	-0.127	1505	9346
-0.947	0.267	-0.111	1497	9352
-0.951	0.246	-0.116	1495	9358
-0.952	0.209	-0.135	1510	9363
-0.969	0.163	-0.137	1507	9369
-0.981	0.121	-0.142	1460	9375
-0.988	0.092	-0.131	1514	9381
-0.992	0.080	-0.133	1487	9388
-0.988	0.083	-0.135	1484	9394
-0.990	0.104	-0.126	1516	9399
-0.979	0.135	-0.135	1508	9405
-0.974	0.177	-0.133	1504	9411
-0.961	0.210	-0.137	1482	9417
-0.947	0.234	-0.125	1500	9423
-0.947	0.245	-0.119	1529	9428
-0.979	0.240	-0.100	1540	9435
-0.955	0.241	-0.100	1506	9441
-0.972	0.237	-0.099	1511	9447
-0.968	0.222	-0.097	1501	9453
-0.966	0.202	-0.096	1519	9458
-0.967	0.174	-0.097	1480	9464
-0.976	0.146	-0.113	1443	9470
-0.986	0.122	-0.120	1478	9477
-0.997	0.101	-0.142	1501	9483
-1.000	0.094	-0.155	1507	9489
-1.002	0.089	-0.148	1513	9494
-0.993	0.109	-0.127	1489	9500
-0.971	0.148	-0.103	1476	9506
-0.956	0.186	-0.094	1475	9512
-0.953	0.209	-0.097	1503	9519
-0.953	0.241	-0.113	1499	9524
-0.957	0.265	-0.129	1492	9530
-0.957	0.270	-0.125	1486	9536
-0.967	0.260	-0.116	1463	9542
-0.973	0.247	-0.107	1456	9548
-0.977	0.227	-0.106	1469	9553
-0.978	0.197	-0.115	1459	9560
-0.975	0.176	-0.119	1499	9566
-0.969	0.161	-0.123	1475	9572
-0.962	0.143	-0.129	1471	9578
-0.972	0.130	-0.129	1474	9584
-0.967	0.131	-0.132	1434	9589
-0.975	0.143	-0.126	1463	9595
-0.976	0.163	-0.118	1493	9602
-0.974	0.183	-0.127	1496	9608
-0.972	0.200	-0.120	1437	9614
-0.971	0.222	-0.112	1477	9619
-0.971	0.239	-0.100	1490	9625
-0.969	0.250	-0.096	1498	9631
-0.979	0.255	-0.104	1463	9637
-0.974	0.260	-0.118	1466	9644
-0.968	0.255	-0.120	1482	9649
-0.968	0.241	-0.131	1458	9655
-0.969	0.214	-0.136	1486	9661
-0.975	0.194	-0.147	1488	9667
-0.980	0.169	-0.139	1460	9673
-0.979	0.152	-0.139	1450	9678
-0.974	0.141	-0.124	1457	9684
-0.974	0.146	-0.133	1482	9691
-0.973	0.149	-0.131	1475	9697
-0.973	0.161	-0.141	1483	9703
-0.965	0.177	-0.130	1473	9709
-0.966	0.199	-0.132	1481	9714
-0.958	0.208	-0.126	1476	9720
-0.958	0.229	-0.115	1457	9726
-0.957	0.239	-0.118	1478	9733
-0.959	0.251	-0.115	1474	9739
-0.968	0.244	-0.104	1475	9744
-0.969	0.238	-0.106	1460	9750
-0.969	0.226	-0.105	1476	9756
-0.969	0.207	-0.111	1458	9762
-0.965	0.179	-0.111	1465	9768
-0.958	0.151	-0.113	1449	9774
-0.970	0.129	-0.129	1456	9780
-0.972	0.106	-0.140	1470	9786
-0.977	0.098	-0.153	1416	9792
-0.979	0.094	-0.155	1454	9798
-0.980	0.107	-0.163	1478	9804
-0.979	0.138	-0.153	1471	9809
-0.968	0.171	-0.139	1433	9816
-0.961	0.206	-0.121	1452	9822
-0.953	0.241	-0.109	1428	9828
-0.951	0.268	-0.098	1466	9834
-0.948	0.302	-0.096	1479	9839
-0.951	0.316	-0.095	1472	9845
-0.950	0.312	-0.098	1458	9851
-0.959	0.298	-0.108	1451	9858
-0.971	0.280	-0.116	1448	9864
-0.967	0.264	-0.123	1403	9869
-0.972	0.200	-0.124	1439	9875
-0.980	0.178	-0.136	1408	9881
-0.990	0.146	-0.151	1405	9887
-0.998	0.134	-0.158	1450	9893
-0.995	0.120	-0.166	1457	9899
-0.984	0.129	-0.169	1475	9905
-0.982	0.164	-0.150	1445	9911
-0.969	0.198	-0.133	1494	9917
-0.967	0.246	-0.119	1500	9923
-0.955	0.290	-0.114	1457	9929
-0.946	0.325	-0.115	1466	9934
-0.933	0.339	-0.108	1471	9940
-0.928	0.346	-0.099	1475	9947
-0.927	0.319	-0.087	1480	9953
-0.927	0.289	-0.093	1438	9959
-0.937	0.250	-0.099	1437	9964
-0.951	0.201	-0.091	1418	9970
-0.970	0.161	-0.111	1468	9976
-0.979	0.108	-0.133	1462	9982
-1.007	0.063	-0.158	1470	9989
-1.014	0.049	-0.153	1434	9994
-1.015	0.058	-0.144	1438	10000
-0.999	0.094	-0.139	1478	10006
-0.988	0.161	-0.129	1454	10012
-0.972	0.233	-0.119	1463	10018
-0.946	0.295	-0.121	1469	10024
-0.923	0.349	-0.113	1476	10031
-0.916	0.370	-0.118	1487	10036
-0.920	0.375	-0.126	1466	10042
-0.928	0.349	-0.125	1444	10048
-0.938	0.309	-0.118	1459	10054
-0.943	0.263	-0.111	1445	10060
-0.955	0.221	-0.104	1450	10066
-0.970	0.178	-0.113	1453	10073
-0.979	0.145	-0.124	1434	10078
-0.995	0.115	-0.127	1452	10084
-1.009	0.099	-0.145	1442	10090
-1.003	0.095	-0.148	1441	10096
-0.996	0.104	-0.149	1469	10102
-0.979	0.130	-0.142	1484	10108
-0.973	0.182	-0.127	1479	10115
-0.950	0.236	-0.111	1476	10120
-0.941	0.290	-0.106	1437	10126
-0.936	0.343	-0.108	1455	10132
-0.931	0.365	-0.105	1449	10138
-0.939	0.358	-0.105	1444	10144
-0.951	0.342	-0.103	1425	10150
-0.952	0.291	-0.108	1442	10157
-0.966	0.237	-0.102	1460	10162
-0.979	0.179	-0.112	1460	10168
-0.997	0.128	-0.117	1467	10174
-1.001	0.101	-0.118	1457	10180
-0.996	0.087	-0.127	1458	10186
-0.986	0.095	-0.130	1487	10192
-0.977	0.131	-0.133	1465	10199
-0.958	0.180	-0.132	1495	10204
-0.935	0.229	-0.118	1471	10210
-0.933	0.268	-0.124	1466	10216
-0.931	0.302	-0.133	1469	10222
-0.927	0.325	-0.125	1452	10228
-0.930	0.335	-0.124	1450	10234
-0.932	0.312	-0.111	1455	10241
-0.951	0.282	-0.105	1449	10246
-0.967	0.268	-0.105	1437	10252
-0.984	0.200	-0.116	1455	10258
-0.987	0.189	-0.108	1469	10264
-0.989	0.168	-0.104	1470	10270
-0.981	0.154	-0.118	1490	10276
-0.970	0.156	-0.128	1471	10283
-0.964	0.168	-0.151	1491	10288
-0.953	0.179	-0.149	1473	10294
-0.949	0.201	-0.138	1466	10300
-0.948	0.232	-0.124	1474	10306
-0.942	0.264	-0.115	1498	10312
-0.941	0.290	-0.123	1477	10318
-0.935	0.298	-0.119	1467	10324
-0.936	0.305	-0.116	1440	10330
-0.937	0.294	-0.120	1416	10336
-0.948	0.275	-0.127	1471	10342
-0.950	0.262	-0.133	1479	10348
-0.971	0.226	-0.149	1445	10354
-0.980	0.210	-0.149	1446	10360
-0.992	0.213	-0.152	1480	10366
-0.999	0.221	-0.145	1450	10372
-0.997	0.240	-0.155	1493	10378
-1.008	0.279	-0.144	1520	10384
-1.000	0.320	-0.143	1513	10390
-0.993	0.364	-0.132	1492	10396
-0.974	0.393	-0.115	1473	10402
-0.962	0.395	-0.105	1488	10408
-0.949	0.370	-0.091	1462	10414
-0.938	0.342	-0.087	1495	10420
-0.923	0.306	-0.091	1502	10426
-0.912	0.252	-0.099	1506	10432
-0.914	0.196	-0.106	1506	10438
-0.911	0.139	-0.118	1532	10444
-0.914	0.093	-0.136	1537	10450
-0.937	0.047	-0.139	1533	10457
-0.952	0.030	-0.135	1522	10462
-0.973	0.052	-0.127	1557	10468
-0.980	0.108	-0.128	1552	10474
-0.984	0.174	-0.124	1552	10480
-0.979	0.241	-0.141	1562	10486
-0.976	0.307	-0.152	1504	10492
-0.964	0.346	-0.145	1487	10498
-0.948	0.367	-0.149	1544	10504
-0.926	0.355	-0.143	1558	10510
-0.920	0.333	-0.138	1475	10516
-0.925	0.297	-0.124	1505	10522
-0.932	0.261	-0.121	1499	10528
-0.930	0.244	-0.119	1516	10534
-0.947	0.227	-0.125	1516	10541
-0.962	0.230	-0.129	1532	10546
-0.977	0.240	-0.138	1501	10552
-0.979	0.263	-0.146	1497	10558
-0.977	0.281	-0.149	1546	10564
-0.965	0.307	-0.144	1583	10570
-0.962	0.332	-0.144	1521	10576
-0.967	0.338	-0.135	1542	10583
-0.989	0.325	-0.129	1516	10588
-1.001	0.309	-0.127	1525	10594
-0.986	0.277	-0.120	1529	10600
-0.955	0.257	-0.116	1548	10606
-0.936	0.213	-0.124	1531	10612
-0.911	0.155	-0.135	1502	10618
-0.901	0.104	-0.144	1551	10625
-0.921	0.057	-0.151	1560	10630
-0.922	0.041	-0.144	1511	10636
-0.944	0.047	-0.136	1541	10642
-0.960	0.080	-0.125	1510	10648
-0.967	0.129	-0.127	1542	10654
-0.966	0.191	-0.134	1534	10660
-0.952	0.256	-0.141	1558	10667
-0.936	0.328	-0.148	1585	10672
-0.927	0.366	-0.153	1527	10678
-0.925	0.400	-0.165	1539	10684
-0.924	0.407	-0.158	1524	10690
-0.927	0.397	-0.160	1496	10696
-0.937	0.364	-0.152	1507	10702
-0.937	0.341	-0.158	1539	10708
-0.942	0.290	-0.158	1516	10714
-0.944	0.269	-0.166	1491	10720
-0.942	0.255	-0.162	1505	10726
-0.950	0.255	-0.158	1491	10732
-0.944	0.254	-0.168	1503	10738
-0.950	0.270	-0.162	1546	10744
-0.954	0.280	-0.167	1524	10750
-0.953	0.294	-0.156	1557	10756
-0.962	0.309	-0.150	1529	10762
-0.968	0.319	-0.137	1565	10768
-0.952	0.321	-0.135	1556	10774
-0.959	0.313	-0.125	1527	10780
-0.965	0.293	-0.118	1529	10786
-0.965	0.268	-0.121	1504	10792
-0.964	0.240	-0.114	1512	10799
-0.951	0.213	-0.117	1543	10804
-0.941	0.190	-0.122	1460	10810
-0.932	0.177	-0.130	1532	10816
-0.937	0.166	-0.140	1537	10822
-0.924	0.168	-0.150	1533	10828
-0.929	0.187	-0.150	1554	10834
-0.930	0.215	-0.153	1579	10841
-0.944	0.254	-0.146	1585	10846
-0.953	0.293	-0.145	1579	10852
-0.964	0.345	-0.156	1550	10858
-0.959	0.371	-0.160	1524	10864
-0.953	0.391	-0.146	1574	10870
-0.950	0.375	-0.137	1550	10876
-0.941	0.361	-0.142	1489	10883
-0.924	0.342	-0.120	1540	10888
-0.923	0.297	-0.110	1546	10894
-0.923	0.264	-0.109	1506	10900
-0.930	0.245	-0.116	1538	10906
-0.940	0.222	-0.125	1514	10912
-0.954	0.212	-0.123	1506	10918
-0.974	0.213	-0.134	1573	10925
-0.970	0.231	-0.138	1596	10930
-0.961	0.260	-0.142	1579	10936
-0.959	0.299	-0.146	1597	10942
-0.937	0.347	-0.144	1561	10948
-0.924	0.375	-0.142	1509	10954
-0.922	0.390	-0.151	1531	10960
-0.927	0.390	-0.150	1528	10967
-0.931	0.364	-0.148	1483	10973
-0.935	0.324	-0.135	1518	10978
-0.941	0.268	-0.134	1474	10984
-0.945	0.209	-0.141	1529	10990
-0.957	0.171	-0.136	1549	10996
-0.969	0.145	-0.117	1592	11002
-0.969	0.145	-0.122	1513	11009
-0.966	0.168	-0.143	1505	11015
-0.953	0.211	-0.146	1566	11020
-0.946	0.263	-0.158	1605	11026
-0.925	0.291	-0.155	1620	11032
-0.913	0.334	-0.163	1527	11038
-0.908	0.368	-0.167	1578	11044
-0.915	0.378	-0.168	1568	11051
-0.921	0.375	-0.158	1515	11057
-0.933	0.354	-0.156	1509	11062
-0.949	0.321	-0.143	1547	11068
-0.952	0.288	-0.125	1571	11074
-0.954	0.260	-0.107	1559	11080
-0.961	0.239	-0.112	1484	11086
-0.948	0.230	-0.097	1529	11092
-0.948	0.234	-0.103	1557	11099
-0.947	0.237	-0.104	1577	11104
-0.939	0.246	-0.100	1572	11110
-0.926	0.269	-0.092	1529	11116
-0.923	0.300	-0.106	1532	11122
-0.918	0.335	-0.103	1512	11128
-0.922	0.347	-0.108	1525	11134
-0.923	0.348	-0.115	1562	11141
-0.936	0.336	-0.120	1508	11146
-0.940	0.319	-0.121	1516	11152
-0.946	0.289	-0.118	1483	11158
-0.967	0.269	-0.120	1534	11164
-0.973	0.252	-0.127	1500	11170
-0.983	0.250	-0.138	1518	11176
-0.987	0.256	-0.143	1485	11183
-0.975	0.271	-0.146	1500	11189
-0.952	0.292	-0.145	1516	11194
-0.937	0.298	-0.161	1524	11200
-0.915	0.336	-0.163	1554	11206
-0.905	0.349	-0.171	1567	11212
-0.905	0.367	-0.167	1548	11218
-0.902	0.365	-0.157	1545	11225
-0.910	0.350	-0.147	1493	11231
-0.922	0.326	-0.145	1539	11236
-0.929	0.301	-0.130	1540	11242
-0.946	0.284	-0.107	1498	11248
-0.962	0.263	-0.081	1462	11254
-0.975	0.249	-0.083	1525	11260
-0.976	0.248	-0.078	1555	11267
-0.962	0.254	-0.087	1490	11273
-0.942	0.253	-0.095	1504	11278
-0.922	0.264	-0.115	1536	11284
-0.917	0.263	-0.127	1515	11290
-0.914	0.266	-0.132	1511	11296
-0.918	0.264	-0.135	1524	11302
-0.918	0.275	-0.141	1508	11309
-0.923	0.303	-0.143	1528	11315
-0.934	0.316	-0.149	1543	11321
-0.931	0.352	-0.131	1498	11326
-0.941	0.342	-0.127	1490	11332
-0.947	0.356	-0.135	1501	11338
-0.947	0.355	-0.127	1493	11344
-0.944	0.357	-0.119	1546	11351
-0.946	0.344	-0.112	1470	11357
-0.939	0.343	-0.113	1509	11363
-0.944	0.320	-0.134	1564	11368
-0.932	0.310	-0.139	1536	11374
-0.938	0.310	-0.148	1545	11380
-0.942	0.299	-0.162	1549	11386
-0.935	0.293	-0.164	1519	11393
-0.926	0.310	-0.161	1516	11399
-0.928	0.315	-0.154	1530	11405
-0.927	0.325	-0.151	1540	11410
-0.914	0.342	-0.144	1493	11416
-0.916	0.354	-0.147	1515	11422
-0.923	0.354	-0.147	1503	11428
-0.929	0.348	-0.134	1523	11435
-0.935	0.345	-0.116	1516	11441
-0.938	0.342	-0.112	1476	11447
-0.939	0.335	-0.111	1511	11453
-0.939	0.319	-0.100	1518	11458
-0.937	0.307	-0.093	1457	11464
-0.927	0.293	-0.096	1466	11470
-0.934	0.288	-0.104	1509	11476
-0.938	0.281	-0.114	1488	11483
-0.927	0.277	-0.125	1492	11489
-0.927	0.269	-0.129	1463	11495
-0.925	0.274	-0.117	1507	11500
-0.919	0.276	-0.126	1537	11506
-0.928	0.290	-0.116	1494	11512
-0.941	0.302	-0.118	1469	11518
-0.950	0.324	-0.127	1492	11525
-0.955	0.342	-0.122	1489	11531
-0.944	0.358	-0.127	1500	11537
-0.933	0.360	-0.132	1481	11543
-0.929	0.356	-0.135	1518	11548
-0.920	0.348	-0.134	1447	11554
-0.916	0.334	-0.134	1485	11560
-0.922	0.323	-0.137	1507	11567
-0.930	0.297	-0.136	1496	11573
-0.926	0.301	-0.131	1534	11579
-0.926	0.309	-0.133	1523	11585
-0.924	0.307	-0.133	1509	11590
-0.925	0.312	-0.134	1533	11596
-0.917	0.312	-0.124	1519	11602
-0.917	0.316	-0.111	1523	11609
-0.920	0.320	-0.115	1522	11615
-0.923	0.325	-0.110	1531	11621
-0.932	0.328	-0.128	1490	11627
-0.940	0.330	-0.127	1490	11632
-0.938	0.333	-0.124	1470	11638
-0.931	0.338	-0.129	1477	11644
-0.924	0.336	-0.136	1479	11651
-0.920	0.345	-0.143	1514	11657
-0.907	0.354	-0.141	1481	11663
-0.912	0.354	-0.138	1540	11669
-0.905	0.356	-0.147	1486	11675
-0.905	0.361	-0.146	1486	11680
-0.911	0.349	-0.133	1547	11686
-0.923	0.331	-0.134	1490	11693
-0.925	0.322	-0.122	1497	11699
-0.935	0.329	-0.108	1530	11705
-0.932	0.335	-0.105	1484	11711
-0.933	0.329	-0.104	1520	11717
-0.937	0.336	-0.119	1558	11722
-0.941	0.330	-0.130	1522	11728
-0.938	0.348	-0.142	1501	11735
-0.934	0.351	-0.151	1525	11741
-0.917	0.354	-0.157	1556	11747
-0.896	0.352	-0.161	1522	11753
-0.885	0.338	-0.142	1461	11759
-0.875	0.326	-0.135	1540	11764
-0.866	0.323	-0.125	1532	11770
-0.877	0.315	-0.123	1477	11777
-0.896	0.319	-0.110	1493	11783
-0.912	0.317	-0.117	1500	11789
-0.933	0.307	-0.098	1543	11795
-0.941	0.323	-0.096	1519	11801
-0.956	0.336	-0.075	1533	11807
-0.966	0.338	-0.083	1532	11812
-0.971	0.353	-0.080	1526	11819
-0.953	0.375	-0.089	1519	11825
-0.941	0.401	-0.095	1554	11831
-0.925	0.413	-0.100	1506	11837
-0.913	0.421	-0.113	1532	11843
-0.905	0.422	-0.120	1536	11849
-0.904	0.421	-0.130	1559	11854
-0.904	0.396	-0.124	1513	11860
-0.907	0.373	-0.120	1506	11867
-0.910	0.357	-0.121	1489	11873
-0.919	0.330	-0.119	1531	11879
-0.923	0.314	-0.115	1500	11885
-0.940	0.312	-0.113	1547	11891
-0.938	0.311	-0.104	1535	11896
-0.935	0.328	-0.100	1555	11902
-0.933	0.349	-0.104	1536	11909
-0.927	0.369	-0.107	1557	11915
-0.918	0.386	-0.106	1537	11921
-0.900	0.403	-0.111	1548	11927
-0.896	0.416	-0.119	1596	11933
-0.896	0.421	-0.118	1601	11939
-0.896	0.416	-0.114	1555	11944
-0.894	0.422	-0.112	1524	11951
-0.899	0.405	-0.110	1587	11957
-0.919	0.386	-0.111	1479	11963
-0.939	0.451	-0.092	1527	11969
-0.967	0.349	-0.115	1543	11975
-0.968	0.307	-0.110	1455	11981
-0.960	0.295	-0.104	1488	11986
-0.938	0.286	-0.118	1549	11993
-0.922	0.278	-0.127	1497	11999
-0.907	0.271	-0.129	1545	12005
-0.905	0.274	-0.132	1512	12011
-0.900	0.283	-0.131	1516	12017
-0.883	0.313	-0.129	1534	12023
-0.882	0.360	-0.127	1557	12028
-0.869	0.406	-0.126	1606	12035
-0.861	0.455	-0.128	1512	12041
-0.854	0.475	-0.133	1591	12047
-0.856	0.478	-0.125	1621	12053
-0.861	0.473	-0.115	1544	12059
-0.875	0.442	-0.102	1520	12065
-0.901	0.410	-0.097	1506	12070
-0.926	0.387	-0.079	1571	12077
-0.938	0.376	-0.093	1560	12083
-0.961	0.393	-0.099	1526	12089
-0.966	0.370	-0.105	1542	12095
-0.970	0.387	-0.119	1596	12101
-0.967	0.407	-0.123	1500	12107
-0.952	0.421	-0.137	1557	12113
-0.927	0.433	-0.143	1543	12119
-0.900	0.437	-0.153	1555	12125
-0.874	0.434	-0.149	1571	12131
-0.852	0.436	-0.131	1531	12137
-0.837	0.442	-0.117	1528	12143
-0.836	0.438	-0.101	1517	12149
-0.847	0.428	-0.096	1590	12155
-0.864	0.403	-0.090	1529	12161
-0.898	0.374	-0.091	1502	12167
-0.920	0.358	-0.089	1520	12173
-0.948	0.345	-0.065	1484	12179
-0.963	0.334	-0.044	1538	12185
-0.952	0.336	-0.045	1548	12191
-0.947	0.350	-0.055	1609	12197
-0.938	0.369	-0.080	1512	12203
-0.921	0.386	-0.109	1589	12209
-0.905	0.405	-0.130	1658	12215
-0.880	0.424	-0.135	1577	12221
-0.864	0.439	-0.140	1526	12227
-0.821	0.451	-0.122	1503	12233
-0.822	0.419	-0.127	1533	12239
-0.833	0.428	-0.122	1522	12244
-0.853	0.425	-0.106	1528	12251
-0.882	0.446	-0.094	1498	12257
-0.915	0.448	-0.112	1452	12263
-0.952	0.451	-0.127	1516	12269
-0.985	0.460	-0.118	1564	12275
-0.987	0.469	-0.104	1585	12281
-0.975	0.461	-0.100	1565	12286
-0.959	0.462	-0.106	1528	12293
-0.933	0.464	-0.122	1551	12299
-0.896	0.470	-0.140	1496	12305
-0.855	0.470	-0.148	1540	12311
-0.838	0.461	-0.148	1514	12317
-0.818	0.453	-0.141	1494	12323
-0.817	0.426	-0.143	1509	12329
-0.818	0.399	-0.144	1571	12335
-0.836	0.357	-0.115	1627	12341
-0.849	0.334	-0.085	1632	12347
-0.880	0.315	-0.052	1639	12353
-0.916	0.343	-0.035	1461	12359
-0.949	0.351	-0.020	1502	12365
-0.977	0.355	-0.031	1530	12371
-0.988	0.365	-0.046	1486	12377
-0.979	0.377	-0.066	1506	12383
-0.940	0.386	-0.063	1526	12389
-0.907	0.419	-0.073	1557	12395
-0.880	0.436	-0.084	1476	12401
-0.854	0.479	-0.104	1460	12407
-0.820	0.468	-0.127	1466	12413
-0.814	0.483	-0.142	1564	12419
-0.816	0.494	-0.156	1586	12425
-0.849	0.500	-0.152	1542	12431
-0.891	0.498	-0.145	1536	12437
-0.915	0.515	-0.134	1544	12443
-0.936	0.521	-0.141	1610	12449
-0.953	0.528	-0.143	1629	12455
-0.945	0.516	-0.152	1525	12461
-0.941	0.500	-0.141	1415	12467
-0.912	0.483	-0.130	1505	12473
-0.892	0.463	-0.125	1574	12479
-0.859	0.436	-0.102	1442	12485
-0.843	0.409	-0.095	1397	12491
-0.852	0.377	-0.100	1542	12497
-0.856	0.376	-0.104	1571	12503
-0.869	0.375	-0.109	1557	12509
-0.878	0.372	-0.107	1489	12515
-0.886	0.375	-0.112	1495	12521
-0.899	0.385	-0.104	1495	12527
-0.904	0.388	-0.094	1467	12533
-0.896	0.388	-0.083	1539	12539
-0.889	0.401	-0.079	1546	12545
-0.859	0.423	-0.090	1558	12551
-0.840	0.452	-0.105	1498	12557
-0.810	0.440	-0.122	1520	12563
-0.796	0.442	-0.121	1597	12569
-0.804	0.439	-0.112	1421	12575
-0.838	0.442	-0.108	1411	12581
-0.873	0.428	-0.102	1505	12587
-0.920	0.411	-0.099	1485	12593
-0.949	0.404	-0.096	1415	12599
-0.976	0.391	-0.090	1541	12605
-0.975	0.407	-0.089	1577	12611
-0.968	0.448	-0.088	1417	12617
-0.945	0.488	-0.105	1475	12623
-0.906	0.513	-0.130	1471	12628
-0.868	0.521	-0.162	1424	12635
-0.833	0.511	-0.173	1544	12641
-0.803	0.495	-0.177	1495	12647
-0.776	0.476	-0.164	1528	12653
-0.776	0.467	-0.143	1619	12659
-0.785	0.456	-0.124	1604	12665
-0.801	0.451	-0.107	1549	12670
-0.833	0.449	-0.090	1430	12677
-0.874	0.452	-0.067	1419	12683
-0.898	0.437	-0.061	1511	12689
-0.929	0.419	-0.048	1489	12695
-0.949	0.403	-0.052	1500	12701
-0.950	0.391	-0.056	1529	12707
-0.941	0.432	-0.068	1508	12712
-0.923	0.400	-0.080	1526	12719
-0.903	0.407	-0.112	1579	12725
-0.864	0.426	-0.137	1565	12731
-0.836	0.447	-0.163	1581	12737
-0.805	0.476	-0.186	1459	12743
-0.786	0.488	-0.190	1435	12749
-0.784	0.503	-0.169	1519	12754
-0.790	0.514	-0.142	1534	12761
-0.797	0.523	-0.108	1455	12767
-0.837	0.521	-0.079	1474	12773
-0.860	0.526	-0.069	1436	12779
-0.885	0.548	-0.065	1440	12785
-0.891	0.542	-0.058	1441	12791
-0.902	0.543	-0.066	1374	12796
-0.905	0.563	-0.072	1459	12803
-0.904	0.505	-0.102	1491	12809
-0.885	0.495	-0.101	1564	12815
-0.866	0.491	-0.090	1631	12821
-0.854	0.487	-0.105	1578	12827
-0.835	0.473	-0.110	1569	12833
-0.814	0.480	-0.106	1568	12838
-0.801	0.481	-0.103	1502	12845
-0.806	0.489	-0.102	1497	12851
-0.836	0.498	-0.105	1488	12857
-0.862	0.505	-0.095	1525	12863
-0.894	0.493	-0.089	1541	12869
-0.932	0.495	-0.087	1454	12875
-0.952	0.482	-0.082	1478	12880
-0.959	0.452	-0.071	1407	12887
-0.944	0.434	-0.054	1425	12893
-0.944	0.349	-0.051	1455	12899
-0.878	0.448	-0.035	1493	12905
-0.829	0.471	-0.065	1492	12911
-0.774	0.517	-0.104	1531	12917
-0.741	0.541	-0.136	1567	12922
-0.725	0.566	-0.152	1558	12929
-0.714	0.601	-0.152	1466	12935
-0.729	0.616	-0.156	1532	12941
-0.768	0.643	-0.168	1551	12947
-0.815	0.661	-0.181	1522	12953
-0.874	0.681	-0.187	1498	12959
-0.915	0.682	-0.181	1503	12964
-0.959	0.666	-0.160	1495	12971
-1.018	0.641	-0.140	1509	12977
-1.062	0.609	-0.101	1460	12983
-1.092	0.585	-0.069	1467	12989
-1.081	0.574	-0.049	1479	12995
-1.023	0.534	-0.056	1484	13001
-0.896	0.436	-0.048	1480	13006
-0.752	0.333	-0.034	1498	13012
-0.626	0.325	-0.027	1514	13019
-0.558	0.282	-0.031	1513	13025
-0.564	0.255	-0.055	1492	13031
-0.619	0.271	-0.076	1484	13037
-0.737	0.279	-0.095	1487	13043
-0.876	0.302	-0.103	1480	13048
-1.058	0.324	-0.142	1482	13054
-1.239	0.376	-0.154	1471	13061
-1.378	0.406	-0.177	1469	13067
-1.443	0.519	-0.179	1455	13073
-1.474	0.606	-0.175	1444	13079
-1.394	0.638	-0.177	1439	13085
-1.152	0.572	-0.207	1432	13091
-0.817	0.423	-0.245	1430	13096
-0.629	0.138	-0.268	1433	13103
-0.360	0.181	-0.265	1441	13109
-0.274	0.093	-0.152	1455	13115
-0.256	0.035	-0.090	1472	13121
-0.283	0.025	-0.064	1493	13127
-0.330	0.014	-0.053	1517	13133
-0.373	0.036	0.050	1530	13138
-0.196	0.150	0.103	1542	13145
-0.578	0.159	0.057	1533	13151
-0.612	0.194	0.160	1533	13157
-0.525	0.130	0.116	1531	13163
-0.432	0.071	0.065	1527	13169
-0.360	0.026	0.000	1533	13174
-0.254	0.021	-0.058	1536	13180
-0.356	-0.098	-0.021	1535	13187
-0.397	-0.064	0.085	1521	13193
-0.516	-0.009	0.120	1518	13199
-0.694	0.072	0.128	1514	13205
-0.841	0.217	0.031	1503	13211
-1.051	0.393	-0.063	1489	13216
-1.169	0.580	-0.263	1478	13222
-1.159	0.843	-0.356	1483	13229
-1.041	1.062	-0.396	1482	13235
-0.871	1.193	-0.347	1484	13241
-0.737	1.195	-0.243	1492	13247
-0.567	1.058	-0.136	1485	13253
-0.479	0.897	-0.065	1471	13259
-0.451	0.729	-0.050	1498	13264
-0.403	0.551	0.109	1532	13271
-0.473	0.520	-0.120	1553	13277
-0.486	0.444	-0.109	1560	13283
-0.542	0.404	-0.094	1566	13289
-0.603	0.371	-0.001	1570	13295
-0.627	0.348	0.023	1573	13300
-0.602	0.346	0.022	1571	13306
-0.533	0.367	-0.009	1571	13313
-0.486	0.438	-0.171	1562	13319
-0.387	0.605	-0.200	1550	13325
-0.362	0.719	-0.429	1543	13331
-0.272	0.940	-0.468	1535	13337
-0.234	1.101	-0.479	1532	13342
-0.203	1.489	-0.416	1523	13348
-0.347	1.597	-0.438	1520	13355
-0.327	1.619	-0.325	1519	13361
-0.323	1.999	-0.174	1519	13367
-1.022	1.999	-0.161	1508	13373
-0.881	1.999	-0.021	1504	13379
-0.623	1.999	0.021	1516	13385
-0.427	1.628	-0.041	1496	13390
-0.190	1.370	-0.094	1498	13396
-0.077	1.228	-0.175	1503	13403
-0.007	1.185	-0.244	1507	13409
0.026	1.146	-0.274	1512	13415
-0.037	1.106	-0.344	1520	13421
-0.087	1.101	-0.375	1528	13427
-0.184	1.031	-0.457	1536	13432
-0.280	1.105	-0.531	1543	13438
-0.329	1.124	-0.575	1554	13445
-0.342	1.099	-0.586	1560	13451
-0.369	1.019	-0.577	1560	13457
-0.322	0.978	-0.521	1560	13463
-0.251	0.967	-0.443	1555	13469
-0.178	0.970	-0.383	1548	13474
-0.109	1.007	-0.347	1545	13480
-0.073	1.021	-0.289	1541	13487
-0.079	1.039	-0.224	1533	13493
-0.096	1.129	-0.188	1526	13499
-0.118	1.172	-0.212	1522	13505
-0.150	1.171	-0.287	1516	13511
-0.214	1.104	-0.335	1513	13516
-0.254	1.059	-0.405	1508	13522
-0.268	0.964	-0.438	1505	13529
-0.271	0.876	-0.444	1503	13535
-0.270	0.792	-0.409	1505	13541
-0.271	0.746	-0.350	1506	13547
-0.279	0.695	-0.351	1506	13553
-0.302	0.697	-0.346	1506	13559
-0.311	0.654	-0.363	1505	13564
-0.296	0.654	-0.379	1504	13571
-0.323	0.687	-0.367	1502	13577
-0.342	0.706	-0.311	1499	13583
-0.349	0.706	-0.276	1497	13589
-0.348	0.728	-0.251	1493	13595
-0.353	0.763	-0.229	1489	13601
-0.348	0.777	-0.244	1485	13606
-0.350	0.817	-0.251	1482	13613
-0.357	0.829	-0.293	1481	13619
-0.365	0.895	-0.254	1478	13625
-0.364	0.895	-0.244	1476	13631
-0.360	0.885	-0.253	1473	13637
-0.359	0.898	-0.240	1472	13643
-0.358	0.896	-0.280	1474	13648
-0.362	0.944	-0.306	1475	13655
-0.354	0.921	-0.313	1477	13661
-0.351	0.956	-0.223	1477	13667
-0.386	0.954	-0.203	1477	13673
-0.389	0.960	-0.170	1475	13679
-0.422	0.914	-0.135	1475	13685
-0.435	0.901	-0.125	1475	13690
-0.420	0.916	-0.103	1473	13697
-0.435	0.900	-0.099	1472	13703
-0.418	0.899	-0.128	1472	13709
-0.425	0.908	-0.142	1471	13715
-0.415	0.906	-0.096	1471	13721
-0.447	0.904	-0.141	1471	13727
-0.417	0.912	-0.148	1470	13732
-0.415	0.937	-0.166	1469	13739
-0.399	0.913	-0.196	1468	13745
-0.385	0.926	-0.200	1467	13751
-0.349	0.910	-0.175	1466	13757
-0.371	0.949	-0.190	1465	13763
-0.388	1.038	-0.163	1466	13769
-0.338	0.898	-0.196	1467	13774
-0.312	0.922	-0.208	1468	13780
-0.301	0.970	-0.194	1469	13787
-0.338	1.029	-0.160	1470	13793
-0.285	0.954	-0.187	1470	13799
-0.288	0.972	-0.202	1471	13805
-0.297	0.969	-0.174	1472	13811
-0.281	0.962	-0.174	1473	13816
-0.332	0.996	-0.163	1472	13822
-0.368	0.979	-0.146	1473	13829
-0.337	0.908	-0.155	1473	13835
-0.338	0.950	-0.138	1473	13841
-0.328	0.918	-0.120	1473	13847
-0.335	0.924	-0.137	1474	13853
-0.326	0.938	-0.134	1474	13858
-0.300	0.942	-0.131	1475	13864
-0.305	0.963	-0.147	1476	13871
-0.304	0.971	-0.155	1476	13877
-0.293	0.968	-0.167	1477	13883
-0.303	0.978	-0.163	1477	13889
-0.309	0.971	-0.172	1478	13895
-0.312	0.933	-0.194	1478	13900
-0.302	0.959	-0.189	1479	13906
-0.289	0.956	-0.189	1480	13913
-0.287	0.949	-0.196	1480	13919
-0.293	0.935	-0.202	1480	13925
-0.293	0.920	-0.193	1480	13931
-0.305	0.911	-0.199	1480	13937
-0.309	0.910	-0.205	1477	13942
-0.309	0.904	-0.207	1475	13948
-0.322	0.912	-0.212	1477	13955
-0.315	0.924	-0.201	1477	13961
-0.309	0.931	-0.201	1478	13967
-0.299	0.946	-0.193	1478	13973
-0.301	0.958	-0.200	1477	13979
-0.293	0.969	-0.201	1478	13984
-0.296	0.986	-0.198	1477	13990
-0.288	0.991	-0.214	1477	13997
-0.290	1.002	-0.212	1478	14003
-0.288	1.004	-0.232	1478	14009
-0.291	1.006	-0.228	1478	14015
-0.298	1.004	-0.238	1479	14021
-0.312	1.005	-0.231	1483	14026
-0.347	1.006	-0.221	1489	14032
-0.389	1.006	-0.210	1487	14039
-0.404	1.001	-0.194	1486	14045
-0.400	1.007	-0.182	1486	14051
-0.383	1.007	-0.183	1485	14057
-0.346	1.008	-0.196	1479	14063
-0.303	0.999	-0.189	1481	14068
-0.280	0.988	-0.204	1485	14074
-0.259	0.967	-0.229	1492	14081
-0.256	0.968	-0.259	1491	14087
-0.270	0.958	-0.271	1495	14093
-0.293	0.958	-0.278	1497	14099
-0.304	0.926	-0.264	1499	14105
-0.294	0.894	-0.239	1502	14110
-0.287	0.870	-0.238	1504	14116
-0.267	0.869	-0.233	1504	14123
-0.266	0.873	-0.231	1504	14129
-0.275	0.889	-0.252	1504	14135
-0.289	0.890	-0.272	1503	14141
-0.309	0.906	-0.279	1502	14147
-0.326	0.941	-0.291	1501	14152
-0.332	0.947	-0.298	1499	14158
-0.340	0.943	-0.311	1499	14164
-0.329	0.948	-0.324	1497	14171
-0.325	0.929	-0.331	1495	14177
-0.314	0.926	-0.330	1493	14183
-0.316	0.913	-0.341	1493	14189
-0.309	0.894	-0.340	1493	14195
-0.319	0.875	-0.347	1490	14200
-0.341	0.845	-0.346	1492	14206
-0.355	0.841	-0.358	1497	14213
-0.359	0.834	-0.361	1500	14219
-0.323	0.830	-0.368	1499	14225
-0.298	0.824	-0.365	1501	14231
-0.268	0.826	-0.368	1500	14237
-0.252	0.843	-0.384	1501	14242
-0.248	0.864	-0.391	1500	14248
-0.248	0.853	-0.388	1498	14255
-0.247	0.856	-0.391	1497	14261
-0.248	0.867	-0.390	1498	14267
-0.236	0.854	-0.399	1502	14273
-0.249	0.833	-0.399	1499	14279
-0.256	0.838	-0.405	1500	14284
-0.271	0.858	-0.395	1497	14290
-0.275	0.854	-0.387	1499	14297
-0.280	0.860	-0.395	1498	14303
-0.293	0.861	-0.411	1498	14309
-0.293	0.862	-0.409	1495	14315
-0.293	0.873	-0.416	1494	14321
-0.292	0.875	-0.435	1490	14326
-0.298	0.891	-0.426	1488	14332
-0.310	0.914	-0.430	1486	14339
-0.328	0.950	-0.427	1475	14345
-0.340	0.966	-0.414	1480	14351
-0.335	0.977	-0.417	1481	14357
-0.320	0.984	-0.415	1475	14363
-0.294	0.970	-0.423	1466	14369
-0.264	0.951	-0.425	1468	14374
-0.247	0.911	-0.438	1472	14381
-0.234	0.854	-0.453	1474	14387
-0.229	0.805	-0.462	1475	14393
-0.230	0.763	-0.463	1477	14399
-0.251	0.734	-0.475	1479	14405
-0.265	0.715	-0.470	1476	14411
-0.276	0.692	-0.471	1474	14416
-0.286	0.669	-0.465	1474	14423
-0.297	0.682	-0.476	1480	14429
-0.300	0.684	-0.481	1483	14435
-0.288	0.693	-0.486	1484	14441
-0.284	0.700	-0.489	1481	14447
-0.272	0.722	-0.490	1483	14453
-0.275	0.741	-0.489	1484	14458
-0.287	0.771	-0.502	1474	14465
-0.305	0.797	-0.517	1480	14471
-0.332	0.822	-0.521	1476	14477
-0.357	0.830	-0.527	1481	14483
-0.367	0.825	-0.516	1492	14489
-0.360	0.826	-0.517	1496	14495
-0.346	0.824	-0.527	1497	14501
-0.336	0.813	-0.530	1499	14507
-0.310	0.801	-0.544	1499	14513
-0.291	0.787	-0.551	1500	14519
-0.286	0.774	-0.558	1501	14525
-0.277	0.767	-0.557	1503	14531
-0.281	0.768	-0.537	1504	14537
-0.304	0.772	-0.531	1504	14543
-0.335	0.783	-0.521	1502	14550
-0.362	0.801	-0.505	1499	14555
-0.384	0.819	-0.487	1495	14561
-0.404	0.817	-0.490	1488	14567
-0.402	0.832	-0.485	1490	14573
-0.392	0.825	-0.479	1487	14579
-0.374	0.821	-0.475	1489	14585
-0.345	0.809	-0.484	1489	14592
-0.322	0.781	-0.501	1491	14597
-0.307	0.772	-0.497	1491	14603
-0.296	0.752	-0.489	1491	14609
-0.285	0.739	-0.473	1492	14615
-0.283	0.726	-0.471	1493	14621
-0.297	0.721	-0.456	1495	14627
-0.308	0.721	-0.440	1495	14633
-0.312	0.724	-0.440	1491	14639
-0.319	0.732	-0.435	1488	14645
-0.332	0.735	-0.441	1489	14651
-0.337	0.755	-0.450	1489	14657
-0.353	0.758	-0.461	1489	14663
-0.383	0.761	-0.468	1489	14669
-0.416	0.791	-0.471	1490	14675
-0.432	0.809	-0.459	1490	14682
-0.443	0.821	-0.461	1489	14687
-0.437	0.824	-0.468	1488	14693
-0.430	0.833	-0.466	1487	14699
-0.423	0.827	-0.481	1486	14705
-0.421	0.850	-0.499	1486	14711
-0.406	0.855	-0.513	1485	14717
-0.396	0.860	-0.522	1485	14724
-0.374	0.841	-0.519	1485	14729
-0.354	0.841	-0.519	1485	14735
-0.333	0.826	-0.524	1485	14741
-0.313	0.815	-0.516	1483	14747
-0.300	0.788	-0.511	1484	14753
-0.286	0.772	-0.511	1484	14759
-0.271	0.761	-0.486	1484	14766
-0.297	0.766	-0.568	1484	14771
-0.297	0.754	-0.547	1484	14777
-0.312	0.758	-0.559	1483	14783
-0.344	0.744	-0.559	1482	14789
-0.379	0.723	-0.563	1482	14795
-0.391	0.712	-0.564	1482	14801
-0.419	0.721	-0.348	1482	14808
-0.401	0.649	-0.619	1483	14814
-0.428	0.674	-0.511	1484	14819
-0.452	0.674	-0.551	1485	14825
-0.411	0.674	-0.633	1487	14831
-0.442	0.652	-0.507	1483	14837
-0.444	0.672	-0.482	1480	14843
-0.425	0.716	-0.471	1481	14850
-0.404	0.684	-0.465	1484	14856
-0.432	0.695	-0.517	1482	14861
-0.411	0.730	-0.470	1480	14867
-0.435	0.753	-0.497	1479	14873
-0.444	0.763	-0.493	1477	14879
-0.465	0.775	-0.499	1476	14885
-0.474	0.774	-0.494	1477	14892
-0.493	0.787	-0.494	1477	14898
-0.512	0.810	-0.494	1476	14903
-0.519	0.819	-0.507	1475	14909
-0.490	0.852	-0.492	1474	14915
-0.537	0.886	-0.495	1471	14921
-0.499	0.877	-0.515	1469	14927
-0.497	0.872	-0.517	1470	14934
-0.495	0.864	-0.523	1471	14940
-0.479	0.854	-0.532	1470	14946
-0.479	0.841	-0.527	1469	14951
-0.484	0.845	-0.525	1467	14957
-0.485	0.823	-0.532	1467	14963
-0.492	0.814	-0.531	1467	14969
-0.492	0.807	-0.529	1466	14976
-0.502	0.779	-0.529	1465	14982
-0.516	0.773	-0.525	1464	14988
-0.522	0.777	-0.521	1464	14993
-0.535	0.771	-0.506	1462	14999
-0.535	0.769	-0.485	1461	15005
-0.530	0.775	-0.475	1460	15011
-0.527	0.769	-0.456	1461	15017
-0.524	0.772	-0.451	1460	15024
-0.521	0.774	-0.441	1460	15030
-0.516	0.770	-0.443	1460	15036
-0.511	0.774	-0.453	1460	15041
-0.509	0.773	-0.459	1462	15047
-0.501	0.765	-0.458	1465	15053
-0.502	0.769	-0.460	1464	15059
-0.509	0.771	-0.461	1463	15066
-0.514	0.765	-0.465	1466	15072
-0.525	0.757	-0.459	1470	15078
-0.547	0.744	-0.454	1473	15083
-0.552	0.721	-0.449	1475	15089
-0.565	0.714	-0.455	1478	15095
-0.562	0.691	-0.450	1479	15101
-0.570	0.688	-0.437	1479	15108
-0.574	0.669	-0.425	1481	15114
-0.574	0.657	-0.420	1483	15120
-0.573	0.662	-0.414	1484	15125
-0.569	0.661	-0.413	1485	15131
-0.575	0.658	-0.420	1479	15137
-0.563	0.635	-0.423	1482	15143
-0.549	0.646	-0.440	1490	15150
-0.558	0.643	-0.439	1493	15156
-0.567	0.640	-0.437	1495	15162
-0.576	0.633	-0.439	1496	15168
-0.594	0.639	-0.442	1496	15173
-0.600	0.635	-0.437	1497	15179
-0.626	0.633	-0.425	1497	15185
-0.640	0.646	-0.414	1494	15192
-0.650	0.640	-0.418	1487	15198
-0.656	0.653	-0.402	1490	15204
-0.660	0.641	-0.404	1491	15210
-0.676	0.668	-0.404	1490	15215
-0.676	0.654	-0.394	1489	15221
-0.666	0.651	-0.400	1488	15227
-0.677	0.650	-0.396	1486	15234
-0.681	0.678	-0.389	1484	15240
-0.661	0.690	-0.380	1482	15246
-0.668	0.673	-0.385	1480	15252
-0.665	0.659	-0.384	1480	15257
-0.666	0.669	-0.387	1482	15263
-0.660	0.681	-0.367	1482	15269
-0.668	0.670	-0.368	1482	15276
-0.673	0.654	-0.357	1484	15282
-0.674	0.664	-0.407	1486	15288
-0.671	0.645	-0.343	1488	15294
-0.669	0.653	-0.343	1486	15300
-0.671	0.633	-0.333	1482	15305
-0.663	0.637	-0.358	1485	15311
-0.649	0.631	-0.344	1493	15318
-0.641	0.618	-0.338	1501	15324
-0.640	0.621	-0.323	1499	15330
-0.651	0.613	-0.325	1497	15336
-0.639	0.603	-0.330	1504	15342
-0.653	0.596	-0.348	1507	15348
-0.662	0.576	-0.329	1505	15353
-0.664	0.560	-0.308	1502	15360
-0.668	0.560	-0.306	1500	15366
-0.677	0.549	-0.309	1498	15372
-0.676	0.544	-0.305	1497	15378
-0.684	0.530	-0.295	1494	15384
-0.691	0.502	-0.269	1495	15390
-0.711	0.521	-0.280	1500	15395
-0.720	0.524	-0.280	1501	15401
-0.725	0.515	-0.288	1497	15408
-0.768	0.515	-0.269	1502	15414
-0.771	0.508	-0.274	1508	15420
-0.794	0.530	-0.279	1511	15426
-0.784	0.521	-0.252	1506	15432
-0.787	0.501	-0.257	1490	15437
-0.793	0.536	-0.235	1480	15443
-0.790	0.500	-0.221	1485	15450
-0.803	0.534	-0.229	1480	15456
-0.790	0.549	-0.222	1474	15462
-0.781	0.577	-0.225	1484	15468
-0.798	0.586	-0.221	1493	15474
-0.803	0.596	-0.207	1495	15479
-0.810	0.593	-0.210	1494	15485
-0.811	0.596	-0.224	1489	15492
-0.821	0.581	-0.216	1484	15498
-0.829	0.589	-0.207	1482	15504
-0.837	0.607	-0.188	1474	15510
-0.817	0.564	-0.180	1469	15516
-0.813	0.594	-0.175	1466	15522
-0.802	0.589	-0.187	1463	15527
-0.797	0.595	-0.172	1462	15534
-0.779	0.566	-0.169	1465	15540
-0.766	0.564	-0.166	1463	15546
-0.753	0.547	-0.181	1461	15552
-0.747	0.532	-0.216	1455	15558
-0.738	0.517	-0.190	1457	15564
-0.739	0.517	-0.186	1468	15569
-0.751	0.488	-0.201	1476	15576
-0.762	0.457	-0.194	1476	15582
-0.789	0.454	-0.180	1476	15588
-0.804	0.415	-0.181	1477	15594
-0.830	0.396	-0.171	1476	15600
-0.847	0.373	-0.187	1471	15606
-0.854	0.358	-0.178	1461	15611
-0.868	0.345	-0.182	1458	15618
-0.866	0.337	-0.187	1466	15624
-0.876	0.322	-0.187	1472	15630
-0.876	0.340	-0.170	1456	15636
-0.858	0.346	-0.161	1441	15642
-0.876	0.280	-0.181	1447	15648
-0.874	0.295	-0.166	1453	15653
-0.867	0.303	-0.143	1454	15660
-0.872	0.294	-0.148	1452	15666
-0.889	0.302	-0.147	1453	15672
-0.898	0.302	-0.138	1453	15678
-0.903	0.307	-0.137	1449	15684
-0.902	0.299	-0.138	1442	15690
-0.938	0.313	-0.153	1430	15695
-0.965	0.337	-0.144	1433	15702
-0.975	0.314	-0.149	1433	15708
-0.992	0.321	-0.148	1448	15714
-0.984	0.302	-0.142	1455	15720
-0.957	0.309	-0.147	1457	15726
-0.943	0.283	-0.125	1455	15732
-0.916	0.315	-0.138	1457	15737
-0.880	0.284	-0.142	1458	15744
-0.863	0.287	-0.130	1456	15750
-0.851	0.280	-0.118	1456	15756
-0.849	0.289	-0.125	1447	15762
-0.854	0.287	-0.134	1445	15768
-0.890	0.301	-0.124	1449	15774
-0.905	0.267	-0.121	1454	15779
-0.931	0.269	-0.121	1455	15785
-0.944	0.262	-0.113	1462	15792
-0.973	0.250	-0.121	1462	15798
-0.987	0.241	-0.114	1461	15804
-0.982	0.227	-0.109	1464	15810
-0.946	0.233	-0.111	1460	15816
-0.935	0.226	-0.112	