-0.966	-0.103	-0.037	1502	21
-0.963	-0.114	-0.036	1503	27
-0.962	-0.112	-0.053	1504	33
-0.981	-0.116	-0.054	1505	38
-0.989	-0.110	-0.053	1506	45
-0.995	-0.111	-0.050	1506	51
-0.997	-0.105	-0.052	1506	56
-1.002	-0.103	-0.052	1507	62
-0.996	-0.104	-0.054	1508	68
-0.998	-0.097	-0.047	1508	74
-0.995	-0.093	-0.049	1508	79
-0.993	-0.092	-0.059	1509	86
-0.997	-0.098	-0.054	1507	92
-0.990	-0.090	-0.044	1508	97
-1.001	-0.094	-0.045	1509	103
-1.002	-0.092	-0.043	1510	109
-1.003	-0.097	-0.040	1509	115
-0.994	-0.095	-0.040	1509	120
-0.988	-0.092	-0.041	1509	126
-0.982	-0.090	-0.044	1509	133
-0.979	-0.095	-0.055	1508	139
-0.979	-0.097	-0.053	1508	144
-0.978	-0.101	-0.053	1506	150
-0.984	-0.108	-0.050	1506	156
-0.994	-0.109	-0.049	1504	162
-0.995	-0.105	-0.049	1502	167
-0.995	-0.115	-0.053	1503	174
-0.998	-0.108	-0.052	1502	180
-0.997	-0.097	-0.056	1502	186
-0.997	-0.095	-0.059	1501	191
-0.993	-0.089	-0.062	1501	197
-0.983	-0.090	-0.058	1501	203
-0.987	-0.096	-0.060	1500	209
-0.983	-0.089	-0.057	1500	215
-0.994	-0.096	-0.060	1501	221
-0.988	-0.089	-0.058	1500	227
-0.989	-0.092	-0.063	1499	233
-0.992	-0.099	-0.058	1500	238
-0.991	-0.099	-0.050	1501	244
-0.996	-0.095	-0.050	1502	250
-0.998	-0.100	-0.049	1503	257
-0.992	-0.095	-0.052	1504	262
-0.984	-0.096	-0.048	1504	268
-0.979	-0.098	-0.057	1505	274
-0.980	-0.104	-0.066	1504	280
-0.978	-0.102	-0.069	1504	285
-0.991	-0.104	-0.065	1504	291
-0.989	-0.109	-0.064	1504	297
-0.999	-0.108	-0.062	1504	304
-0.996	-0.118	-0.063	1505	310
-0.991	-0.108	-0.060	1505	315
-0.983	-0.101	-0.053	1505	321
-0.980	-0.101	-0.062	1504	327
-0.976	-0.099	-0.058	1502	333
-0.972	-0.096	-0.056	1502	338
-0.977	-0.091	-0.053	1502	345
-0.980	-0.099	-0.055	1501	351
-0.985	-0.098	-0.063	1500	357
-0.993	-0.100	-0.059	1499	362
-1.000	-0.094	-0.068	1500	368
-1.007	-0.093	-0.069	1501	374
-1.003	-0.097	-0.066	1501	380
-1.006	-0.097	-0.069	1501	386
-0.989	-0.098	-0.070	1501	392
-0.983	-0.098	-0.070	1500	398
-0.978	-0.096	-0.067	1500	404
-0.980	-0.096	-0.069	1502	409
-0.981	-0.104	-0.068	1504	415
-0.982	-0.105	-0.064	1504	421
-0.986	-0.104	-0.053	1503	428
-0.988	-0.111	-0.053	1502	433
-0.987	-0.105	-0.055	1502	439
-0.988	-0.104	-0.056	1500	445
-0.988	-0.104	-0.059	1499	451
-0.981	-0.104	-0.065	1499	456
-0.982	-0.105	-0.070	1498	462
-0.979	-0.108	-0.063	1499	468
-0.994	-0.104	-0.068	1500	475
-0.992	-0.104	-0.067	1499	480
-0.993	-0.106	-0.062	1498	486
-0.988	-0.102	-0.066	1498	492
-0.984	-0.095	-0.067	1498	498
-0.978	-0.104	-0.060	1499	503
-0.983	-0.100	-0.062	1499	509
-0.992	-0.100	-0.063	1499	516
-0.994	-0.101	-0.055	1499	522
-0.993	-0.103	-0.055	1499	528
-0.993	-0.097	-0.056	1498	533
-0.989	-0.098	-0.054	1498	539
-0.983	-0.093	-0.055	1497	545
-0.984	-0.092	-0.063	1498	551
-0.982	-0.092	-0.058	1499	557
-0.992	-0.095	-0.059	1500	563
-0.994	-0.091	-0.060	1500	569
-0.993	-0.101	-0.062	1500	575
-1.003	-0.096	-0.056	1499	580
-0.995	-0.097	-0.057	1498	586
-0.989	-0.097	-0.052	1498	592
-0.994	-0.101	-0.053	1499	599
-0.980	-0.095	-0.057	1498	604
-0.986	-0.090	-0.056	1496	610
-0.995	-0.095	-0.052	1496	616
-0.998	-0.089	-0.050	1495	622
-1.004	-0.096	-0.046	1495	627
-1.005	-0.095	-0.042	1495	633
-1.002	-0.094	-0.047	1495	640
-0.988	-0.093	-0.050	1495	646
-0.981	-0.095	-0.055	1496	651
-0.976	-0.093	-0.059	1497	657
-0.975	-0.100	-0.063	1498	663
-0.980	-0.104	-0.062	1499	669
-0.984	-0.107	-0.053	1499	674
-0.981	-0.104	-0.053	1499	680
-0.987	-0.109	-0.053	1498	687
-0.991	-0.100	-0.051	1497	693
-0.997	-0.094	-0.045	1496	698
-0.995	-0.096	-0.054	1498	704
-1.008	-0.095	-0.039	1497	710
-1.009	-0.091	-0.046	1497	716
-1.003	-0.089	-0.042	1498	721
-0.998	-0.088	-0.048	1498	728
-0.987	-0.087	-0.057	1498	734
-0.981	-0.087	-0.057	1498	740
-0.980	-0.087	-0.062	1499	745
-0.982	-0.093	-0.062	1499	751
-0.985	-0.094	-0.057	1500	757
-0.985	-0.104	-0.061	1499	763
-0.990	-0.110	-0.058	1499	769
-0.988	-0.118	-0.056	1498	775
-0.987	-0.113	-0.054	1498	781
-0.987	-0.108	-0.050	1498	787
-0.991	-0.113	-0.049	1497	792
-0.995	-0.111	-0.045	1496	798
-0.988	-0.104	-0.039	1497	804
-0.998	-0.110	-0.043	1497	811
-0.998	-0.102	-0.049	1496	817
-0.999	-0.094	-0.049	1495	822
-0.993	-0.089	-0.054	1495	828
-0.993	-0.089	-0.063	1497	834
-0.991	-0.085	-0.057	1497	840
-0.990	-0.092	-0.057	1497	845
-0.985	-0.095	-0.050	1498	851
-0.979	-0.097	-0.055	1497	858
-0.980	-0.102	-0.048	1497	864
-0.986	-0.107	-0.048	1497	869
-0.990	-0.107	-0.050	1497	875
-0.991	-0.108	-0.050	1496	881
-0.993	-0.110	-0.050	1495	887
-0.993	-0.102	-0.052	1495	892
-0.988	-0.114	-0.052	1496	899
-0.993	-0.105	-0.048	1497	905
-0.996	-0.102	-0.049	1498	911
-0.994	-0.103	-0.055	1497	916
-0.992	-0.103	-0.049	1498	922
-0.988	-0.098	-0.056	1499	928
-0.997	-0.099	-0.055	1499	934
-0.995	-0.104	-0.054	1499	940
-0.994	-0.104	-0.057	1498	946
-0.993	-0.103	-0.054	1497	952
-0.991	-0.103	-0.053	1498	958
-0.980	-0.105	-0.053	1497	963
-0.980	-0.112	-0.054	1497	969
-0.980	-0.107	-0.052	1496	975
-0.983	-0.104	-0.059	1495	982
-0.984	-0.102	-0.055	1493	987
-0.986	-0.099	-0.050	1494	993
-0.991	-0.101	-0.053	1494	999
-0.990	-0.104	-0.053	1494	1005
-1.008	-0.104	-0.054	1494	1011
-1.002	-0.104	-0.047	1495	1016
-1.005	-0.103	-0.049	1495	1022
-0.998	-0.104	-0.046	1496	1029
-0.989	-0.102	-0.053	1496	1035
-0.981	-0.104	-0.051	1498	1041
-0.977	-0.102	-0.057	1498	1046
-0.975	-0.104	-0.057	1498	1052
-0.984	-0.103	-0.057	1497	1058
-0.985	-0.104	-0.059	1497	1064
-0.992	-0.112	-0.057	1497	1071
-0.997	-0.108	-0.052	1499	1076
-0.998	-0.102	-0.058	1499	1082
-0.992	-0.092	-0.052	1500	1088
-0.991	-0.089	-0.052	1500	1094
-0.991	-0.086	-0.052	1499	1100
-0.985	-0.094	-0.052	1499	1105
-0.977	-0.104	-0.053	1497	1112
-0.981	-0.120	-0.050	1496	1118
-0.987	-0.121	-0.050	1496	1124
-0.994	-0.126	-0.052	1498	1130
-0.999	-0.126	-0.052	1496	1135
-0.997	-0.112	-0.053	1495	1141
-0.999	-0.108	-0.056	1497	1147
-0.994	-0.098	-0.059	1497	1154
-0.989	-0.087	-0.054	1497	1160
-0.984	-0.085	-0.055	1498	1166
-0.983	-0.096	-0.051	1497	1171
-0.982	-0.095	-0.050	1496	1177
-0.990	-0.093	-0.056	1497	1183
-0.995	-0.097	-0.048	1499	1189
-0.997	-0.091	-0.051	1500	1196
-0.999	-0.098	-0.042	1502	1201
-0.998	-0.103	-0.044	1502	1207
-0.992	-0.104	-0.044	1502	1213
-0.985	-0.111	-0.047	1501	1219
-0.982	-0.120	-0.057	1501	1225
-0.988	-0.126	-0.059	1501	1230
-0.994	-0.124	-0.051	1499	1236
-0.992	-0.122	-0.059	1498	1243
-0.996	-0.116	-0.058	1499	1249
-1.000	-0.105	-0.062	1500	1255
-1.000	-0.102	-0.060	1501	1260
-0.990	-0.093	-0.058	1501	1266
-0.996	-0.085	-0.055	1501	1272
-0.993	-0.082	-0.054	1502	1278
-0.989	-0.092	-0.057	1503	1285
-0.987	-0.098	-0.056	1503	1290
-0.985	-0.106	-0.057	1503	1296
-0.982	-0.108	-0.049	1503	1302
-0.985	-0.118	-0.052	1503	1308
-0.993	-0.118	-0.056	1503	1314
-0.994	-0.116	-0.060	1503	1320
-0.992	-0.105	-0.053	1503	1326
-0.994	-0.105	-0.053	1501	1332
-0.988	-0.101	-0.051	1501	1338
-0.993	-0.095	-0.054	1501	1344
-0.994	-0.102	-0.055	1500	1350
-1.000	-0.098	-0.056	1498	1355
-0.991	-0.101	-0.053	1497	1361
-0.995	-0.108	-0.047	1498	1368
-0.994	-0.106	-0.051	1498	1374
-0.994	-0.104	-0.056	1498	1380
-0.995	-0.106	-0.057	1498	1385
-0.989	-0.104	-0.054	1500	1391
-0.980	-0.106	-0.053	1503	1397
-0.982	-0.107	-0.054	1504	1403
-0.980	-0.112	-0.052	1504	1410
-0.979	-0.111	-0.048	1505	1415
-0.976	-0.118	-0.047	1505	1421
-0.979	-0.112	-0.048	1504	1427
-0.987	-0.117	-0.050	1503	1433
-0.985	-0.111	-0.051	1503	1439
-0.985	-0.104	-0.053	1502	1445
-0.999	-0.100	-0.044	1500	1451
-1.000	-0.101	-0.049	1499	1457
-0.999	-0.095	-0.041	1498	1463
-0.998	-0.087	-0.053	1498	1469
-0.992	-0.089	-0.053	1497	1475
-0.991	-0.089	-0.060	1496	1480
-0.987	-0.089	-0.054	1496	1486
-0.980	-0.102	-0.059	1496	1492
-0.987	-0.105	-0.042	1496	1499
-0.981	-0.112	-0.050	1496	1505
-0.983	-0.113	-0.055	1497	1510
-0.991	-0.115	-0.050	1496	1516
-0.981	-0.118	-0.053	1496	1522
-0.984	-0.119	-0.051	1498	1528
-0.989	-0.117	-0.050	1499	1534
-0.987	-0.121	-0.054	1500	1540
-0.989	-0.121	-0.057	1500	1546
-0.986	-0.108	-0.052	1499	1552
-0.992	-0.102	-0.050	1498	1558
-0.994	-0.103	-0.051	1495	1564
-0.992	-0.104	-0.055	1495	1570
-1.002	-0.103	-0.055	1496	1575
-0.999	-0.104	-0.052	1495	1582
-0.995	-0.098	-0.053	1495	1588
-0.988	-0.097	-0.048	1495	1594
-0.991	-0.102	-0.058	1495	1600
-0.990	-0.104	-0.062	1495	1605
-0.987	-0.106	-0.062	1496	1611
-0.983	-0.116	-0.063	1495	1617
-0.988	-0.111	-0.059	1495	1624
-0.985	-0.109	-0.059	1495	1630
-0.979	-0.122	-0.052	1496	1635
-0.980	-0.119	-0.046	1495	1641
-0.983	-0.123	-0.049	1495	1647
-0.984	-0.116	-0.050	1495	1653
-0.986	-0.111	-0.054	1497	1659
-0.992	-0.105	-0.054	1498	1665
-1.003	-0.098	-0.054	1501	1671
-0.999	-0.100	-0.056	1504	1677
-0.994	-0.100	-0.056	1505	1683
-0.992	-0.104	-0.055	1506	1689
-0.987	-0.104	-0.051	1505	1694
-0.981	-0.110	-0.059	1502	1700
-0.975	-0.121	-0.053	1498	1707
-0.982	-0.119	-0.055	1496	1713
-0.982	-0.111	-0.052	1494	1719
-0.985	-0.111	-0.047	1495	1725
-0.989	-0.105	-0.055	1498	1730
-0.998	-0.102	-0.053	1500	1736
-0.998	-0.096	-0.045	1503	1742
-0.997	-0.098	-0.047	1504	1748
-0.998	-0.102	-0.051	1504	1755
-0.985	-0.101	-0.052	1503	1760
-0.992	-0.115	-0.055	1502	1766
-0.991	-0.103	-0.040	1503	1772
-0.997	-0.109	-0.049	1503	1778
-0.995	-0.118	-0.039	1505	1784
-0.991	-0.119	-0.040	1506	1789
-0.978	-0.127	-0.044	1504	1796
-0.975	-0.126	-0.044	1502	1802
-0.967	-0.134	-0.054	1500	1808
-0.974	-0.122	-0.052	1498	1814
-0.990	-0.120	-0.054	1496	1820
-1.001	-0.109	-0.055	1494	1825
-1.012	-0.104	-0.053	1494	1831
-1.001	-0.103	-0.049	1495	1838
-0.999	-0.097	-0.048	1494	1844
-0.989	-0.103	-0.042	1492	1850
-0.974	-0.111	-0.052	1489	1855
-0.967	-0.125	-0.057	1488	1861
-0.972	-0.131	-0.060	1486	1867
-0.979	-0.129	-0.052	1485	1873
-0.992	-0.124	-0.057	1487	1880
-0.997	-0.118	-0.050	1490	1885
-0.998	-0.108	-0.055	1494	1891
-1.000	-0.087	-0.051	1498	1897
-0.994	-0.074	-0.062	1500	1903
-0.995	-0.057	-0.061	1503	1909
-0.996	-0.060	-0.054	1503	1914
-0.995	-0.047	-0.057	1502	1921
-0.989	-0.054	-0.045	1502	1927
-0.991	-0.064	-0.047	1502	1933
-0.984	-0.073	-0.052	1501	1939
-0.996	-0.088	-0.051	1502	1944
-0.991	-0.104	-0.048	1503	1950
-0.993	-0.119	-0.045	1506	1956
-0.987	-0.131	-0.048	1507	1963
-0.985	-0.119	-0.045	1508	1969
-0.983	-0.132	-0.041	1508	1974
-0.979	-0.124	-0.054	1507	1980
-0.986	-0.130	-0.044	1507	1986
-0.986	-0.130	-0.055	1506	1992
-0.979	-0.127	-0.053	1503	1998
-0.989	-0.118	-0.053	1500	2004
-0.995	-0.112	-0.048	1501	2010
-0.996	-0.105	-0.052	1501	2016
-0.988	-0.103	-0.050	1500	2022
-0.989	-0.097	-0.049	1500	2028
-0.990	-0.096	-0.049	1500	2034
-0.996	-0.102	-0.053	1499	2039
-0.994	-0.101	-0.055	1499	2045
-0.989	-0.097	-0.053	1497	2052
-0.996	-0.096	-0.052	1497	2058
-0.992	-0.096	-0.052	1498	2064
-0.993	-0.094	-0.052	1497	2069
-0.992	-0.100	-0.056	1497	2075
-0.993	-0.099	-0.057	1498	2081
-0.990	-0.103	-0.050	1498	2087
-0.989	-0.114	-0.041	1498	2094
-0.985	-0.119	-0.038	1497	2099
-0.985	-0.119	-0.041	1497	2105
-0.984	-0.127	-0.045	1497	2111
-0.986	-0.122	-0.044	1496	2117
-0.991	-0.126	-0.042	1496	2123
-0.983	-0.126	-0.041	1497	2128
-0.994	-0.123	-0.041	1496	2135
-0.992	-0.120	-0.043	1496	2141
-1.002	-0.112	-0.041	1497	2147
-0.997	-0.110	-0.042	1497	2153
-0.997	-0.105	-0.048	1497	2158
-0.996	-0.101	-0.048	1497	2164
-0.994	-0.092	-0.045	1497	2170
-0.994	-0.088	-0.050	1496	2177
-0.995	-0.089	-0.048	1496	2183
-0.992	-0.095	-0.050	1497	2188
-0.990	-0.088	-0.048	1498	2194
-0.986	-0.104	-0.050	1497	2200
-0.978	-0.108	-0.041	1498	2206
-0.974	-0.109	-0.052	1498	2212
-0.974	-0.117	-0.054	1498	2219
-0.976	-0.120	-0.062	1498	2224
-0.989	-0.123	-0.048	1497	2230
-0.994	-0.119	-0.051	1497	2236
-0.997	-0.118	-0.049	1498	2242
-1.003	-0.114	-0.053	1499	2248
-1.010	-0.113	-0.048	1499	2253
-0.995	-0.109	-0.052	1500	2259
-0.993	-0.101	-0.056	1501	2266
-0.979	-0.103	-0.055	1501	2272
-0.983	-0.102	-0.053	1501	2278
-0.985	-0.101	-0.055	1500	2283
-0.986	-0.108	-0.054	1500	2289
-0.993	-0.104	-0.049	1499	2295
-0.989	-0.107	-0.055	1499	2301
-0.981	-0.109	-0.053	1499	2308
-0.980	-0.117	-0.052	1499	2314
-0.980	-0.118	-0.057	1499	2319
-0.983	-0.120	-0.051	1499	2325
-0.979	-0.118	-0.052	1499	2331
-0.983	-0.128	-0.053	1497	2337
-0.984	-0.128	-0.052	1496	2343
-0.986	-0.130	-0.056	1497	2349
-0.995	-0.131	-0.054	1497	2355
-0.998	-0.125	-0.049	1497	2361
-1.002	-0.121	-0.048	1497	2367
-0.996	-0.105	-0.045	1497	2373
-0.995	-0.097	-0.052	1499	2378
-0.993	-0.088	-0.061	1499	2384
-1.000	-0.083	-0.063	1499	2391
-1.000	-0.078	-0.071	1500	2397
-0.993	-0.077	-0.065	1500	2403
-0.983	-0.081	-0.060	1500	2408
-0.976	-0.085	-0.065	1500	2414
-0.976	-0.088	-0.060	1501	2420
-0.975	-0.088	-0.063	1500	2426
-0.979	-0.097	-0.069	1499	2433
-0.991	-0.097	-0.057	1500	2439
-0.996	-0.093	-0.058	1499	2444
-1.001	-0.096	-0.055	1499	2450
-1.013	-0.093	-0.050	1497	2456
-1.003	-0.093	-0.055	1496	2462
-0.994	-0.090	-0.059	1497	2468
-0.987	-0.094	-0.062	1498	2473
-0.981	-0.093	-0.067	1498	2480
-0.984	-0.103	-0.064	1498	2486
-0.982	-0.119	-0.054	1498	2492
-0.983	-0.128	-0.058	1498	2498
-0.982	-0.138	-0.059	1498	2503
-0.979	-0.140	-0.054	1497	2509
-0.982	-0.148	-0.057	1496	2515
-0.985	-0.137	-0.059	1495	2522
-0.987	-0.133	-0.067	1493	2528
-0.988	-0.131	-0.068	1493	2533
-0.987	-0.120	-0.070	1493	2539
-0.994	-0.114	-0.069	1492	2545
-0.987	-0.109	-0.063	1492	2551
-0.982	-0.107	-0.063	1493	2557
-0.983	-0.104	-0.064	1493	2564
-0.987	-0.102	-0.061	1492	2569
-0.994	-0.101	-0.063	1493	2575
-0.995	-0.106	-0.068	1491	2581
-0.996	-0.110	-0.066	1489	2587
-0.992	-0.121	-0.063	1487	2593
-0.986	-0.135	-0.064	1486	2598
-0.968	-0.146	-0.066	1485	2605
-0.965	-0.148	-0.066	1485	2611
-0.962	-0.138	-0.067	1485	2617
-0.971	-0.126	-0.072	1484	2623
-0.975	-0.114	-0.069	1484	2628
-0.984	-0.106	-0.057	1485	2634
-0.995	-0.104	-0.053	1485	2640
-1.002	-0.099	-0.046	1486	2647
-1.002	-0.106	-0.053	1488	2653
-0.994	-0.110	-0.051	1487	2659
-0.988	-0.119	-0.060	1485	2664
-0.979	-0.129	-0.054	1486	2670
-0.989	-0.128	-0.054	1486	2676
-0.992	-0.127	-0.042	1486	2682
-1.003	-0.132	-0.040	1486	2689
-1.003	-0.130	-0.045	1487	2694
-0.997	-0.136	-0.044	1486	2700
-0.988	-0.126	-0.048	1484	2706
-0.987	-0.129	-0.046	1484	2712
-0.989	-0.130	-0.049	1484	2718
-0.986	-0.115	-0.032	1484	2723
-0.985	-0.119	-0.034	1484	2729
-0.993	-0.119	-0.043	1484	2736
-0.990	-0.118	-0.036	1485	2742
-0.989	-0.118	-0.032	1485	2748
-0.994	-0.120	-0.033	1486	2753
-0.996	-0.109	-0.036	1486	2759
-0.997	-0.105	-0.024	1486	2765
-0.998	-0.102	-0.031	1486	2771
-0.992	-0.104	-0.015	1487	2778
-0.982	-0.110	-0.015	1487	2784
-0.978	-0.104	-0.025	1487	2789
-0.970	-0.096	-0.032	1487	2795
-0.982	-0.094	-0.031	1488	2801
-0.996	-0.085	-0.034	1490	2807
-1.011	-0.080	-0.029	1492	2813
-1.013	-0.069	-0.020	1493	2819
-1.016	-0.063	-0.018	1496	2825
-1.013	-0.058	-0.020	1497	2831
-1.009	-0.063	-0.014	1497	2837
-1.001	-0.058	-0.013	1499	2843
-1.004	-0.065	-0.015	1499	2848
-0.998	-0.070	-0.023	1501	2854
-1.003	-0.078	-0.021	1503	2861
-1.002	-0.087	-0.012	1503	2867
-0.998	-0.089	-0.009	1503	2873
-0.999	-0.082	-0.015	1504	2878
-0.987	-0.082	-0.018	1505	2884
-0.986	-0.077	-0.029	1506	2890
-0.976	-0.068	-0.030	1506	2896
-0.978	-0.068	-0.032	1506	2903
-0.989	-0.071	-0.035	1508	2909
-0.991	-0.085	-0.021	1509	2914
-0.999	-0.090	-0.021	1511	2920
-1.001	-0.095	-0.022	1512	2926
-1.005	-0.103	-0.024	1514	2932
-1.003	-0.103	-0.017	1514	2938
-0.999	-0.099	-0.021	1514	2944
-1.002	-0.099	-0.030	1515	2950
-0.996	-0.104	-0.029	1517	2956
-1.001	-0.104	-0.029	1516	2962
-0.986	-0.101	-0.031	1515	2968
-0.986	-0.096	-0.035	1514	2973
-0.979	-0.098	-0.047	1513	2979
-0.980	-0.094	-0.045	1512	2985
-0.978	-0.095	-0.045	1510	2992
-0.993	-0.095	-0.035	1509	2998
-0.993	-0.093	-0.036	1507	3003
-1.001	-0.100	-0.034	1506	3009
-1.000	-0.102	-0.029	1505	3015
-0.996	-0.091	-0.032	1504	3021
-0.998	-0.089	-0.036	1505	3027
-0.994	-0.090	-0.040	1506	3033
-0.996	-0.092	-0.043	1503	3039
-0.992	-0.101	-0.043	1501	3045
-0.993	-0.109	-0.041	1500	3051
-0.992	-0.111	-0.036	1500	3057
-0.993	-0.110	-0.041	1501	3063
-0.988	-0.110	-0.050	1500	3068
-0.981	-0.109	-0.051	1499	3075
-0.979	-0.097	-0.054	1498	3081
-0.972	-0.101	-0.057	1498	3087
-0.977	-0.093	-0.054	1498	3093
-0.976	-0.094	-0.056	1498	3098
-0.982	-0.095	-0.050	1497	3104
-0.990	-0.092	-0.054	1495	3110
-0.995	-0.103	-0.054	1495	3117
-1.002	-0.107	-0.049	1496	3123
-1.009	-0.106	-0.047	1496	3128
-0.998	-0.103	-0.057	1496	3134
-0.992	-0.099	-0.053	1495	3140
-0.987	-0.099	-0.057	1493	3146
-0.979	-0.101	-0.060	1494	3152
-0.983	-0.097	-0.064	1493	3158
-0.979	-0.094	-0.063	1492	3164
-0.983	-0.098	-0.066	1491	3170
-0.979	-0.095	-0.065	1489	3176
-0.980	-0.094	-0.067	1489	3182
-0.994	-0.095	-0.066	1490	3187
-0.996	-0.097	-0.056	1489	3193
-0.993	-0.100	-0.053	1488	3200
-0.995	-0.097	-0.048	1488	3206
-1.001	-0.098	-0.049	1489	3212
-1.000	-0.104	-0.046	1489	3218
-0.993	-0.100	-0.050	1490	3223
-0.991	-0.101	-0.056	1489	3229
-0.984	-0.097	-0.062	1489	3235
-0.981	-0.102	-0.062	1489	3241
-0.986	-0.105	-0.063	1487	3248
-0.984	-0.111	-0.063	1487	3253
-0.988	-0.113	-0.059	1486	3259
-0.993	-0.106	-0.059	1486	3265
-0.993	-0.108	-0.058	1486	3271
-0.989	-0.103	-0.058	1486	3277
-0.990	-0.101	-0.061	1486	3282
-0.986	-0.088	-0.068	1488	3289
-0.985	-0.085	-0.063	1489	3295
-0.995	-0.091	-0.054	1488	3301
-0.998	-0.088	-0.048	1487	3307
-0.999	-0.091	-0.035	1487	3312
-1.004	-0.091	-0.039	1487	3318
-1.004	-0.093	-0.036	1487	3324
-0.997	-0.078	-0.048	1488	3331
-0.998	-0.091	-0.046	1489	3337
-0.996	-0.086	-0.045	1489	3343
-0.994	-0.087	-0.038	1490	3348
-0.995	-0.096	-0.036	1489	3354
-0.984	-0.097	-0.044	1487	3360
-0.981	-0.102	-0.040	1488	3366
-0.984	-0.104	-0.042	1489	3373
-0.984	-0.106	-0.039	1491	3378
-0.984	-0.121	-0.041	1492	3384
-0.982	-0.124	-0.042	1492	3390
-0.988	-0.119	-0.041	1490	3396
-0.987	-0.115	-0.038	1490	3402
-0.986	-0.112	-0.043	1490	3407
-0.983	-0.116	-0.042	1491	3414
-0.994	-0.108	-0.042	1492	3420
-0.996	-0.104	-0.040	1492	3426
-1.002	-0.104	-0.042	1493	3432
-0.994	-0.107	-0.042	1493	3437
-0.990	-0.107	-0.045	1492	3443
-0.996	-0.107	-0.041	1492	3449
-0.995	-0.105	-0.040	1492	3456
-0.992	-0.107	-0.037	1492	3462
-0.995	-0.110	-0.042	1490	3467
-0.997	-0.110	-0.038	1491	3473
-0.999	-0.104	-0.040	1492	3479
-0.994	-0.104	-0.034	1493	3485
-0.989	-0.097	-0.042	1493	3491
-0.995	-0.098	-0.049	1494	3497
-0.989	-0.089	-0.043	1493	3503
-0.993	-0.102	-0.038	1494	3509
-0.992	-0.099	-0.042	1493	3515
-0.993	-0.104	-0.035	1492	3521
-0.993	-0.097	-0.040	1492	3527
-0.993	-0.104	-0.044	1492	3532
-0.991	-0.110	-0.047	1491	3538
-0.982	-0.106	-0.040	1491	3545
-0.983	-0.106	-0.043	1492	3551
-0.986	-0.104	-0.045	1491	3557
-0.992	-0.104	-0.048	1491	3562
-0.994	-0.109	-0.050	1491	3568
-0.994	-0.110	-0.050	1494	3574
-0.996	-0.104	-0.051	1497	3580
-0.998	-0.099	-0.051	1498	3587
-0.995	-0.103	-0.043	1498	3592
-0.995	-0.104	-0.046	1499	3598
-0.997	-0.098	-0.044	1500	3604
-0.997	-0.096	-0.043	1500	3610
-0.992	-0.104	-0.035	1500	3616
-0.982	-0.099	-0.037	1500	3621
-0.988	-0.103	-0.043	1501	3628
-0.979	-0.104	-0.035	1501	3634
-0.975	-0.105	-0.044	1502	3640
-0.979	-0.105	-0.040	1502	3646
-0.990	-0.106	-0.041	1501	3652
-0.989	-0.113	-0.045	1501	3657
-0.992	-0.114	-0.044	1500	3663
-0.991	-0.120	-0.042	1500	3670
-0.994	-0.110	-0.042	1499	3676
-0.989	-0.107	-0.046	1499	3682
-0.990	-0.109	-0.041	1498	3687
-0.992	-0.103	-0.049	1498	3693
-0.996	-0.096	-0.052	1498	3699
-0.993	-0.104	-0.045	1497	3705
-0.991	-0.105	-0.039	1498	3712
-0.994	-0.104	-0.038	1499	3717
-0.989	-0.103	-0.044	1499	3723
-0.987	-0.098	-0.040	1498	3729
-0.988	-0.103	-0.039	1498	3735
-0.995	-0.107	-0.031	1499	3741
-0.995	-0.110	-0.026	1499	3746
-0.996	-0.103	-0.035	1499	3752
-0.991	-0.107	-0.036	1499	3759
-0.985	-0.116	-0.047	1500	3765
-0.985	-0.113	-0.046	1501	3771
-0.985	-0.117	-0.051	1502	3776
-0.982	-0.113	-0.043	1502	3782
-0.981	-0.121	-0.044	1502	3788
-0.988	-0.122	-0.040	1501	3794
-0.987	-0.122	-0.043	1501	3801
-0.989	-0.117	-0.048	1499	3807
-0.989	-0.114	-0.046	1500	3812
-0.993	-0.108	-0.045	1499	3818
-0.996	-0.111	-0.037	1499	3824
-0.999	-0.103	-0.037	1497	3830
-0.998	-0.106	-0.035	1496	3836
-0.998	-0.106	-0.035	1496	3842
-0.997	-0.106	-0.042	1498	3848
-0.992	-0.098	-0.047	1499	3854
-0.987	-0.094	-0.049	1498	3860
-0.983	-0.104	-0.042	1498	3866
-0.985	-0.107	-0.044	1499	3871
-0.981	-0.111	-0.038	1500	3877
-0.988	-0.118	-0.040	1500	3884
-0.988	-0.115	-0.036	1498	3890
-0.992	-0.117	-0.035	1499	3896
-0.994	-0.112	-0.047	1499	3902
-0.991	-0.109	-0.044	1499	3907
-0.987	-0.103	-0.041	1499	3913
-0.986	-0.111	-0.048	1499	3919
-0.987	-0.109	-0.047	1500	3926
-0.993	-0.105	-0.047	1500	3932
-0.985	-0.106	-0.044	1500	3937
-0.993	-0.107	-0.045	1500	3943
-0.998	-0.103	-0.041	1499	3949
-0.995	-0.094	-0.050	1499	3955
-0.990	-0.100	-0.044	1499	3961
-0.987	-0.093	-0.042	1499	3966
-0.992	-0.090	-0.039	1500	3973
-0.989	-0.097	-0.045	1500	3979
-0.991	-0.098	-0.048	1500	3985
-0.990	-0.097	-0.048	1501	3991
-0.990	-0.104	-0.044	1502	3996
-0.987	-0.104	-0.042	1503	4002
-0.994	-0.103	-0.045	1504	4008
-0.990	-0.104	-0.051	1504	4015
-0.989	-0.104	-0.046	1504	4021
-0.983	-0.100	-0.045	1504	4026
-0.984	-0.106	-0.049	1503	4032
-0.986	-0.102	-0.044	1503	4038
-0.989	-0.102	-0.046	1503	4044
-0.992	-0.100	-0.049	1503	4050
-0.995	-0.101	-0.044	1501	4056
-0.996	-0.104	-0.044	1499	4062
-0.997	-0.098	-0.046	1497	4068
-0.999	-0.095	-0.049	1497	4074
-0.996	-0.094	-0.054	1498	4080
-0.998	-0.087	-0.049	1499	4085
-0.994	-0.088	-0.055	1499	4091
-0.986	-0.094	-0.052	1498	4098
-0.983	-0.101	-0.056	1498	4104
-0.983	-0.104	-0.049	1498	4110
-0.980	-0.109	-0.051	1498	4116
-0.988	-0.111	-0.049	1499	4121
-0.986	-0.113	-0.044	1498	4127
-0.984	-0.106	-0.041	1499	4133
-0.989	-0.109	-0.036	1499	4140
-0.980	-0.104	-0.046	1499	4146
-0.981	-0.104	-0.049	1497	4151
-0.991	-0.099	-0.048	1497	4157
-0.992	-0.091	-0.045	1498	4163
-0.993	-0.090	-0.040	1497	4169
-1.001	-0.095	-0.044	1498	4175
-1.002	-0.097	-0.036	1496	4180
-1.002	-0.090	-0.037	1495	4187
-0.270	-2.000	0.711	1489	4193
-2.000	-0.562	-0.857	1492	4199
0.654	-0.110	-0.930	1491	4205
-0.319	-0.036	0.159	1487	4210
-0.913	-0.090	0.311	1486	4216
-0.937	-0.157	0.115	1485	4222
-0.987	-0.218	-0.081	1484	4229
-1.014	-0.078	-0.106	1483	4235
-1.044	-0.054	-0.201	1483	4240
-0.989	-0.142	-0.134	1485	4246
-0.898	-0.136	0.053	1485	4252
-0.974	-0.102	0.233	1487	4258
-1.066	-0.125	0.117	1492	4264
-1.059	-0.130	-0.042	1495	4271
-1.029	-0.111	-0.109	1497	4276
-0.988	-0.104	-0.119	1498	4282
-0.962	-0.099	-0.099	1500	4288
-0.952	-0.096	-0.060	1501	4294
-0.969	-0.100	-0.032	1502	4300
-0.995	-0.106	-0.020	1503	4305
-1.001	-0.117	-0.029	1504	4312
-1.001	-0.118	-0.047	1503	4318
-0.994	-0.108	-0.067	1503	4324
-0.996	-0.101	-0.064	1504	4330
-0.988	-0.100	-0.067	1504	4335
-0.982	-0.097	-0.055	1504	4341
-0.984	-0.096	-0.039	1505	4347
-0.983	-0.096	-0.033	1505	4354
-0.987	-0.092	-0.043	1506	4360
-0.993	-0.096	-0.049	1506	4366
-0.999	-0.100	-0.051	1507	4371
-0.992	-0.104	-0.054	1508	4377
-0.990	-0.108	-0.058	1507	4383
-0.992	-0.107	-0.052	1506	4389
-0.993	-0.104	-0.046	1505	4396
-0.988	-0.127	1.282	1484	4401
-0.356	-1.182	0.187	1463	4407
-0.521	-0.214	-1.183	1454	4413
-1.044	0.176	-0.070	1445	4419
-0.537	-0.091	0.096	1440	4425
-0.819	-0.135	-0.046	1435	4430
-0.863	-0.124	-0.135	1435	4436
-0.832	-0.099	-0.098	1434	4443
-0.874	-0.053	-0.158	1435	4449
-0.923	-0.092	-0.232	1437	4455
-0.881	-0.178	-0.265	1444	4461
-0.879	-0.156	0.152	1462	4466
-0.980	-0.129	0.309	1481	4472
-1.174	-0.090	0.210	1491	4478
-1.226	-0.104	0.063	1501	4485
-1.182	-0.085	-0.072	1508	4491
-1.059	-0.077	-0.126	1513	4496
-0.957	-0.071	-0.119	1518	4502
-0.888	-0.081	-0.097	1522	4508
-0.898	-0.088	-0.063	1524	4514
-0.935	-0.089	-0.036	1526	4520
-0.984	-0.109	-0.027	1528	4526
-1.013	-0.122	-0.047	1528	4532
-1.031	-0.123	-0.049	1527	4538
-1.024	-0.109	-0.066	1527	4544
-1.009	-0.099	-0.060	1528	4550
-0.997	-0.091	-0.049	1528	4556
-0.984	-0.093	-0.038	1528	4561
-0.973	-0.098	-0.039	1529	4568
-0.976	-0.090	-0.048	1528	4574
-0.980	-0.099	-0.045	1528	4580
-0.995	-0.108	-0.038	1526	4586
-0.998	-0.110	-0.036	1525	4591
-0.998	-0.122	-0.036	1524	4597
-0.994	-0.126	-0.044	1523	4603
-0.988	-0.121	-0.052	1522	4610
-0.984	-0.112	-0.050	1522	4616
-0.976	-0.097	-0.058	1522	4621
-0.987	-0.088	-0.052	1521	4627
-0.994	-0.086	-0.045	1520	4633
-0.995	-0.065	-0.039	1519	4639
-0.998	-0.069	-0.035	1518	4645
-0.997	-0.069	-0.033	1517	4651
-0.990	-0.074	-0.038	1516	4657
-0.997	-0.084	-0.050	1514	4663
-0.997	-0.086	-0.049	1513	4669
-0.992	-0.095	-0.050	1513	4675
-0.990	-0.092	-0.046	1513	4680
-0.992	-0.100	-0.048	1512	4686
-0.993	-0.101	-0.054	1512	4692
-0.985	-0.097	-0.052	1511	4699
-0.986	-0.094	-0.051	1509	4705
-0.984	-0.095	-0.050	1510	4710
-0.989	-0.098	-0.042	1510	4716
-0.994	-0.103	-0.049	1511	4722
-0.995	-0.098	-0.054	1511	4728
-0.993	-0.097	-0.047	1511	4734
-0.994	-0.097	-0.044	1511	4740
-0.994	-0.097	-0.041	1511	4746
-0.988	-0.086	-0.045	1510	4752
-0.995	-0.091	-0.044	1508	4758
-0.995	-0.088	-0.048	1508	4764
-1.000	-0.091	-0.045	1507	4769
-0.997	-0.092	-0.049	1508	4775
-0.999	-0.095	-0.045	1507	4782
-0.993	-0.090	-0.044	1507	4788
-0.988	-0.091	-0.045	1507	4794
-0.983	-0.091	-0.041	1507	4799
-0.990	-0.090	-0.041	1506	4805
-0.983	-0.093	-0.039	1504	4811
-0.992	-0.094	-0.035	1503	4817
-0.988	-0.095	-0.045	1502	4824
-0.989	-0.096	-0.034	1503	4830
-0.994	-0.098	-0.035	1504	4835
-0.995	-0.097	-0.030	1502	4841
-0.990	-0.098	-0.034	1501	4847
-0.995	-0.102	-0.038	1500	4853
-0.983	-0.101	-0.046	1502	4859
-0.986	-0.102	-0.052	1502	4865
-0.996	-0.097	-0.052	1501	4871
-0.999	-0.102	-0.051	1501	4877
-0.996	-0.091	-0.036	1502	4883
-0.995	-0.099	-0.037	1503	4889
-0.984	-0.095	-0.039	1504	4894
-0.991	-0.091	-0.043	1505	4900
-0.987	-0.098	-0.037	1504	4907
-0.989	-0.097	-0.046	1504	4913
-0.983	-0.103	-0.044	1504	4919
-0.992	-0.101	-0.038	1504	4924
-0.988	-0.102	-0.045	1502	4930
-0.993	-0.105	-0.051	1503	4936
-0.988	-0.105	-0.039	1504	4942
-0.991	-0.102	-0.047	1505	4948
-0.995	-0.104	-0.048	1504	4954
-0.998	-0.102	-0.049	1503	4960
-0.993	-0.099	-0.045	1502	4966
-0.991	-0.094	-0.043	1503	4972
-0.986	-0.091	-0.044	1497	4978
-0.988	-0.090	-0.042	1496	4984
-0.993	-0.096	-0.041	1500	4989
-0.995	-0.102	-0.041	1502	4996
-0.997	-0.109	-0.043	1503	5002
-0.995	-0.116	-0.045	1502	5008
-0.996	-0.108	-0.040	1502	5014
-1.002	-0.104	-0.048	1500	5019
-0.999	-0.108	-0.061	1500	5025
-1.001	-0.101	-0.059	1498	5031
-0.990	-0.097	-0.059	1497	5038
-0.988	-0.088	-0.044	1494	5044
-0.982	-0.074	-0.043	1494	5049
-0.980	-0.081	-0.046	1494	5055
-0.988	-0.081	-0.045	1492	5061
-0.991	-0.075	-0.042	1486	5067
-0.990	-0.077	-0.035	1489	5073
-0.993	-0.084	-0.036	1487	5079
-0.990	-0.093	-0.041	1486	5085
-0.989	-0.092	-0.036	1487	5091
-0.989	-0.095	-0.038	1482	5097
-0.988	-0.085	-0.042	1481	5103
-0.986	-0.089	-0.048	1480	5108
-0.990	-0.092	-0.051	1481	5114
-0.987	-0.089	-0.046	1483	5121
-0.988	-0.083	-0.044	1481	5127
-0.995	-0.083	-0.041	1481	5133
-1.002	-0.089	-0.047	1480	5138
-1.001	-0.095	-0.046	1481	5144
-1.001	-0.085	-0.037	1480	5150
-0.995	-0.094	-0.043	1478	5156
-1.000	-0.095	-0.045	1471	5163
-1.004	-0.104	-0.044	1481	5169
-0.999	-0.108	-0.053	1485	5174
-0.996	-0.118	-0.055	1487	5180
-0.992	-0.102	-0.053	1489	5186
-0.994	-0.119	-0.053	1488	5192
-0.989	-0.120	-0.053	1487	5198
-0.993	-0.122	-0.055	1485	5203
-0.991	-0.111	-0.051	1485	5210
-1.003	-0.083	-0.046	1486	5216
-0.986	-0.079	-0.053	1483	5222
-0.988	-0.049	-0.054	1477	5228
-0.986	-0.045	-0.058	1465	5233
-0.978	-0.033	-0.060	1459	5239
-0.967	-0.021	-0.057	1453	5245
-0.976	-0.010	-0.060	1448	5252
-0.979	0.002	-0.059	1445	5258
-0.983	0.004	-0.060	1446	5263
-0.988	0.011	-0.053	1450	5269
-0.994	0.011	-0.057	1453	5275
-0.990	0.005	-0.051	1458	5281
-0.992	-0.006	-0.050	1461	5287
-0.991	-0.005	-0.051	1470	5293
-0.991	-0.019	-0.048	1480	5299
-0.995	-0.021	-0.054	1484	5305
-0.995	-0.034	-0.048	1489	5311
-0.997	-0.042	-0.038	1491	5317
-0.994	-0.053	-0.054	1493	5323
-0.995	-0.071	-0.047	1495	5328
-0.999	-0.103	-0.051	1496	5335
-0.994	-0.117	-0.045	1497	5341
-0.993	-0.133	-0.041	1498	5347
-0.994	-0.148	-0.040	1499	5353
-0.996	-0.153	-0.037	1499	5358
-0.998	-0.148	-0.038	1501	5364
-0.997	-0.146	-0.047	1501	5370
-0.992	-0.136	-0.050	1500	5377
-0.999	-0.130	-0.047	1498	5383
-0.996	-0.124	-0.045	1496	5388
-0.998	-0.097	-0.048	1497	5394
-0.993	-0.092	-0.056	1497	5400
-0.999	-0.081	-0.050	1496	5406
-0.990	-0.080	-0.053	1496	5412
-0.985	-0.062	-0.048	1494	5419
-0.988	-0.071	-0.053	1492	5424
-0.983	-0.038	-0.046	1491	5430
-0.983	-0.035	-0.043	1488	5436
-0.980	-0.036	-0.044	1487	5442
-0.977	-0.041	-0.049	1488	5448
-0.979	-0.045	-0.053	1489	5453
-0.973	-0.042	-0.053	1489	5459
-0.980	-0.037	-0.043	1489	5466
-0.986	-0.044	-0.049	1489	5472
-0.987	-0.040	-0.056	1488	5478
-0.995	-0.047	-0.054	1488	5483
-1.002	-0.054	-0.057	1489	5489
-1.002	-0.057	-0.054	1488	5495
-1.012	-0.069	-0.047	1490	5501
-1.008	-0.070	-0.038	1489	5508
-1.012	-0.078	-0.038	1486	5513
-1.012	-0.088	-0.038	1486	5519
-0.999	-0.087	-0.040	1484	5525
-1.002	-0.086	-0.052	1486	5531
-0.994	-0.091	-0.053	1486	5537
-0.999	-0.092	-0.051	1491	5542
-0.994	-0.087	-0.055	1495	5549
-0.997	-0.091	-0.043	1496	5555
-0.992	-0.089	-0.051	1495	5561
-0.989	-0.086	-0.063	1497	5567
-0.987	-0.080	-0.052	1493	5572
-0.982	-0.076	-0.056	1488	5578
-0.989	-0.090	-0.051	1494	5584
-1.004	-0.102	-0.051	1493	5591
-1.019	-0.061	-0.033	1495	5597
-1.016	-0.075	-0.031	1500	5602
-0.999	-0.065	-0.044	1503	5608
-0.998	-0.040	-0.042	1499	5614
-0.981	-0.031	-0.044	1498	5620
-0.968	-0.020	-0.051	1499	5626
-0.973	-0.015	-0.053	1496	5633
-0.966	-0.012	-0.051	1502	5638
-0.962	0.003	-0.054	1486	5644
-0.971	0.003	-0.052	1493	5650
-0.982	-0.001	-0.059	1490	5656
-0.988	-0.005	-0.060	1491	5662
-0.995	-0.006	-0.069	1493	5667
-1.004	-0.018	-0.072	1496	5673
-1.013	-0.043	-0.063	1489	5680
-1.020	-0.030	-0.049	1491	5686
-1.026	-0.038	-0.038	1488	5692
-1.022	-0.049	-0.045	1488	5697
-1.025	-0.023	-0.041	1488	5703
-1.020	0.007	-0.029	1486	5709
-1.000	0.031	-0.036	1483	5715
-0.986	0.057	-0.053	1480	5722
-0.977	0.052	-0.049	1478	5727
-0.965	0.072	-0.046	1475	5733
-0.950	0.054	-0.039	1467	5739
-0.950	0.046	-0.034	1456	5745
-0.953	0.029	-0.027	1451	5751
-0.974	0.006	-0.025	1451	5756
-0.992	0.003	-0.030	1454	5763
-1.018	-0.013	-0.038	1454	5769
-1.026	-0.036	-0.038	1455	5775
-1.038	-0.053	-0.038	1460	5781
-1.037	-0.060	-0.045	1468	5786
-1.037	-0.063	-0.052	1470	5792
-1.021	-0.058	-0.050	1482	5798
-1.003	-0.053	-0.057	1488	5805
-0.998	-0.048	-0.059	1493	5811
-0.992	-0.033	-0.058	1494	5817
-0.985	-0.027	-0.047	1501	5822
-0.977	-0.018	-0.043	1503	5828
-0.968	-0.022	-0.032	1504	5834
-0.970	-0.024	-0.036	1507	5840
-0.971	-0.028	-0.031	1508	5847
-0.973	-0.026	-0.039	1511	5852
-0.982	-0.030	-0.046	1512	5858
-0.984	-0.030	-0.060	1511	5864
-0.997	-0.022	-0.061	1516	5870
-1.009	-0.019	-0.058	1514	5876
-1.012	-0.016	-0.063	1515	5881
-1.016	-0.012	-0.064	1510	5888
-1.012	-0.013	-0.064	1509	5894
-1.018	-0.014	-0.053	1507	5900
-1.012	-0.015	-0.046	1506	5906
-1.013	-0.022	-0.044	1508	5911
-1.004	-0.025	-0.041	1509	5917
-0.996	-0.020	-0.052	1502	5923
-0.988	-0.018	-0.051	1497	5929
-0.970	-0.014	-0.052	1499	5936
-0.970	-0.009	-0.052	1492	5942
-0.971	-0.003	-0.051	1491	5947
-0.975	-0.004	-0.041	1483	5953
-0.984	-0.012	-0.038	1472	5959
-0.996	-0.013	-0.039	1479	5965
-0.995	-0.014	-0.031	1483	5971
-1.002	-0.012	-0.043	1484	5977
-1.001	-0.010	-0.048	1487	5983
-1.004	-0.014	-0.045	1489	5989
-1.012	0.002	-0.045	1490	5995
-1.004	0.006	-0.050	1492	6001
-0.999	0.019	-0.051	1496	6006
-1.000	0.026	-0.055	1502	6012
-0.996	0.024	-0.054	1505	6019
-0.980	0.032	-0.058	1499	6025
-0.981	0.029	-0.046	1497	6031
-0.979	0.021	-0.052	1497	6036
-0.986	0.011	-0.053	1503	6042
-0.989	-0.001	-0.049	1499	6048
-0.997	-0.011	-0.052	1501	6054
-1.007	-0.009	-0.057	1495	6061
-1.004	-0.009	-0.051	1501	6066
-1.008	-0.006	-0.058	1504	6072
-1.005	0.006	-0.056	1498	6078
-1.000	0.008	-0.053	1507	6084
-1.006	0.023	-0.050	1505	6090
-0.997	0.030	-0.052	1509	6095
-0.994	0.037	-0.050	1506	6102
-0.989	0.030	-0.053	1500	6108
-0.987	0.033	-0.054	1504	6114
-0.980	0.031	-0.046	1503	6120
-0.975	0.033	-0.041	1503	6125
-0.985	0.030	-0.043	1508	6131
-1.000	0.032	-0.041	1506	6137
-1.008	0.030	-0.047	1502	6144
-1.020	0.029	-0.053	1504	6150
-1.006	0.031	-0.051	1508	6155
-1.004	0.026	-0.057	1507	6161
-0.996	0.022	-0.065	1506	6167
-0.982	0.021	-0.057	1513	6173
-0.980	0.010	-0.061	1506	6179
-0.979	0.009	-0.056	1506	6184
-0.983	0.010	-0.058	1504	6191
-0.984	0.011	-0.060	1508	6197
-0.990	0.023	-0.068	1510	6203
-0.993	0.029	-0.068	1503	6209
-0.996	0.043	-0.064	1509	6214
-0.997	0.051	-0.058	1507	6220
-0.998	0.054	-0.053	1508	6226
-0.999	0.061	-0.055	1508	6233
-0.996	0.062	-0.054	1512	6239
-0.992	0.056	-0.066	1504	6244
-0.990	0.053	-0.062	1507	6250
-0.987	0.045	-0.060	1508	6256
-0.986	0.045	-0.057	1509	6262
-0.986	0.037	-0.064	1512	6268
-0.988	0.041	-0.063	1511	6274
-0.992	0.031	-0.060	1508	6280
-1.004	0.027	-0.060	1503	6286
-1.003	0.021	-0.049	1503	6292
-1.006	0.023	-0.047	1506	6298
-1.011	0.021	-0.042	1506	6303
-1.014	0.022	-0.048	1505	6309
-1.005	0.025	-0.041	1506	6316
-1.008	0.027	-0.042	1512	6322
-1.000	0.038	-0.037	1507	6328
-0.996	0.046	-0.039	1507	6333
-0.992	0.050	-0.043	1503	6339
-0.980	0.056	-0.051	1506	6345
-0.970	0.052	-0.050	1506	6351
-0.975	0.053	-0.050	1495	6358
-0.978	0.046	-0.047	1500	6363
-0.983	0.041	-0.056	1505	6369
-1.000	0.031	-0.053	1503	6375
-1.005	0.028	-0.058	1509	6381
-1.009	0.026	-0.050	1500	6387
-0.974	-0.010	-0.049	1503	6392
-1.015	0.030	-0.050	1501	6398
-1.016	0.032	-0.048	1496	6405
-1.005	0.036	-0.051	1495	6411
-0.998	0.052	-0.046	1503	6417
-0.980	0.055	-0.044	1505	6422
-0.981	0.054	-0.048	1499	6428
-0.982	0.061	-0.046	1497	6434
-0.984	0.063	-0.056	1502	6440
-0.982	0.080	-0.050	1502	6447
-0.995	0.089	-0.050	1506	6452
-0.995	0.086	-0.057	1505	6458
-0.994	0.092	-0.057	1491	6464
-0.996	0.090	-0.056	1496	6470
-0.996	0.082	-0.056	1492	6476
-0.994	0.077	-0.064	1497	6481
-0.996	0.077	-0.059	1496	6488
-0.988	0.073	-0.066	1494	6494
-0.985	0.070	-0.065	1476	6500
-0.990	0.071	-0.069	1489	6506
-0.990	0.065	-0.069	1494	6511
-0.995	0.068	-0.072	1481	6517
-0.997	0.150	-0.014	1480	6523
-0.958	0.099	-0.043	1494	6530
-0.984	-0.010	-0.187	1495	6536
-1.017	0.281	-0.163	1491	6541
-0.930	0.091	0.000	1493	6547
-0.953	0.077	-0.073	1482	6553
-0.965	-0.012	-0.092	1490	6559
-1.015	0.133	-0.076	1489	6565
-0.994	0.096	-0.039	1492	6571
-0.972	-0.005	-0.032	1477	6577
-1.017	-0.022	-0.062	1491	6583
-1.040	-0.025	-0.080	1477	6589
-1.035	0.008	-0.088	1471	6595
-1.030	0.013	-0.103	1484	6600
-1.021	-0.028	-0.100	1494	6606
-0.892	-0.080	0.034	1496	6612
-0.923	-0.120	0.008	1498	6619
-1.046	-0.100	-0.057	1488	6625
-1.107	0.057	-0.110	1496	6630
-1.028	0.251	-0.064	1500	6636
-0.977	0.213	-0.070	1500	6642
-0.926	0.151	-0.063	1494	6648
-0.932	0.152	-0.047	1496	6654
-0.943	0.143	-0.046	1501	6660
-0.961	0.120	-0.049	1498	6666
-0.991	0.099	-0.050	1495	6672
-1.030	0.086	-0.054	1509	6678
-1.057	0.090	-0.052	1505	6684
-1.055	0.092	-0.048	1485	6689
-1.033	0.090	-0.046	1500	6695
-1.018	0.103	-0.048	1494	6702
-0.988	0.096	-0.057	1506	6708
-0.974	0.094	-0.067	1509	6714
-0.978	0.090	-0.070	1511	6719
-0.973	0.092	-0.070	1502	6725
-0.975	0.089	-0.071	1504	6731
-0.987	0.079	-0.070	1512	6737
-0.996	0.090	-0.066	1513	6744
-0.995	0.091	-0.075	1508	6749
-1.000	0.104	-0.082	1504	6755
-1.000	0.116	-0.075	1519	6761
-0.991	0.124	-0.078	1511	6767
-0.981	0.135	-0.076	1495	6773
-0.979	0.135	-0.072	1512	6779
-0.973	0.141	-0.072	1508	6785
-0.972	0.124	-0.078	1506	6791
-0.974	0.116	-0.071	1513	6797
-0.974	0.096	-0.078	1509	6803
-0.980	0.079	-0.067	1502	6809
-0.980	0.069	-0.071	1508	6814
-0.994	0.058	-0.066	1512	6820
-0.995	0.063	-0.069	1507	6827
-1.000	0.082	-0.070	1517	6833
-0.988	0.092	-0.064	1510	6839
-1.006	0.093	-0.057	1506	6844
-0.999	0.099	-0.046	1509	6850
-0.999	0.114	-0.044	1518	6856
-0.992	0.125	-0.036	1519	6862
-0.981	0.129	-0.045	1518	6868
-0.974	0.128	-0.063	1518	6874
-0.983	0.114	-0.062	1518	6880
-0.983	0.100	-0.063	1512	6886
-0.987	0.099	-0.068	1502	6892
-0.995	0.103	-0.070	1499	6898
-0.997	0.097	-0.071	1490	6903
-0.995	0.101	-0.072	1496	6909
-0.994	0.104	-0.068	1503	6916
-0.985	0.113	-0.070	1505	6922
-0.982	0.119	-0.065	1514	6928
-0.972	0.127	-0.063	1506	6933
-0.981	0.120	-0.064	1511	6939
-0.991	0.121	-0.066	1509	6945
-0.994	0.117	-0.069	1509	6951
-1.000	0.124	-0.071	1499	6958
-0.994	0.121	-0.063	1506	6964
-0.997	0.123	-0.067	1497	6969
-0.984	0.121	-0.059	1503	6975
-0.980	0.119	-0.060	1501	6981
-0.979	0.125	-0.062	1506	6987
-0.977	0.115	-0.066	1510	6993
-0.980	0.114	-0.073	1508	6999
-0.980	0.104	-0.062	1506	7005
-0.990	0.105	-0.063	1507	7011
-1.002	0.109	-0.068	1509	7017
-1.003	0.116	-0.068	1512	7023
-0.998	0.129	-0.070	1506	7028
-0.990	0.128	-0.069	1489	7034
-0.978	0.129	-0.063	1494	7041
-0.974	0.124	-0.053	1461	7047
-0.969	0.131	-0.058	1487	7053
-0.961	0.123	-0.057	1500	7058
-0.971	0.117	-0.062	1502	7064
-0.990	0.110	-0.060	1501	7070
-0.996	0.108	-0.059	1503	7076
-1.003	0.103	-0.057	1494	7083
-1.015	0.104	-0.052	1505	7088
-1.010	0.115	-0.063	1502	7094
-1.002	0.128	-0.063	1499	7100
-0.989	0.138	-0.067	1499	7106
-0.980	0.146	-0.065	1492	7112
-0.979	0.148	-0.066	1497	7118
-0.981	0.151	-0.055	1488	7123
-0.975	0.169	-0.060	1505	7130
-0.975	0.146	-0.070	1470	7136
-0.969	0.146	-0.060	1486	7142
-0.967	0.131	-0.047	1493	7148
-0.977	0.125	-0.066	1496	7153
-0.979	0.122	-0.067	1481	7159
-0.991	0.114	-0.068	1503	7165
-0.997	0.114	-0.077	1501	7172
-1.001	0.121	-0.072	1510	7178
-0.994	0.134	-0.078	1501	7183
-0.986	0.145	-0.069	1493	7189
-0.990	0.158	-0.065	1494	7195
-0.985	0.174	-0.064	1501	7201
-0.983	0.183	-0.058	1496	7207
-0.985	0.187	-0.053	1502	7213
-0.990	0.182	-0.053	1512	7219
-0.987	0.178	-0.058	1499	7225
-0.982	0.164	-0.059	1485	7231
-0.979	0.151	-0.054	1484	7237
-0.985	0.141	-0.066	1492	7243
-0.983	0.135	-0.061	1499	7248
-0.989	0.123	-0.066	1509	7255
-0.988	0.122	-0.063	1486	7261
-0.984	0.119	-0.076	1504	7267
-0.987	0.133	-0.080	1505	7273
-0.983	0.146	-0.077	1501	7278
-0.981	0.156	-0.079	1505	7284
-0.988	0.161	-0.086	1518	7290
-0.990	0.178	-0.084	1510	7297
-0.985	0.188	-0.072	1521	7303
-0.989	0.199	-0.059	1501	7308
-0.985	0.209	-0.050	1489	7314
-0.979	0.202	-0.060	1499	7320
-0.976	0.193	-0.040	1478	7326
-0.966	0.196	-0.048	1511	7332
-0.951	0.176	-0.043	1497	7337
-0.948	0.162	-0.053	1506	7344
-0.952	0.138	-0.056	1522	7350
-0.969	0.131	-0.062	1514	7356
-0.985	0.120	-0.074	1528	7362
-0.997	0.115	-0.088	1534	7367
-1.007	0.132	-0.089	1523	7373
-1.007	0.146	-0.087	1520	7379
-0.999	0.166	-0.083	1512	7386
-0.999	0.179	-0.063	1499	7392
-0.996	0.193	-0.054	1501	7398
-0.987	0.196	-0.053	1512	7403
-0.977	0.203	-0.053	1508	7409
-0.959	0.193	-0.061	1498	7415
-0.947	0.171	-0.058	1507	7421
-0.950	0.160	-0.060	1519	7428
-0.949	0.130	-0.053	1506	7433
-0.967	0.115	-0.057	1515	7439
-0.978	0.111	-0.072	1508	7445
-0.995	0.111	-0.084	1495	7451
-0.996	0.123	-0.091	1504	7457
-1.005	0.140	-0.087	1512	7462
-1.012	0.163	-0.080	1492	7469
-0.997	0.185	-0.071	1501	7475
-0.983	0.209	-0.066	1507	7481
-0.969	0.229	-0.063	1511	7487
-0.958	0.243	-0.066	1510	7492
-0.953	0.236	-0.063	1514	7498
-0.960	0.236	-0.055	1490	7504
-0.974	0.213	-0.051	1508	7511
-0.978	0.195	-0.048	1512	7517
-0.984	0.179	-0.050	1503	7522
-0.982	0.163	-0.047	1494	7528
-0.978	0.148	-0.049	1478	7534
-0.977	0.135	-0.057	1499	7540
-0.987	0.138	-0.057	1508	7546
-0.993	0.139	-0.076	1483	7552
-0.985	0.142	-0.072	1492	7558
-0.995	0.154	-0.075	1504	7564
-0.993	0.164	-0.070	1508	7570
-0.996	0.185	-0.062	1500	7576
-0.984	0.198	-0.068	1499	7582
-0.978	0.221	-0.063	1509	7587
-0.967	0.241	-0.055	1504	7593
-0.951	0.233	-0.044	1472	7600
-0.949	0.230	-0.049	1508	7606
-0.958	0.221	-0.053	1505	7612
-0.967	0.194	-0.062	1479	7617
-0.979	0.166	-0.065	1488	7623
-0.982	0.150	-0.066	1494	7629
-1.000	0.141	-0.064	1496	7635
-0.995	0.149	-0.072	1500	7642
-0.991	0.166	-0.078	1480	7647
-0.984	0.182	-0.078	1499	7653
-0.980	0.201	-0.086	1492	7659
-0.979	0.214	-0.073	1489	7665
-0.970	0.230	-0.073	1494	7671
-0.973	0.231	-0.070	1497	7676
-0.971	0.235	-0.065	1502	7683
-0.964	0.235	-0.061	1495	7689
-0.964	0.231	-0.056	1488	7695
-0.958	0.231	-0.054	1484	7701
-0.959	0.219	-0.052	1480	7706
-0.971	0.205	-0.063	1495	7712
-0.968	0.184	-0.056	1478	7718
-0.972	0.173	-0.073	1484	7725
-0.979	0.155	-0.078	1477	7731
-0.993	0.149	-0.079	1494	7736
-0.995	0.147	-0.078	1489	7742
-0.989	0.165	-0.070	1495	7748
-0.982	0.176	-0.064	1490	7754
-0.975	0.207	-0.061	1492	7760
-0.966	0.228	-0.055	1482	7766
-0.950	0.241	-0.054	1487	7772
-0.952	0.252	-0.051	1494	7778
-0.958	0.250	-0.052	1495	7784
-0.962	0.241	-0.047	1475	7790
-0.963	0.231	-0.035	1487	7796
-0.976	0.194	-0.049	1475	7801
-0.980	0.170	-0.062	1480	7808
-0.984	0.149	-0.064	1487	7814
-0.987	0.150	-0.063	1485	7820
-0.981	0.151	-0.071	1484	7826
-0.978	0.182	-0.074	1488	7831
-0.963	0.198	-0.068	1496	7837
-0.953	0.220	-0.073	1484	7843
-0.961	0.242	-0.079	1486	7849
-0.965	0.253	-0.078	1502	7856
-0.968	0.262	-0.072	1480	7861
-0.970	0.267	-0.060	1477	7867
-0.979	0.262	-0.053	1491	7873
-0.979	0.258	-0.050	1474	7879
-0.984	0.248	-0.054	1474	7885
-0.978	0.245	-0.056	1474	7890
-0.968	0.157	-0.107	1460	7897
-0.902	0.103	-0.030	1463	7903
-0.957	0.132	-0.025	1468	7909
-0.998	0.167	-0.041	1452	7915
-0.989	0.154	-0.076	1453	7920
-0.981	0.199	-0.123	1486	7926
-0.959	0.137	-0.067	1468	7932
-0.990	0.213	-0.053	1463	7939
-0.991	0.130	-0.240	1493	7945
-0.921	0.247	-0.073	1488	7950
-0.941	0.226	-0.024	1485	7956
-0.977	0.246	-0.042	1468	7962
-0.977	0.265	-0.036	1469	7968
-0.965	0.276	-0.041	1494	7974
-0.971	0.294	-0.061	1485	7981
-0.972	0.284	-0.063	1488	7986
-0.955	0.284	-0.041	1487	7992
-0.950	0.248	-0.027	1471	7998
-0.960	0.225	-0.046	1459	8004
-0.970	0.185	-0.047	1471	8010
-0.977	0.156	-0.058	1488	8015
-0.988	0.146	-0.061	1465	8022
-0.993	0.143	-0.072	1473	8028
-0.983	0.146	-0.075	1499	8034
-0.982	0.150	-0.082	1477	8040
-0.983	0.176	-0.061	1482	8045
-0.979	0.205	-0.061	1469	8051
-0.972	0.249	-0.056	1478	8057
-0.969	0.270	-0.073	1486	8064
-0.962	0.280	-0.068	1487	8070
-0.952	0.291	-0.061	1489	8075
-0.937	0.292	-0.045	1468	8081
-0.932	0.302	-0.057	1480	8087
-0.933	0.294	-0.057	1471	8093
-0.948	0.271	-0.062	1493	8099
-0.951	0.267	-0.062	1470	8105
-0.950	0.244	-0.065	1489	8111
-0.969	0.238	-0.068	1481	8117
-0.974	0.235	-0.075	1474	8123
-0.979	0.232	-0.062	1457	8129
-0.982	0.233	-0.069	1481	8135
-0.987	0.243	-0.061	1481	8140
-0.990	0.248	-0.071	1488	8146
-0.981	0.252	-0.064	1476	8153
-0.971	0.254	-0.050	1489	8159
-0.961	0.261	-0.044	1475	8165
-0.962	0.269	-0.047	1495	8170
-0.967	0.273	-0.049	1480	8176
-0.957	0.275	-0.046	1489	8182
-0.957	0.271	-0.035	1482	8188
-0.946	0.256	-0.044	1472	8195
-0.938	0.243	-0.049	1479	8201
-0.942	0.242	-0.058	1441	8206
-0.952	0.240	-0.107	1463	8212
-0.967	0.214	-0.099	1489	8218
-0.967	0.201	-0.094	1484	8224
-0.982	0.207	-0.093	1487	8230
-0.983	0.218	-0.089	1508	8236
-0.982	0.234	-0.064	1499	8242
-0.982	0.249	-0.047	1507	8248
-0.967	0.270	-0.042	1499	8254
-0.960	0.279	-0.051	1469	8260
-0.955	0.302	-0.063	1478	8265
-0.953	0.308	-0.060	1475	8271
-0.932	0.301	-0.046	1501	8278
-0.928	0.317	-0.059	1468	8284
-0.932	0.295	-0.071	1465	8290
-0.933	0.279	-0.083	1499	8295
-0.943	0.249	-0.089	1454	8301
-0.960	0.239	-0.095	1455	8307
-0.972	0.229	-0.091	1475	8313
-0.981	0.229	-0.083	1506	8320
-0.982	0.232	-0.081	1473	8325
-0.988	0.251	-0.075	1508	8331
-0.984	0.262	-0.056	1508	8337
-0.975	0.278	-0.050	1516	8343
-0.968	0.295	-0.044	1476	8349
-0.944	0.319	-0.041	1484	8355
-0.933	0.338	-0.037	1492	8360
-0.935	0.330	-0.040	1485	8367
-0.927	0.312	-0.048	1483	8373
-0.931	0.303	-0.039	1472	8379
-0.930	0.262	-0.042	1476	8385
-0.958	0.241	-0.060	1474	8390
-0.972	0.221	-0.087	1495	8396
-0.977	0.202	-0.093	1481	8402
-0.986	0.191	-0.094	1495	8409
-0.986	0.187	-0.071	1495	8415
-0.979	0.216	-0.063	1479	8420
-0.976	0.232	-0.062	1462	8426
-0.969	0.270	-0.061	1487	8432
-0.953	0.300	-0.064	1509	8438
-0.947	0.322	-0.060	1489	8444
-0.937	0.338	-0.063	1517	8450
-0.926	0.337	-0.053	1465	8456
-0.929	0.328	-0.049	1499	8462
-0.926	0.313	-0.040	1478	8468
-0.934	0.292	-0.043	1448	8474
-0.942	0.278	-0.041	1443	8479
-0.948	0.267	-0.059	1468	8485
-0.965	0.242	-0.071	1490	8492
-0.982	0.222	-0.097	1470	8498
-0.978	0.214	-0.097	1455	8504
-0.971	0.219	-0.081	1460	8510
-0.963	0.233	-0.063	1485	8515
-0.968	0.255	-0.055	1474	8521
-0.959	0.280	-0.048	1494	8527
-0.939	0.309	-0.037	1509	8534
-0.938	0.335	-0.034	1485	8540
-0.949	0.360	-0.024	1512	8545
-0.958	0.368	-0.025	1489	8551
-0.962	0.379	-0.021	1498	8557
-0.951	0.370	-0.025	1482	8563
-0.940	0.351	-0.023	1445	8569
-0.929	0.315	-0.031	1448	8574
-0.931	0.271	-0.064	1486	8581
-0.948	0.232	-0.084	1471	8587
-0.970	0.182	-0.103	1491	8593
-0.982	0.150	-0.126	1464	8599
-0.979	0.146	-0.117	1495	8604
-0.969	0.165	-0.102	1495	8610
-0.967	0.195	-0.060	1510	8616
-0.968	0.239	-0.052	1479	8623
-0.962	0.282	-0.036	1491	8629
-0.949	0.338	-0.028	1486	8634
-0.931	0.382	-0.028	1475	8640
-0.922	0.402	-0.031	1482	8646
-0.922	0.405	-0.033	1494	8652
-0.908	0.388	-0.039	1461	8658
-0.919	0.366	-0.036	1464	8665
-0.921	0.310	-0.036	1483	8670
-0.933	0.266	-0.029	1441	8676
-0.947	0.232	-0.036	1433	8682
-0.952	0.205	-0.045	1490	8688
-0.970	0.184	-0.054	1489	8694
-0.977	0.172	-0.083	1486	8699
-0.976	0.190	-0.086	1450	8706
-0.969	0.213	-0.093	1466	8712
-0.969	0.251	-0.086	1495	8718
-0.967	0.289	-0.068	1457	8724
-0.952	0.338	-0.057	1469	8729
-0.944	0.369	-0.048	1477	8735
-0.935	0.393	-0.043	1502	8741
-0.927	0.405	-0.035	1438	8748
-0.928	0.404	-0.030	1457	8754
-0.938	0.400	-0.034	1461	8759
-0.944	0.386	-0.042	1467	8765
-0.943	0.363	-0.049	1416	8771
-0.943	0.322	-0.056	1473	8777
-0.944	0.298	-0.063	1451	8783
-0.948	0.274	-0.068	1483	8788
-0.956	0.258	-0.087	1481	8795
-0.965	0.245	-0.082	1481	8801
-0.961	0.246	-0.076	1471	8807
-0.956	0.262	-0.077	1487	8813
-0.955	0.285	-0.060	1495	8819
-0.945	0.307	-0.057	1439	8824
-0.924	0.327	-0.046	1449	8830
-0.920	0.349	-0.043	1488	8837
-0.916	0.360	-0.045	1461	8843
-0.917	0.357	-0.040	1444	8849
-0.916	0.347	-0.048	1428	8854
-0.924	0.333	-0.049	1456	8860
-0.924	0.308	-0.052	1463	8866
-0.935	0.279	-0.061	1461	8872
-0.943	0.269	-0.066	1425	8879
-0.937	0.269	-0.062	1417	8884
-0.947	0.278	-0.066	1476	8890
-0.950	0.285	-0.079	1404	8896
-0.966	0.305	-0.089	1459	8902
-0.966	0.332	-0.090	1472	8908
-0.967	0.365	-0.071	1458	8913
-0.943	0.387	-0.062	1442	8920
-0.950	0.399	-0.043	1491	8926
-0.948	0.403	-0.026	1451	8932
-0.940	0.402	-0.018	1491	8938
-0.945	0.426	-0.003	1467	8944
-0.920	0.414	-0.020	1417	8949
-0.905	0.392	-0.020	1461	8955
-0.904	0.355	-0.028	1450	8962
-0.916	0.323	-0.043	1481	8968
-0.933	0.269	-0.062	1480	8974
-0.948	0.225	-0.063	1482	8979
-0.961	0.199	-0.061	1486	8985
-0.959	0.195	-0.059	1482	8991
-0.959	0.216	-0.056	1511	8997
-0.951	0.251	-0.050	1536	9004
-0.939	0.298	-0.045	1524	9009
-0.925	0.348	-0.044	1507	9015
-0.910	0.374	-0.044	1463	9021
-0.915	0.388	-0.046	1484	9027
-0.909	0.383	-0.045	1477	9033
-0.911	0.369	-0.036	1494	9039
-0.918	0.334	-0.037	1521	9044
-0.938	0.312	-0.050	1484	9051
-0.939	0.291	-0.060	1490	9057
-0.952	0.282	-0.055	1482	9063
-0.960	0.282	-0.055	1470	9069
-0.955	0.297	-0.060	1504	9074
-0.951	0.313	-0.063	1496	9080
-0.943	0.345	-0.063	1540	9086
-0.933	0.369	-0.058	1526	9093
-0.927	0.385	-0.050	1518	9099
-0.927	0.388	-0.045	1528	9104
-0.926	0.385	-0.033	1508	9110
-0.919	0.376	-0.019	1458	9116
-0.907	0.361	-0.010	1497	9122
-0.908	0.344	-0.017	1509	9128
-0.904	0.332	-0.024	1473	9134
-0.914	0.318	-0.035	1467	9140
-0.924	0.296	-0.048	1441	9146
-0.943	0.279	-0.066	1500	9152
-0.952	0.273	-0.074	1492	9158
-0.952	0.279	-0.088	1462	9164
-0.953	0.302	-0.084	1506	9169
-0.949	0.339	-0.105	1476	9176
-0.943	0.380	-0.075	1496	9182
-0.932	0.419	-0.065	1524	9188
-0.938	0.454	-0.065	1509	9194
-0.930	0.470	-0.073	1541	9199
-0.920	0.466	-0.056	1552	9205
-0.907	0.449	-0.043	1544	9211
-0.901	0.427	-0.038	1530	9218
-0.889	0.368	-0.031	1550	9224
-0.890	0.363	0.001	1489	9229
-0.915	0.362	-0.021	1511	9235
-0.912	0.326	-0.006	1493	9241
-0.900	0.289	-0.002	1476	9247
-0.923	0.294	-0.012	1472	9253
-0.943	0.294	-0.032	1518	9259
-0.938	0.303	-0.049	1512	9265
-0.946	0.326	-0.060	1479	9271
-0.949	0.346	-0.067	1485	9277
-0.952	0.364	-0.082	1499	9283
-0.936	0.386	-0.075	1515	9289
-0.923	0.420	-0.072	1530	9294
-0.906	0.438	-0.066	1516	9300
-0.884	0.456	-0.059	1494	9307
-0.881	0.461	-0.055	1521	9313
-0.883	0.456	-0.063	1514	9319
-0.883	0.453	-0.063	1506	9324
-0.889	0.418	-0.068	1490	9330
-0.900	0.398	-0.054	1498	9336
-0.916	0.369	-0.053	1534	9342
-0.925	0.351	-0.047	1469	9349
-0.938	0.332	-0.037	1525	9354
-0.940	0.324	-0.043	1544	9360
-0.946	0.321	-0.052	1526	9366
-0.940	0.332	-0.049	1527	9372
-0.931	0.353	-0.052	1546	9378
-0.921	0.373	-0.050	1590	9384
-0.917	0.383	-0.050	1555	9390
-0.912	0.401	-0.050	1518	9396
-0.915	0.414	-0.060	1550	9402
-0.909	0.439	-0.047	1527	9408
-0.901	0.392	-0.047	1521	9414
-0.896	0.398	-0.049	1497	9419
-0.896	0.393	-0.038	1524	9425
-0.899	0.381	-0.048	1461	9432
-0.910	0.382	-0.046	1485	9438
-0.930	0.373	-0.057	1478	9444
-0.927	0.374	-0.057	1497	9449
-0.938	0.379	-0.063	1478	9455
-0.925	0.388	-0.058	1516	9461
-0.907	0.403	-0.041	1526	9467
-0.898	0.420	-0.049	1510	9474
-0.890	0.435	-0.053	1532	9479
-0.896	0.438	-0.057	1559	9485
-0.888	0.429	-0.058	1579	9491
-0.888	0.431	-0.060	1507	9497
-0.895	0.413	-0.058	1533	9503
-0.920	0.396	-0.055	1509	9509
-0.901	0.378	-0.041	1457	9515
-0.916	0.372	-0.045	1489	9521
-0.915	0.379	-0.046	1480	9527
-0.926	0.385	-0.047	1529	9533
-0.918	0.397	-0.053	1505	9539
-0.912	0.402	-0.049	1479	9544
-0.908	0.404	-0.038	1497	9550
-0.905	0.412	-0.034	1515	9556
-0.902	0.410	-0.030	1497	9563
-0.902	0.409	-0.032	1432	9569
-0.902	0.406	-0.038	1480	9574
-0.897	0.407	-0.039	1432	9580
-0.918	0.422	-0.048	1500	9586
-0.917	0.423	-0.058	1551	9592
-0.914	0.430	-0.058	1467	9598
-0.914	0.426	-0.063	1514	9605
-0.917	0.419	-0.059	1502	9610
-0.916	0.415	-0.053	1541	9616
-0.906	0.417	-0.056	1487	9622
-0.905	0.414	-0.060	1466	9628
-0.900	0.422	-0.060	1497	9634
-0.894	0.428	-0.060	1468	9639
-0.885	0.432	-0.059	1549	9646
-0.889	0.429	-0.054	1531	9652
-0.893	0.424	-0.053	1431	9658
-0.896	0.402	-0.046	1456	9664
-0.914	0.386	-0.034	1498	9669
-0.919	0.372	-0.034	1506	9675
-0.922	0.371	-0.024	1468	9681
-0.928	0.372	-0.036	1479	9688
-0.916	0.383	-0.040	1486	9694
-0.906	0.404	-0.034	1494	9699
-0.890	0.406	-0.036	1509	9705
-0.887	0.425	-0.041	1511	9711
-0.882	0.427	-0.050	1510	9717
-0.886	0.430	-0.056	1536	9723
-0.882	0.424	-0.053	1473	9730
-0.894	0.419	-0.053	1465	9735
-0.886	0.413	-0.052	1533	9741
-0.895	0.404	-0.048	1484	9747
-0.897	0.422	-0.050	1454	9753
-0.889	0.419	-0.049	1513	9759
-0.898	0.412	-0.037	1466	9764
-0.890	0.410	-0.041	1481	9771
-0.894	0.410	-0.048	1434	9777
-0.897	0.396	-0.044	1464	9783
-0.913	0.405	-0.049	1464	9789
-0.919	0.413	-0.048	1448	9794
-0.920	0.415	-0.051	1544	9800
-0.924	0.429	-0.056	1455	9806
-0.920	0.434	-0.066	1483	9812
-0.909	0.435	-0.063	1473	9819
-0.900	0.451	-0.055	1487	9824
-0.882	0.459	-0.044	1488	9830
-0.875	0.462	-0.032	1514	9836
-0.873	0.463	-0.036	1498	9842
-0.863	0.463	-0.026	1488	9848
-0.869	0.450	-0.030	1466	9853
-0.877	0.440	-0.022	1501	9860
-0.891	0.426	-0.021	1464	9866
-0.896	0.416	-0.017	1494	9872
-0.903	0.401	-0.015	1434	9878
-0.907	0.385	-0.009	1461	9884
-0.909	0.381	-0.016	1483	9889
-0.911	0.387	-0.016	1538	9895
-0.912	0.410	-0.027	1419	9902
-0.903	0.418	-0.044	1476	9908
-0.894	0.438	-0.061	1534	9914
-0.888	0.472	-0.052	1459	9919
-0.878	0.496	-0.054	1504	9925
-0.872	0.504	-0.051	1402	9931
-0.863	0.515	-0.052	1450	9937
-0.861	0.504	-0.060	1468	9944
-0.856	0.500	-0.066	1500	9949
-0.866	0.471	-0.067	1487	9955
-0.868	0.446	-0.064	1502	9961
-0.876	0.418	-0.058	1513	9967
-0.880	0.395	-0.038	1523	9973
-0.904	0.387	-0.027	1554	9979
-0.907	0.393	-0.031	1464	9985
-0.918	0.403	-0.040	1464	9991
-0.918	0.438	-0.051	1464	9997
-0.921	0.470	-0.054	1455	10003
-0.909	0.492	-0.079	1409	10009
-0.901	0.519	-0.095	1453	10014
-0.898	0.518	-0.098	1442	10020
-0.877	0.522	-0.093	1536	10027
-0.854	0.522	-0.089	1513	10033
-0.818	0.507	-0.068	1526	10039
-0.805	0.507	-0.050	1530	10045
-0.798	0.481	-0.039	1470	10051
-0.809	0.472	-0.022	1474	10056
-0.837	0.451	-0.011	1437	10062
-0.869	0.428	0.007	1459	10068
-0.912	0.433	0.016	1490	10075
-0.948	0.430	0.033	1537	10081
-0.957	0.437	0.020	1463	10087
-0.961	0.436	-0.004	1481	10093
-0.956	0.435	-0.031	1402	10098
-0.924	0.434	-0.053	1504	10104
-0.902	0.426	-0.077	1540	10110
-0.866	0.421	-0.092	1432	10117
-0.849	0.424	-0.104	1468	10123
-0.832	0.435	-0.099	1418	10129
-0.806	0.443	-0.073	1442	10135
-0.802	0.453	-0.064	1469	10140
-0.803	0.460	-0.046	1433	10146
-0.825	0.481	-0.032	1450	10152
-0.853	0.502	-0.005	1466	10159
-0.868	0.524	-0.002	1404	10165
-0.903	0.549	-0.008	1438	10171
-0.922	0.568	-0.024	1497	10177
-0.923	0.566	-0.037	1446	10182
-0.922	0.551	-0.048	1533	10188
-0.911	0.533	-0.054	1498	10194
-0.895	0.503	-0.059	1472	10201
-0.881	0.486	-0.061	1465	10207
-0.857	0.463	-0.063	1502	10213
-0.843	0.444	-0.071	1518	10219
-0.827	0.445	-0.063	1441	10224
-0.809	0.438	-0.048	1472	10230
-0.805	0.436	-0.052	1450	10236
-0.822	0.435	-0.037	1508	10243
-0.845	0.437	-0.025	1492	10249
-0.859	0.446	-0.014	1437	10255
-0.884	0.466	-0.013	1507	10261
-0.902	0.482	-0.016	1400	10266
-0.900	0.496	-0.030	1445	10272
-0.902	0.508	-0.040	1504	10278
-0.881	0.516	-0.040	1444	10285
-0.867	0.519	-0.043	1473	10291
-0.859	0.509	-0.041	1520	10297
-0.852	0.501	-0.032	1447	10303
-0.844	0.490	-0.023	1459	10308
-0.850	0.479	-0.029	1381	10314
-0.854	0.470	-0.038	1484	10320
-0.864	0.470	-0.037	1492	10327
-0.872	0.472	-0.023	1482	10333
-0.882	0.494	-0.024	1402	10339
-0.884	0.520	-0.041	1407	10345
-0.885	0.525	-0.063	1498	10350
-0.877	0.530	-0.101	1467	10356
-0.857	0.548	-0.113	1413	10362
-0.833	0.553	-0.119	1469	10369
-0.800	0.547	-0.110	1531	10375
-0.778	0.546	-0.078	1460	10381
-0.747	0.554	-0.050	1462	10387
-0.742	0.556	-0.022	1411	10392
-0.750	0.550	-0.016	1394	10398
-0.773	0.542	-0.012	1370	10404
-0.794	0.540	-0.011	1412	10411
-0.827	0.502	-0.001	1488	10417
-0.868	0.470	0.008	1408	10423
-0.900	0.439	0.012	1454	10429
-0.917	0.433	0.008	1468	10434
-0.923	0.442	-0.001	1410	10440
-0.921	0.463	-0.018	1477	10446
-0.912	0.497	-0.065	1524	10452
-0.897	0.533	-0.114	1397	10459
-0.874	0.556	-0.142	1412	10465
-0.854	0.586	-0.146	1440	10471
-0.827	0.584	-0.134	1515	10476
-0.800	0.577	-0.104	1467	10482
-0.777	0.581	-0.073	1478	10488
-0.761	0.573	-0.043	1469	10494
-0.759	0.564	-0.025	1439	10501
-0.779	0.574	-0.018	1404	10507
-0.813	0.579	0.000	1374	10513
-0.848	0.596	0.008	1420	10518
-0.877	0.606	-0.007	1485	10524
-0.883	0.607	-0.038	1570	10530
-0.887	0.593	-0.060	1566	10536
-0.870	0.575	-0.073	1462	10543
-0.853	0.509	-0.090	1430	10549
-0.825	0.549	-0.028	1369	10555
-0.795	0.508	-0.046	1370	10560
-0.792	0.497	-0.060	1366	10566
-0.793	0.504	-0.063	1354	10572
-0.790	0.508	-0.072	1432	10578
-0.785	0.508	-0.067	1418	10585
-0.780	0.502	-0.054	1464	10591
-0.785	0.480	-0.031	1456	10597
-0.798	0.472	-0.011	1475	10602
-0.815	0.479	-0.009	1536	10608
-0.838	0.496	-0.012	1490	10614
-0.853	0.546	-0.008	1458	10620
-0.860	0.602	-0.040	1488	10627
-0.864	0.638	-0.074	1490	10633
-0.864	0.652	-0.111	1448	10639
-0.854	0.640	-0.104	1395	10644
-0.814	0.619	-0.079	1377	10650
-0.792	0.592	-0.048	1485	10656
-0.770	0.562	-0.034	1443	10662
-0.760	0.534	-0.029	1396	10669
-0.772	0.510	-0.045	1430	10675
-0.778	0.501	-0.052	1517	10681
-0.781	0.498	-0.035	1511	10686
-0.782	0.503	-0.006	1378	10692
-0.791	0.513	0.007	1456	10698
-0.798	0.534	0.001	1537	10704
-0.828	0.564	-0.012	1425	10711
-0.847	0.598	-0.046	1432	10717
-0.868	0.624	-0.085	1548	10723
-0.861	0.646	-0.109	1502	10728
-0.847	0.645	-0.104	1440	10734
-0.803	0.616	-0.085	1365	10740
-0.781	0.605	-0.056	1396	10746
-0.762	0.567	-0.031	1360	10753
-0.738	0.522	-0.018	1395	10759
-0.727	0.498	0.003	1423	10765
-0.721	0.493	0.016	1468	10770
-0.720	0.511	0.039	1440	10776
-0.735	0.545	0.046	1386	10782
-0.761	0.579	0.033	1461	10788
-0.786	0.622	0.000	1441	10795
-0.823	0.644	-0.061	1366	10801
-0.849	0.654	-0.096	1435	10807
-0.851	0.670	-0.097	1525	10812
-0.847	0.675	-0.086	1464	10818
-0.816	0.667	-0.094	1482	10824
-0.794	0.688	-0.103	1529	10830
-0.768	0.676	-0.117	1545	10836
-0.743	0.662	-0.116	1436	10843
-0.728	0.634	-0.105	1502	10849
-0.719	0.601	-0.089	1473	10854
-0.719	0.570	-0.070	1423	10860
-0.722	0.525	-0.041	1601	10866
-0.738	0.496	-0.017	1591	10872
-0.761	0.493	0.030	1523	10878
-0.782	0.527	0.070	1459	10885
-0.809	0.572	0.065	1375	10891
-0.837	0.613	0.036	1401	10896
-0.850	0.635	-0.003	1443	10902
-0.848	0.652	-0.021	1521	10908
-0.823	0.596	-0.031	1463	10914
-0.785	0.608	0.005	1434	10920
-0.735	0.575	0.011	1432	10927
-0.699	0.564	0.018	1424	10933
-0.681	0.555	0.031	1479	10938
-0.673	0.552	0.039	1510	10944
-0.660	0.582	0.033	1562	10950
-0.673	0.629	0.028	1652	10956
-0.688	0.670	0.011	1690	10962
-0.732	0.737	-0.009	1644	10969
-0.776	0.786	-0.057	1544	10975
-0.802	0.828	-0.092	1573	10980
-0.831	0.833	-0.104	1495	10986
-0.839	0.821	-0.103	1536	10992
-0.811	0.776	-0.097	1564	10998
-0.803	0.761	-0.078	1582	11004
-0.771	0.718	-0.075	1605	11011
-0.737	0.718	-0.018	1560	11017
-0.677	0.670	0.032	1443	11022
-0.639	0.639	0.059	1459	11028
-0.602	0.598	0.058	1516	11034
-0.593	0.557	0.067	1546	11040
-0.593	0.521	0.065	1477	11046
-0.605	0.501	0.050	1444	11053
-0.645	0.497	0.022	1476	11059
-0.693	0.515	-0.018	1480	11064
-0.760	0.538	-0.063	1415	11070
-0.807	0.562	-0.113	1441	11076
-0.872	0.552	-0.126	1483	11082
-0.886	0.534	-0.133	1508	11088
-0.872	0.483	-0.104	1543	11095
-0.797	0.476	-0.042	1556	11101
-0.715	0.489	0.032	1561	11106
-0.660	0.570	0.105	1556	11112
-0.616	0.707	0.155	1551	11118
-0.593	0.772	0.133	1538	11124
-0.612	0.827	0.098	1523	11130
-0.658	0.857	0.073	1521	11137
-0.716	0.893	0.018	1519	11143
-0.816	0.911	-0.044	1518	11148
-0.933	0.929	-0.104	1503	11154
-1.030	0.930	-0.119	1501	11160
-1.100	0.894	-0.105	1516	11166
-1.104	0.804	-0.067	1460	11172
-0.989	0.670	0.006	1473	11179
-0.807	0.569	0.042	1496	11185
-0.588	0.489	0.034	1505	11190
-0.432	0.467	0.044	1499	11196
-0.317	0.420	0.054	1493	11202
-0.271	0.367	0.069	1473	11208
-0.272	0.343	0.094	1454	11214
-0.271	0.378	0.124	1439	11220
-0.301	0.422	0.139	1421	11227
-0.391	0.453	0.168	1405	11232
-0.521	0.509	0.185	1406	11238
-0.679	0.565	0.174	1418	11244
-0.814	0.597	0.103	1430	11250
-0.932	0.560	0.014	1446	11256
-0.906	0.464	0.000	1459	11262
-0.747	0.449	-0.023	1475	11269
-0.546	0.482	-0.023	1491	11274
-0.397	0.532	-0.136	1446	11280
-0.281	0.511	-0.188	1458	11286
-0.189	0.479	-0.198	1507	11292
-0.220	0.385	-0.137	1545	11298
-0.139	0.213	-0.086	1574	11304
-0.097	0.165	0.012	1573	11311
-0.083	0.132	0.104	1557	11316
-0.125	0.128	0.146	1538	11322
-0.196	0.177	0.130	1504	11328
-0.291	0.520	0.031	1447	11334
-0.657	0.745	0.335	1430	11340
-0.667	0.575	0.078	1391	11346
-0.528	0.467	-0.095	1344	11353
-0.425	0.477	-0.338	1317	11358
-0.419	0.593	-0.394	1383	11364
-0.326	0.807	-0.396	1488	11370
-0.268	0.799	-0.343	1560	11376
-0.344	0.980	-0.417	1604	11382
-0.429	0.893	-0.431	1641	11388
-1.090	1.504	-0.449	1664	11395
-1.152	1.999	-0.153	1693	11400
-1.147	1.999	0.054	1675	11406
-0.873	1.999	0.318	1643	11412
-0.851	1.999	0.307	1602	11418
-1.510	1.999	-0.124	1557	11424
-0.243	1.409	1.442	1472	11430
1.348	1.498	1.426	1391	11437
0.585	1.999	0.497	1335	11443
0.308	1.999	0.661	1292	11448
-1.253	1.999	0.685	1256	11454
-0.877	1.999	0.595	1221	11460
-0.856	1.999	0.732	1195	11466
-0.289	1.769	0.540	1170	11472
-0.069	1.136	0.136	1140	11479
0.122	0.924	0.164	1111	11485
0.151	1.067	0.190	1089	11490
-0.019	0.918	0.065	1076	11496
-0.091	0.588	-0.062	1076	11502
-0.007	0.197	-0.209	1094	11508
-0.073	0.357	-0.286	1120	11514
0.080	0.414	-0.297	1145	11521
0.141	0.608	-0.274	1168	11527
0.168	0.645	-0.260	1183	11532
0.214	0.659	-0.214	1192	11538
0.194	0.706	-0.187	1198	11544
0.117	0.720	-0.162	1223	11550
0.062	0.733	-0.142	1282	11556
-0.004	0.759	-0.123	1351	11563
-0.118	0.794	-0.078	1414	11569
-0.185	0.863	-0.058	1482	11574
-0.306	0.895	-0.031	1546	11580
-0.426	0.821	-0.103	1599	11586
-0.593	0.842	-0.101	1652	11592
-0.592	0.799	-0.088	1697	11598
-0.614	0.709	-0.204	1738	11604
-0.527	0.658	-0.137	1776	11611
-0.521	0.649	-0.209	1804	11616
-0.536	0.578	-0.202	1823	11622
-0.563	0.583	-0.181	1843	11628
-0.603	0.607	-0.221	1862	11634
-0.555	0.502	-0.244	1874	11640
-0.558	0.565	-0.200	1879	11646
-0.553	0.569	-0.204	1876	11653
-0.506	0.629	-0.230	1869	11658
-0.527	0.686	-0.243	1863	11664
-0.495	0.727	-0.249	1849	11670
-0.487	0.773	-0.279	1829	11676
-0.467	0.831	-0.292	1806	11682
-0.483	0.876	-0.325	1782	11688
-0.471	0.885	-0.326	1768	11695
-0.516	0.921	-0.325	1759	11700
-0.469	0.909	-0.299	1753	11706
-0.427	0.921	-0.268	1749	11712
-0.360	0.934	-0.233	1742	11718
-0.311	0.969	-0.199	1731	11724
-0.237	0.977	-0.196	1721	11730
-0.262	1.003	-0.182	1707	11737
-0.255	1.054	-0.163	1693	11742
-0.229	1.049	-0.169	1677	11748
-0.247	1.070	-0.166	1667	11754
-0.258	1.109	-0.144	1661	11760
-0.265	1.062	-0.160	1651	11766
-0.241	1.079	-0.153	1641	11772
-0.217	1.059	-0.146	1630	11779
-0.232	1.066	-0.154	1615	11784
-0.241	1.070	-0.138	1602	11790
-0.185	1.025	-0.124	1591	11796
-0.195	1.004	-0.138	1582	11802
-0.187	0.959	-0.162	1576	11808
-0.185	0.962	-0.197	1570	11814
-0.199	0.951	-0.176	1566	11821
-0.201	0.880	-0.227	1562	11826
-0.191	0.839	-0.206	1559	11832
-0.189	0.812	-0.212	1556	11838
-0.213	0.811	-0.208	1552	11844
-0.212	0.814	-0.253	1548	11850
-0.234	0.845	-0.226	1546	11856
-0.256	0.891	-0.187	1543	11863
-0.284	0.889	-0.184	1541	11868
-0.268	0.887	-0.155	1540	11874
-0.268	0.896	-0.105	1540	11880
-0.280	0.889	-0.092	1539	11886
-0.264	0.931	-0.077	1536	11892
-0.256	0.989	-0.069	1532	11898
-0.256	0.992	-0.079	1528	11905
-0.279	1.025	-0.019	1523	11910
-0.295	1.056	0.004	1519	11916
-0.303	1.091	0.021	1515	11922
-0.344	1.098	0.030	1510	11928
-0.329	1.067	0.058	1507	11934
-0.354	1.072	0.052	1504	11940
-0.327	1.180	0.077	1502	11947
-0.424	1.159	0.048	1501	11952
-0.390	1.070	0.086	1500	11958
-0.329	0.985	0.099	1500	11964
-0.308	0.941	0.091	1500	11970
-0.330	0.911	0.090	1500	11976
-0.333	0.958	0.096	1501	11982
-0.334	0.935	0.077	1501	11988
-0.342	0.934	0.079	1501	11994
-0.349	0.973	0.099	1501	12000
-0.329	0.973	0.075	1501	12006
-0.317	0.992	0.072	1500	12012
-0.298	0.982	0.042	1500	12018
-0.286	0.978	0.032	1500	12024
-0.278	0.982	0.022	1499	12030
-0.280	0.974	0.011	1499	12036
-0.274	0.977	0.003	1499	12042
-0.279	0.985	-0.006	1499	12048
-0.279	0.979	-0.009	1499	12054
-0.278	0.978	-0.024	1499	12060
-0.283	0.969	-0.034	1499	12066
-0.280	0.971	-0.028	1499	12071
-0.281	0.957	-0.035	1498	12078
-0.280	0.953	-0.031	1498	12084
-0.290	0.956	-0.028	1497	12090
-0.289	0.960	-0.025	1497	12096
-0.291	0.962	-0.021	1497	12102
-0.286	0.966	-0.029	1497	12108
-0.298	0.976	-0.023	1497	12113
-0.302	0.997	-0.021	1497	12120
-0.290	0.989	-0.013	1497	12126
-0.279	1.005	-0.013	1497	12132
-0.271	1.000	-0.026	1497	12138
-0.276	1.003	-0.025	1496	12144
-0.275	1.007	-0.027	1497	12150
-0.280	1.010	-0.035	1498	12155
-0.300	0.978	-0.031	1498	12162
-0.289	0.964	-0.139	1497	12168
-0.331	0.967	-0.084	1497	12174
-0.298	0.971	-0.043	1496	12180
-0.302	0.990	-0.037	1495	12186
-0.296	0.979	-0.052	1495	12192
-0.287	0.941	-0.061	1494	12197
-0.298	0.954	-0.070	1492	12204
-0.289	0.952	-0.081	1491	12210
-0.280	0.977	-0.087	1491	12216
-0.286	0.956	-0.104	1490	12222
-0.271	0.958	-0.102	1490	12228
-0.279	0.973	-0.102	1489	12234
-0.260	0.958	-0.101	1487	12239
-0.259	0.947	-0.103	1485	12246
-0.241	0.933	-0.094	1481	12252
-0.247	0.935	-0.100	1477	12258
-0.259	0.952	-0.110	1471	12264
-0.273	0.955	-0.123	1468	12270
-0.278	0.956	-0.114	1466	12276
-0.281	0.957	-0.122	1467	12281
-0.285	0.961	-0.119	1469	12288
-0.283	0.967	-0.121	1472	12294
-0.287	0.966	-0.122	1474	12300
-0.283	0.975	-0.125	1476	12306
-0.282	0.975	-0.121	1478	12312
-0.289	0.985	-0.114	1480	12318
-0.291	0.986	-0.113	1482	12324
-0.294	0.987	-0.108	1483	12329
-0.297	0.975	-0.114	1484	12336
-0.286	0.963	-0.124	1483	12342
-0.290	0.957	-0.123	1483	12348
-0.295	0.947	-0.129	1483	12354
-0.303	0.957	-0.135	1483	12360
-0.299	0.956	-0.127	1482	12366
-0.297	0.955	-0.134	1481	12371
-0.305	0.951	-0.146	1481	12378
-0.304	0.944	-0.152	1480	12384
-0.298	0.952	-0.146	1480	12390
-0.296	0.961	-0.148	1480	12396
-0.292	0.956	-0.156	1480	12402
-0.285	0.954	-0.177	1480	12408
-0.284	0.929	-0.182	1481	12413
-0.285	0.919	-0.179	1481	12420
-0.293	0.912	-0.168	1481	12426
-0.289	0.884	-0.164	1480	12432
-0.286	0.896	-0.196	1480	12438
-0.296	0.915	-0.162	1479	12444
-0.284	0.914	-0.180	1478	12450
-0.277	0.919	-0.185	1476	12455
-0.271	0.914	-0.204	1474	12462
-0.279	0.919	-0.214	1469	12468
-0.287	0.907	-0.231	1466	12474
-0.288	0.934	-0.220	1464	12480
-0.302	0.938	-0.214	1462	12486
-0.296	0.923	-0.219	1460	12492
-0.300	0.907	-0.221	1460	12497
-0.293	0.906	-0.211	1460	12504
-0.298	0.897	-0.217	1461	12510
-0.298	0.887	-0.217	1464	12516
-0.307	0.892	-0.216	1468	12522
-0.307	0.893	-0.209	1473	12528
-0.305	0.893	-0.203	1477	12534
-0.305	0.896	-0.199	1481	12539
-0.304	0.896	-0.208	1483	12546
-0.303	0.896	-0.213	1486	12552
-0.293	0.902	-0.208	1489	12558
-0.302	0.912	-0.213	1491	12564
-0.303	0.933	-0.228	1492	12570
-0.300	0.934	-0.235	1494	12576
-0.297	0.935	-0.230	1495	12581
-0.292	0.934	-0.253	1497	12588
-0.294	0.931	-0.251	1499	12594
-0.289	0.920	-0.271	1500	12600
-0.287	0.915	-0.262	1501	12606
-0.298	0.904	-0.263	1502	12612
-0.300	0.895	-0.254	1502	12618
-0.308	0.896	-0.250	1504	12623
-0.309	0.889	-0.233	1505	12630
-0.308	0.893	-0.240	1506	12636
-0.308	0.878	-0.228	1508	12642
-0.301	0.875	-0.243	1509	12648
-0.301	0.874	-0.248	1510	12654
-0.291	0.879	-0.254	1510	12660
-0.285	0.874	-0.268	1510	12665
-0.282	0.877	-0.278	1511	12672
-0.281	0.876	-0.292	1511	12678
-0.283	0.863	-0.297	1512	12684
-0.281	0.866	-0.296	1513	12690
-0.285	0.873	-0.295	1514	12696
-0.291	0.854	-0.295	1516	12702
-0.293	0.855	-0.288	1518	12708
-0.299	0.850	-0.281	1520	12713
-0.306	0.867	-0.284	1522	12720
-0.314	0.867	-0.275	1523	12726
-0.322	0.864	-0.274	1524	12732
-0.315	0.872	-0.271	1525	12738
-0.318	0.880	-0.284	1525	12744
-0.309	0.892	-0.281	1525	12750
-0.298	0.889	-0.292	1525	12755
-0.295	0.894	-0.289	1525	12762
-0.292	0.895	-0.302	1524	12768
-0.291	0.898	-0.299	1524	12774
-0.287	0.893	-0.304	1523	12780
-0.281	0.890	-0.302	1522	12786
-0.279	0.890	-0.297	1521	12792
-0.282	0.889	-0.297	1520	12797
-0.289	0.879	-0.293	1519	12804
-0.297	0.887	-0.288	1519	12810
-0.298	0.885	-0.282	1518	12816
-0.310	0.877	-0.275	1517	12822
-0.311	0.875	-0.267	1516	12828
-0.315	0.874	-0.265	1515	12834
-0.317	0.873	-0.257	1514	12839
-0.320	0.870	-0.251	1512	12846
-0.305	0.876	-0.264	1511	12852
-0.294	0.878	-0.274	1510	12858
-0.294	0.888	-0.272	1509	12864
-0.290	0.900	-0.274	1508	12870
-0.288	0.908	-0.284	1508	12876
-0.283	0.916	-0.280	1506	12881
-0.284	0.914	-0.276	1505	12888
-0.290	0.925	-0.279	1505	12894
-0.289	0.916	-0.272	1504	12900
-0.295	0.916	-0.270	1503	12906
-0.306	0.916	-0.253	1502	12912
-0.312	0.918	-0.246	1502	12918
-0.314	0.913	-0.251	1501	12924
-0.318	0.920	-0.243	1500	12930
-0.321	0.922	-0.250	1500	12936
-0.315	0.921	-0.239	1499	12942
-0.317	0.928	-0.247	1498	12948
-0.299	0.927	-0.246	1497	12954
-0.300	0.927	-0.253	1497	12960
-0.294	0.928	-0.255	1496	12966
-0.292	0.925	-0.253	1496	12972
-0.291	0.922	-0.252	1496	12978
-0.294	0.909	-0.248	1495	12984
-0.289	0.906	-0.247	1495	12990
-0.293	0.908	-0.246	1494	12996
-0.302	0.906	-0.240	1494	13002
-0.308	0.910	-0.243	1494	13008
-0.311	0.901	-0.236	1494	13014
-0.319	0.902	-0.242	1494	13020
-0.323	0.899	-0.249	1494	13026
-0.318	0.912	-0.236	1494	13032
-0.324	0.907	-0.241	1494	13038
-0.317	0.916	-0.243	1495	13044
-0.318	0.934	-0.242	1494	13050
-0.310	0.947	-0.240	1494	13056
-0.306	0.960	-0.247	1494	13062
-0.300	0.970	-0.245	1494	13068
-0.300	0.979	-0.241	1493	13074
-0.314	0.989	-0.232	1493	13080
-0.314	0.996	-0.228	1492	13086
-0.326	0.993	-0.224	1492	13092
-0.322	0.980	-0.218	1491	13097
-0.320	0.969	-0.220	1484	13104
-0.318	0.967	-0.213	1485	13110
-0.309	0.951	-0.207	1482	13116
-0.300	0.919	-0.209	1476	13122
-0.304	0.926	-0.221	1482	13128
-0.315	0.926	-0.217	1487	13134
-0.320	0.923	-0.211	1488	13139
-0.319	0.926	-0.202	1489	13146
-0.317	0.917	-0.209	1491	13152
-0.303	0.922	-0.210	1487	13158
-0.287	0.913	-0.215	1491	13164
-0.281	0.907	-0.229	1493	13170
-0.282	0.911	-0.235	1496	13176
-0.282	0.921	-0.243	1497	13181
-0.283	0.925	-0.265	1483	13188
-0.284	0.928	-0.273	1471	13194
-0.287	0.957	-0.252	1465	13200
-0.282	0.968	-0.279	1468	13206
-0.297	0.960	-0.280	1472	13212
-0.299	0.966	-0.289	1469	13218
-0.315	0.968	-0.284	1475	13223
-0.309	0.958	-0.296	1477	13230
-0.308	0.951	-0.294	1483	13236
-0.303	0.915	-0.320	1487	13242
-0.306	0.893	-0.305	1489	13248
-0.312	0.896	-0.327	1492	13254
-0.317	0.876	-0.345	1494	13260
-0.291	0.858	-0.353	1496	13265
-0.285	0.841	-0.344	1495	13272
-0.257	0.806	-0.364	1491	13278
-0.272	0.784	-0.366	1490	13284
-0.290	0.757	-0.376	1486	13290
-0.286	0.766	-0.391	1486	13296
-0.300	0.763	-0.387	1486	13302
-0.306	0.784	-0.377	1487	13308
-0.312	0.809	-0.369	1489	13314
-0.317	0.836	-0.363	1481	13320
-0.315	0.855	-0.362	1487	13326
-0.316	0.868	-0.354	1498	13332
-0.323	0.883	-0.364	1500	13338
-0.343	0.899	-0.358	1510	13344
-0.337	0.907	-0.361	1517	13350
-0.332	0.902	-0.361	1521	13356
-0.318	0.905	-0.363	1528	13362
-0.297	0.892	-0.359	1532	13368
-0.294	0.876	-0.375	1533	13374
-0.277	0.865	-0.377	1531	13380
-0.262	0.853	-0.366	1531	13386
-0.257	0.842	-0.377	1531	13392
-0.256	0.826	-0.369	1531	13398
-0.252	0.821	-0.384	1529	13404
-0.250	0.817	-0.383	1528	13410
-0.253	0.814	-0.388	1522	13416
-0.261	0.816	-0.386	1522	13422
-0.270	0.819	-0.391	1519	13428
-0.286	0.831	-0.386	1510	13434
-0.300	0.840	-0.382	1519	13441
-0.310	0.855	-0.374	1518	13446
-0.323	0.867	-0.371	1522	13452
-0.321	0.875	-0.371	1527	13458
-0.302	0.883	-0.367	1533	13464
-0.282	0.880	-0.373	1536	13470
-0.265	0.877	-0.366	1537	13476
-0.256	0.893	-0.372	1537	13483
-0.257	0.887	-0.356	1539	13488
-0.264	0.877	-0.357	1539	13494
-0.274	0.864	-0.352	1540	13500
-0.288	0.873	-0.351	1540	13506
-0.301	0.860	-0.343	1539	13512
-0.316	0.857	-0.341	1541	13518
-0.321	0.839	-0.330	1542	13524
-0.328	0.836	-0.331	1541	13530
-0.326	0.839	-0.340	1542	13536
-0.323	0.854	-0.337	1538	13542
-0.315	0.845	-0.340	1535	13548
-0.312	0.854	-0.344	1538	13554
-0.302	0.857	-0.353	1541	13560
-0.312	0.870	-0.361	1542	13566
-0.320	0.870	-0.359	1542	13572
-0.328	0.877	-0.368	1538	13578
-0.341	0.885	-0.356	1533	13584
-0.340	0.894	-0.363	1534	13590
-0.338	0.884	-0.357	1536	13596
-0.332	0.890	-0.350	1538	13602
-0.335	0.893	-0.351	1538	13608
-0.325	0.888	-0.359	1537	13615
-0.314	0.871	-0.356	1539	13620
-0.311	0.868	-0.354	1538	13626
-0.310	0.856	-0.354	1538	13632
-0.308	0.844	-0.355	1538	13638
-0.299	0.828	-0.350	1538	13644
-0.297	0.827	-0.339	1537	13650
-0.298	0.825	-0.345	1535	13657
-0.304	0.817	-0.343	1534	13662
-0.310	0.827	-0.343	1531	13668
-0.330	0.828	-0.343	1531	13674
-0.357	0.847	-0.334	1532	13680
-0.383	0.883	-0.343	1531	13686
-0.385	0.894	-0.333	1532	13692
-0.389	0.904	-0.324	1532	13699
-0.377	0.903	-0.312	1531	13705
-0.358	0.905	-0.311	1531	13710
-0.343	0.899	-0.315	1529	13716
-0.319	0.898	-0.312	1525	13722
-0.305	0.892	-0.305	1526	13728
-0.300	0.883	-0.303	1524	13734
-0.296	0.878	-0.300	1524	13741
-0.297	0.879	-0.305	1522	13747
-0.308	0.877	-0.308	1520	13752
-0.317	0.889	-0.315	1518	13758
-0.321	0.891	-0.313	1515	13764
-0.321	0.904	-0.328	1514	13770
-0.335	0.924	-0.333	1514	13776
-0.333	0.927	-0.339	1513	13783
-0.316	0.931	-0.338	1511	13789
-0.297	0.931	-0.338	1510	13794
-0.289	0.922	-0.343	1514	13800
-0.289	0.942	-0.341	1516	13806
-0.291	0.952	-0.331	1515	13812
-0.302	0.962	-0.323	1510	13818
-0.317	0.950	-0.316	1508	13825
-0.312	0.948	-0.303	1507	13831
-0.322	0.930	-0.304	1511	13836
-0.336	0.920	-0.302	1515	13842
-0.341	0.938	-0.297	1518	13848
-0.346	0.939	-0.304	1516	13854
-0.348	0.954	-0.296	1508	13860
-0.354	0.965	-0.293	1511	13867
-0.359	0.974	-0.280	1514	13873
-0.361	0.983	-0.270	1517	13879
-0.363	0.998	-0.237	1517	13884
-0.359	0.973	-0.235	1511	13890
-0.357	0.966	-0.238	1507	13896
-0.347	0.964	-0.244	1511	13902
-0.344	0.961	-0.229	1516	13908
-0.333	0.967	-0.241	1523	13915
-0.330	0.951	-0.247	1524	13921
-0.333	0.940	-0.256	1521	13926
-0.344	0.945	-0.272	1517	13932
-0.361	0.926	-0.297	1514	13938
-0.353	0.927	-0.287	1512	13944
-0.391	0.939	-0.279	1509	13950
-0.413	0.971	-0.274	1514	13957
-0.426	0.967	-0.274	1510	13963
-0.438	0.980	-0.258	1512	13968
-0.446	0.963	-0.259	1517	13974
-0.458	0.948	-0.248	1516	13980
-0.460	0.918	-0.257	1507	13986
-0.467	0.937	-0.220	1501	13992
-0.466	0.949	-0.237	1504	13999
-0.457	0.934	-0.229	1507	14005
-0.435	0.922	-0.231	1510	14011
-0.430	0.927	-0.233	1511	14016
-0.416	0.914	-0.232	1506	14022
-0.409	0.901	-0.229	1502	14028
-0.414	0.905	-0.224	1502	14034
-0.419	0.894	-0.216	1504	14041
-0.423	0.872	-0.198	1501	14047
-0.423	0.856	-0.179	1503	14053
-0.422	0.825	-0.150	1508	14058
-0.412	0.800	-0.126	1502	14064
-0.417	0.763	-0.116	1495	14070
-0.421	0.746	-0.109	1498	14076
-0.425	0.740	-0.123	1499	14083
-0.431	0.744	-0.143	1490	14089
-0.430	0.770	-0.172	1472	14095
-0.450	0.779	-0.187	1467	14100
-0.459	0.815	-0.209	1467	14106
-0.488	0.820	-0.221	1458	14112
-0.496	0.886	-0.218	1453	14118
-0.518	0.908	-0.220	1455	14125
-0.522	0.929	-0.218	1456	14131
-0.551	0.974	-0.215	1459	14137
-0.556	0.992	-0.222	1461	14142
-0.549	1.008	-0.223	1457	14148
-0.541	0.987	-0.223	1453	14154
-0.537	0.977	-0.231	1449	14160
-0.521	0.996	-0.217	1447	14167
-0.521	0.975	-0.206	1442	14173
-0.507	0.963	-0.206	1441	14179
-0.502	0.922	-0.200	1449	14184
-0.504	0.926	-0.184	1452	14190
-0.501	0.890	-0.199	1446	14196
-0.508	0.889	-0.193	1453	14202
-0.523	0.857	-0.188	1455	14209
-0.549	0.828	-0.171	1454	14215
-0.570	0.818	-0.164	1461	14221
-0.581	0.813	-0.124	1469	14227
-0.604	0.829	-0.107	1471	14232
-0.599	0.818	-0.107	1473	14238
-0.587	0.785	-0.106	1472	14244
-0.576	0.816	-0.111	1474	14251
-0.573	0.814	-0.146	1481	14257
-0.557	0.837	-0.161	1485	14263
-0.563	0.837	-0.190	1484	14269
-0.529	0.851	-0.195	1481	14274
-0.538	0.835	-0.190	1481	14280
-0.540	0.808	-0.169	1472	14286
-0.568	0.782	-0.165	1471	14292
-0.571	0.748	-0.165	1478	14299
-0.585	0.758	-0.174	1488	14305
-0.606	0.736	-0.165	1494	14311
-0.638	0.750	-0.149	1493	14316
-0.667	0.752	-0.125	1489	14322
-0.680	0.745	-0.131	1491	14328
-0.668	0.763	-0.135	1495	14334
-0.651	0.764	-0.138	1500	14341
-0.635	0.789	-0.162	1501	14347
-0.595	0.813	-0.183	1500	14353
-0.594	0.818	-0.189	1506	14359
-0.578	0.818	-0.206	1510	14364
-0.553	0.758	-0.200	1505	14370
-0.552	0.785	-0.176	1507	14376
-0.530	0.762	-0.161	1505	14383
-0.539	0.722	-0.164	1499	14389
-0.539	0.705	-0.170	1500	14395
-0.543	0.679	-0.173	1499	14401
-0.575	0.665	-0.161	1496	14406
-0.594	0.673	-0.158	1502	14412
-0.605	0.647	-0.151	1513	14418
-0.624	0.670	-0.144	1516	14425
-0.644	0.676	-0.157	1514	14431
-0.658	0.680	-0.159	1511	14437
-0.661	0.686	-0.154	1509	14443
-0.652	0.687	-0.143	1507	14448
-0.641	0.712	-0.140	1513	14454
-0.628	0.714	-0.145	1521	14460
-0.612	0.706	-0.149	1521	14467
-0.614	0.687	-0.154	1521	14473
-0.620	0.709	-0.156	1513	14479
-0.643	0.715	-0.136	1517	14485
-0.641	0.724	-0.141	1521	14491
-0.661	0.731	-0.128	1527	14496
-0.682	0.735	-0.131	1541	14502
-0.699	0.726	-0.141	1547	14509
-0.727	0.718	-0.136	1560	14515
-0.735	0.707	-0.121	1568	14521
-0.734	0.699	-0.089	1574	14527
-0.727	0.679	-0.073	1580	14533
-0.716	0.668	-0.070	1583	14538
-0.709	0.660	-0.082	1588	14544
-0.691	0.650	-0.092	1594	14551
-0.671	0.646	-0.104	1597	14557
-0.663	0.605	-0.123	1599	14563
-0.658	0.650	-0.117	1598	14569
-0.660	0.648	-0.130	1591	14575
-0.681	0.653	-0.125	1585	14580
-0.682	0.653	-0.122	1586	14586
-0.692	0.687	-0.117	1582	14593
-0.711	0.688	-0.115	1574	14599
-0.723	0.678	-0.111	1572	14605
-0.730	0.658	-0.126	1571	14611
-0.728	0.655	-0.115	1569	14617
-0.731	0.649	-0.113	1567	14623
-0.727	0.643	-0.108	1562	14628
-0.735	0.650	-0.118	1558	14635
-0.738	0.647	-0.119	1558	14641
-0.753	0.654	-0.123	1562	14647
-0.762	0.669	-0.117	1563	14653
-0.784	0.662	-0.134	1562	14659
-0.795	0.670	-0.129	1563	14665
-0.805	0.673	-0.133	1564	14670
-0.798	0.659	-0.140	1559	14676
-0.795	0.637	-0.145	1553	14683
-0.777	0.636	-0.144	1545	14689
-0.787	0.648	-0.146	1537	14695
-0.762	0.633	-0.156	1526	14701
-0.760	0.601	-0.185	1517	14707
-0.748	0.608	-0.202	1511	14713
-0.752	0.623	-0.207	1508	14718
-0.750	0.601	-0.208	1510	14725
-0.757	0.610	-0.209	1502	14731
-0.772	0.601	-0.219	1499	14737
-0.757	0.631	-0.231	1497	14743
-0.785	0.638	-0.243	1498	14749
-0.781	0.636	-0.220	1493	14755
-0.796	0.655	-0.210	1490	14760
-0.812	0.639	-0.209	1488	14767
-0.808	0.634	-0.212	1485	14773
-0.791	0.606	-0.198	1481	14779
-0.786	0.604	-0.189	1478	14785
-0.774	0.576	-0.181	1475	14791
-0.745	0.539	-0.197	1477	14797
-0.742	0.513	-0.196	1480	14802
-0.741	0.501	-0.191	1480	14809
-0.735	0.484	-0.213	1481	14815
-0.736	0.487	-0.219	1483	14821
-0.743	0.485	-0.233	1486	14827
-0.762	0.474	-0.236	1490	14833
-0.792	0.483	-0.239	1496	14839
-0.831	0.459	-0.226	1499	14844
-0.853	0.457	-0.225	1501	14851
-0.893	0.464	-0.202	1503	14857
-0.905	0.455	-0.189	1504	14863
-0.926	0.467	-0.179	1505	14869
-0.915	0.474	-0.171	1506	14875
-0.920	0.490	-0.167	1506	14881
-0.888	0.485	-0.166	1505	14886
-0.873	0.474	-0.162	