-0.986	-0.137	-0.027	1500	21
-0.986	-0.140	-0.023	1502	27
-0.987	-0.137	-0.024	1503	33
-0.990	-0.138	-0.031	1503	38
-0.988	-0.137	-0.035	1502	45
-0.986	-0.134	-0.033	1501	51
-0.986	-0.127	-0.025	1499	56
-0.989	-0.135	-0.028	1500	62
-0.988	-0.127	-0.029	1500	68
-0.986	-0.133	-0.027	1499	74
-0.987	-0.130	-0.029	1498	79
-0.985	-0.129	-0.031	1499	86
-0.987	-0.137	-0.032	1501	92
-0.987	-0.134	-0.033	1501	97
-0.989	-0.137	-0.030	1501	103
-0.993	-0.140	-0.027	1501	109
-0.990	-0.134	-0.032	1501	115
-0.979	-0.141	-0.035	1501	120
-0.979	-0.143	-0.029	1500	126
-0.983	-0.149	-0.031	1500	133
-0.987	-0.148	-0.030	1499	139
-0.982	-0.150	-0.024	1500	144
-0.989	-0.144	-0.029	1501	150
-0.988	-0.143	-0.022	1501	156
-0.980	-0.145	-0.037	1500	162
-0.982	-0.140	-0.032	1501	167
-0.989	-0.134	-0.034	1500	174
-0.992	-0.132	-0.035	1500	180
-0.988	-0.129	-0.033	1499	186
-0.987	-0.130	-0.031	1498	191
-0.993	-0.129	-0.034	1499	197
-0.989	-0.130	-0.033	1499	203
-0.984	-0.132	-0.040	1498	209
-0.982	-0.130	-0.035	1498	215
-0.984	-0.130	-0.032	1499	221
-0.992	-0.134	-0.023	1499	227
-0.984	-0.139	-0.029	1500	233
-0.992	-0.142	-0.035	1500	238
-0.987	-0.135	-0.025	1501	244
-0.984	-0.143	-0.030	1501	250
-0.987	-0.148	-0.029	1502	257
-0.988	-0.154	-0.021	1501	263
-0.985	-0.157	-0.019	1500	268
-0.985	-0.155	-0.019	1500	274
-0.995	-0.152	-0.024	1499	280
-0.990	-0.146	-0.028	1499	286
-0.993	-0.147	-0.025	1500	291
-0.988	-0.143	-0.022	1500	297
-0.984	-0.140	-0.031	1499	304
-0.980	-0.138	-0.026	1497	310
-0.980	-0.134	-0.033	1496	315
-0.980	-0.137	-0.023	1496	321
-0.987	-0.139	-0.025	1498	327
-0.990	-0.139	-0.036	1499	333
-0.980	-0.144	-0.033	1500	338
-0.991	-0.140	-0.034	1500	345
-0.991	-0.138	-0.024	1500	351
-0.984	-0.140	-0.028	1499	357
-0.986	-0.137	-0.026	1499	362
-0.987	-0.141	-0.021	1499	368
-0.992	-0.138	-0.022	1499	374
-0.983	-0.136	-0.028	1499	380
-0.988	-0.137	-0.030	1499	386
-0.980	-0.129	-0.032	1500	392
-0.982	-0.138	-0.033	1500	398
-0.987	-0.135	-0.024	1501	404
-0.990	-0.136	-0.030	1501	409
-0.988	-0.137	-0.026	1500	415
-0.995	-0.137	-0.028	1499	421
-0.987	-0.138	-0.030	1498	428
-0.988	-0.134	-0.031	1498	434
-0.987	-0.149	-0.032	1498	439
-0.987	-0.139	-0.031	1498	445
-0.986	-0.150	-0.035	1498	451
-0.983	-0.140	-0.025	1499	457
-0.981	-0.149	-0.030	1498	462
-0.979	-0.137	-0.032	1498	468
-0.980	-0.148	-0.021	1499	475
-0.983	-0.140	-0.031	1499	481
-0.983	-0.137	-0.028	1499	486
-0.991	-0.137	-0.023	1499	492
-0.991	-0.137	-0.029	1500	498
-0.988	-0.143	-0.038	1500	504
-0.985	-0.139	-0.031	1499	509
-0.984	-0.135	-0.030	1499	516
-0.984	-0.135	-0.027	1499	522
-0.987	-0.130	-0.035	1500	528
-0.986	-0.134	-0.031	1501	533
-0.985	-0.135	-0.030	1500	539
-0.985	-0.138	-0.031	1500	545
-0.981	-0.138	-0.024	1499	551
-0.983	-0.142	-0.031	1499	557
-0.979	-0.141	-0.024	1499	563
-0.979	-0.142	-0.028	1499	569
-0.981	-0.142	-0.033	1499	575
-0.982	-0.137	-0.024	1498	581
-0.994	-0.146	-0.024	1499	586
-0.991	-0.146	-0.025	1500	592
-0.984	-0.149	-0.025	1501	599
-0.996	-0.140	-0.031	1501	605
-0.988	-0.142	-0.034	1501	610
-0.989	-0.144	-0.030	1501	616
-0.989	-0.141	-0.036	1501	622
-0.982	-0.137	-0.038	1502	628
-0.985	-0.138	-0.034	1502	633
-0.979	-0.137	-0.030	1502	640
-0.989	-0.140	-0.034	1502	646
-0.986	-0.138	-0.031	1502	652
-0.987	-0.136	-0.021	1501	657
-0.982	-0.147	-0.031	1500	663
-0.985	-0.146	-0.021	1499	669
-0.996	-0.152	-0.020	1500	675
-0.991	-0.139	-0.034	1501	680
-0.992	-0.141	-0.035	1502	687
-0.990	-0.149	-0.030	1502	693
-0.980	-0.146	-0.028	1502	699
-0.985	-0.140	-0.032	1503	705
-0.983	-0.144	-0.032	1503	710
-0.985	-0.137	-0.037	1503	716
-0.989	-0.144	-0.033	1502	722
-0.987	-0.145	-0.030	1503	729
-0.991	-0.138	-0.035	1502	734
-0.992	-0.131	-0.037	1500	740
-0.989	-0.133	-0.030	1501	746
-0.986	-0.133	-0.038	1501	752
-0.988	-0.130	-0.035	1502	757
-0.986	-0.131	-0.035	1502	763
-0.983	-0.138	-0.031	1501	770
-0.992	-0.140	-0.026	1501	776
-0.987	-0.142	-0.028	1501	781
-0.986	-0.144	-0.025	1502	787
-0.986	-0.139	-0.031	1502	793
-0.993	-0.146	-0.028	1502	799
-0.990	-0.149	-0.029	1502	804
-0.986	-0.139	-0.023	1502	811
-0.990	-0.137	-0.026	1502	817
-0.981	-0.139	-0.031	1502	823
-0.983	-0.139	-0.033	1502	829
-0.989	-0.140	-0.020	1501	834
-0.988	-0.144	-0.024	1501	840
-0.987	-0.143	-0.030	1501	846
-0.983	-0.139	-0.023	1500	852
-0.981	-0.131	-0.032	1500	858
-0.980	-0.131	-0.035	1502	864
-0.989	-0.135	-0.035	1504	870
-0.986	-0.135	-0.035	1504	876
-0.994	-0.141	-0.033	1504	881
-0.989	-0.138	-0.032	1505	887
-0.989	-0.142	-0.029	1505	893
-0.986	-0.137	-0.024	1504	900
-0.980	-0.135	-0.032	1504	905
-0.984	-0.142	-0.028	1504	911
-0.987	-0.140	-0.032	1503	917
-0.988	-0.146	-0.030	1502	923
-0.983	-0.146	-0.021	1500	928
-0.985	-0.140	-0.026	1500	934
-0.988	-0.140	-0.030	1500	941
-0.984	-0.142	-0.029	1501	947
-0.986	-0.132	-0.033	1501	952
-0.984	-0.130	-0.033	1500	958
-0.984	-0.129	-0.031	1500	964
-0.979	-0.134	-0.039	1500	970
-0.986	-0.135	-0.042	1499	975
-0.988	-0.131	-0.037	1499	982
-0.980	-0.141	-0.039	1499	988
-0.981	-0.134	-0.036	1500	994
-0.991	-0.137	-0.031	1499	999
-0.979	-0.138	-0.035	1497	1005
-0.982	-0.139	-0.025	1497	1011
-0.989	-0.138	-0.037	1498	1017
-0.991	-0.136	-0.034	1499	1024
-0.993	-0.139	-0.028	1500	1030
-0.988	-0.139	-0.033	1501	1035
-0.997	-0.137	-0.034	1502	1041
-0.992	-0.138	-0.029	1502	1047
-0.994	-0.145	-0.020	1501	1053
-0.999	-0.137	-0.025	1499	1059
-0.997	-0.142	-0.021	1500	1064
-1.003	-0.141	-0.014	1500	1071
-0.993	-0.144	-0.021	1499	1077
-0.979	-0.153	-0.022	1500	1083
-0.977	-0.144	-0.022	1500	1089
-0.970	-0.147	-0.023	1499	1094
-0.972	-0.160	-0.020	1499	1100
-0.972	-0.155	-0.021	1499	1106
-0.973	-0.152	-0.021	1499	1113
-0.979	-0.158	-0.020	1500	1119
-0.983	-0.156	-0.026	1500	1125
-0.988	-0.152	-0.029	1499	1130
-0.988	-0.141	-0.031	1499	1136
-0.990	-0.144	-0.023	1500	1142
-0.991	-0.139	-0.029	1501	1148
-0.996	-0.136	-0.024	1499	1155
-0.998	-0.136	-0.029	1500	1160
-0.996	-0.134	-0.018	1502	1166
-0.998	-0.140	-0.031	1503	1172
-0.987	-0.144	-0.028	1503	1178
-0.984	-0.147	-0.020	1502	1184
-0.982	-0.149	-0.022	1503	1189
-0.980	-0.146	-0.021	1503	1196
-0.979	-0.152	-0.016	1503	1202
-0.980	-0.149	-0.018	1504	1208
-0.983	-0.159	-0.018	1504	1214
-0.987	-0.161	-0.020	1504	1219
-0.996	-0.148	-0.024	1503	1225
-0.988	-0.154	-0.021	1504	1231
-0.989	-0.161	-0.023	1505	1238
-0.989	-0.151	-0.028	1506	1244
-0.982	-0.146	-0.022	1505	1249
-0.984	-0.146	-0.022	1503	1255
-0.985	-0.146	-0.026	1503	1261
-0.983	-0.135	-0.029	1502	1267
-0.987	-0.129	-0.031	1501	1273
-0.981	-0.140	-0.034	1500	1280
-0.982	-0.129	-0.034	1501	1285
-0.979	-0.143	-0.037	1502	1291
-0.981	-0.143	-0.039	1501	1297
-0.983	-0.141	-0.036	1500	1303
-0.987	-0.137	-0.036	1500	1309
-0.985	-0.136	-0.027	1501	1314
-0.994	-0.127	-0.034	1502	1320
-0.995	-0.133	-0.040	1502	1327
-0.991	-0.136	-0.035	1502	1333
-0.993	-0.128	-0.039	1503	1339
-0.987	-0.127	-0.034	1503	1344
-0.979	-0.126	-0.033	1503	1350
-0.976	-0.131	-0.036	1501	1356
-0.977	-0.142	-0.037	1501	1362
-0.978	-0.152	-0.034	1500	1369
-0.989	-0.152	-0.040	1500	1375
-0.990	-0.161	-0.035	1499	1380
-0.992	-0.155	-0.031	1497	1386
-0.992	-0.157	-0.031	1500	1392
-0.992	-0.164	-0.029	1500	1398
-0.988	-0.157	-0.024	1499	1404
-0.989	-0.154	-0.031	1497	1410
-0.990	-0.150	-0.031	1498	1416
-0.983	-0.166	-0.027	1500	1422
-0.977	-0.163	-0.024	1500	1428
-0.975	-0.156	-0.020	1499	1434
-0.981	-0.150	-0.029	1498	1439
-0.986	-0.158	-0.024	1498	1445
-0.987	-0.159	-0.015	1499	1452
-0.999	-0.172	-0.017	1498	1458
-0.991	-0.161	-0.012	1499	1464
-0.982	-0.170	-0.014	1500	1469
-0.987	-0.169	-0.021	1500	1475
-0.981	-0.173	-0.020	1499	1481
-0.984	-0.170	-0.014	1499	1487
-0.989	-0.172	-0.021	1497	1494
-0.983	-0.160	-0.019	1496	1500
-0.983	-0.153	-0.017	1495	1505
-0.987	-0.154	-0.021	1496	1511
-0.984	-0.155	-0.016	1496	1517
-0.979	-0.137	-0.019	1496	1523
-0.982	-0.132	-0.023	1497	1529
-0.984	-0.120	-0.018	1496	1534
-0.983	-0.126	-0.020	1497	1541
-0.991	-0.125	-0.023	1497	1547
-0.993	-0.126	-0.022	1498	1553
-0.995	-0.130	-0.020	1499	1559
-0.991	-0.135	-0.017	1498	1564
-0.986	-0.133	-0.016	1499	1570
-0.987	-0.132	-0.018	1499	1576
-0.978	-0.139	-0.016	1499	1583
-0.969	-0.140	-0.026	1500	1589
-0.972	-0.152	-0.027	1500	1595
-0.981	-0.155	-0.027	1500	1600
-0.990	-0.153	-0.027	1500	1606
-0.992	-0.149	-0.024	1501	1612
-0.997	-0.149	-0.029	1502	1618
-1.003	-0.143	-0.031	1501	1625
-0.998	-0.133	-0.029	1501	1630
-0.993	-0.125	-0.034	1502	1636
-0.995	-0.117	-0.035	1503	1642
-0.989	-0.120	-0.037	1504	1648
-0.992	-0.112	-0.027	1503	1654
-0.987	-0.121	-0.030	1501	1659
-0.983	-0.126	-0.027	1501	1666
-0.995	-0.133	-0.028	1502	1672
-0.983	-0.133	-0.023	1502	1678
-0.985	-0.137	-0.026	1502	1684
-0.982	-0.137	-0.029	1503	1689
-0.983	-0.139	-0.030	1502	1695
-0.984	-0.140	-0.028	1502	1701
-0.989	-0.139	-0.033	1502	1708
-0.987	-0.134	-0.034	1502	1714
-0.990	-0.136	-0.031	1502	1720
-0.998	-0.132	-0.029	1502	1725
-0.990	-0.126	-0.034	1501	1731
-0.987	-0.128	-0.033	1501	1737
-0.995	-0.120	-0.032	1502	1743
-0.988	-0.121	-0.027	1505	1750
-0.987	-0.117	-0.035	1505	1755
-0.979	-0.126	-0.039	1506	1761
-0.982	-0.125	-0.033	1507	1767
-0.979	-0.126	-0.029	1506	1773
-0.979	-0.133	-0.027	1504	1779
-0.979	-0.137	-0.030	1502	1784
-0.989	-0.133	-0.027	1502	1790
-0.996	-0.133	-0.024	1503	1797
-0.995	-0.136	-0.024	1503	1803
-1.001	-0.136	-0.021	1502	1809
-0.995	-0.135	-0.034	1502	1814
-0.997	-0.137	-0.025	1501	1820
-0.996	-0.140	-0.030	1499	1826
-0.988	-0.131	-0.026	1501	1832
-0.982	-0.135	-0.029	1502	1839
-0.987	-0.133	-0.029	1503	1845
-0.980	-0.137	-0.036	1503	1850
-0.979	-0.143	-0.031	1503	1856
-0.983	-0.149	-0.031	1501	1862
-0.990	-0.149	-0.027	1500	1868
-0.989	-0.146	-0.032	1498	1874
-0.989	-0.143	-0.035	1497	1880
-0.996	-0.140	-0.032	1494	1886
-0.994	-0.139	-0.026	1492	1892
-0.991	-0.136	-0.029	1490	1898
-0.996	-0.131	-0.031	1489	1904
-0.993	-0.118	-0.032	1488	1909
-0.988	-0.116	-0.042	1487	1915
-0.987	-0.109	-0.039	1487	1922
-0.988	-0.102	-0.043	1487	1928
-0.984	-0.095	-0.042	1486	1934
-0.980	-0.094	-0.035	1485	1939
-0.983	-0.094	-0.035	1485	1945
-0.983	-0.091	-0.040	1487	1951
-0.983	-0.093	-0.039	1487	1957
-0.979	-0.089	-0.044	1488	1964
-0.994	-0.083	-0.032	1491	1970
-0.991	-0.087	-0.038	1493	1975
-0.992	-0.096	-0.042	1497	1981
-0.996	-0.097	-0.030	1500	1987
-0.995	-0.105	-0.035	1502	1993
-0.999	-0.104	-0.034	1504	1999
-0.999	-0.109	-0.039	1504	2004
-0.987	-0.113	-0.037	1506	2011
-0.989	-0.121	-0.043	1507	2017
-0.987	-0.125	-0.039	1506	2023
-0.987	-0.134	-0.042	1504	2029
-0.985	-0.136	-0.043	1505	2034
-0.995	-0.137	-0.036	1501	2040
-1.001	-0.134	-0.038	1497	2046
-0.996	-0.125	-0.041	1493	2053
-0.999	-0.124	-0.041	1488	2059
-0.997	-0.107	-0.033	1488	2064
-0.997	-0.104	-0.036	1488	2070
-1.001	-0.099	-0.032	1485	2076
-0.993	-0.101	-0.034	1486	2082
-0.988	-0.101	-0.032	1483	2088
-0.988	-0.098	-0.041	1480	2094
-0.979	-0.096	-0.038	1477	2100
-0.978	-0.093	-0.039	1477	2106
-0.973	-0.095	-0.043	1475	2112
-0.977	-0.097	-0.043	1474	2118
-0.980	-0.096	-0.042	1474	2123
-0.979	-0.105	-0.042	1473	2129
-0.987	-0.109	-0.042	1473	2136
-0.988	-0.121	-0.039	1472	2142
-0.992	-0.128	-0.043	1472	2148
-0.992	-0.129	-0.040	1471	2154
-0.986	-0.121	-0.040	1470	2159
-0.985	-0.116	-0.047	1469	2165
-0.986	-0.106	-0.041	1469	2171
-0.982	-0.105	-0.040	1469	2178
-0.994	-0.092	-0.037	1468	2184
-0.994	-0.095	-0.039	1469	2189
-0.996	-0.098	-0.041	1469	2195
-1.001	-0.094	-0.038	1471	2201
-0.996	-0.097	-0.035	1469	2207
-0.996	-0.098	-0.037	1466	2213
-0.993	-0.100	-0.043	1469	2219
-0.982	-0.106	-0.036	1469	2225
-0.987	-0.105	-0.038	1469	2231
-0.987	-0.110	-0.037	1468	2237
-0.992	-0.111	-0.039	1469	2243
-0.992	-0.122	-0.021	1467	2248
-0.997	-0.119	-0.025	1469	2254
-0.991	-0.122	-0.031	1470	2260
-0.994	-0.118	-0.030	1470	2267
-0.987	-0.110	-0.038	1469	2273
-0.990	-0.103	-0.039	1470	2278
-0.990	-0.102	-0.043	1470	2284
-0.992	-0.104	-0.041	1470	2290
-0.993	-0.097	-0.038	1471	2296
-0.993	-0.106	-0.035	1472	2302
-0.986	-0.115	-0.040	1472	2309
-0.983	-0.118	-0.039	1473	2314
-0.981	-0.118	-0.040	1472	2320
-0.988	-0.118	-0.043	1474	2326
-0.989	-0.112	-0.036	1474	2332
-1.001	-0.112	-0.031	1474	2338
-1.001	-0.107	-0.028	1475	2343
-1.001	-0.103	-0.032	1476	2350
-0.992	-0.098	-0.042	1478	2356
-0.989	-0.096	-0.038	1479	2362
-0.981	-0.097	-0.049	1480	2368
-0.987	-0.104	-0.040	1480	2373
-0.990	-0.111	-0.042	1483	2379
-0.988	-0.108	-0.030	1481	2385
-0.991	-0.106	-0.032	1482	2392
-0.984	-0.115	-0.033	1485	2398
-0.980	-0.115	-0.041	1487	2404
-0.984	-0.106	-0.045	1486	2409
-0.986	-0.104	-0.050	1484	2415
-0.986	-0.105	-0.036	1485	2421
-0.994	-0.104	-0.044	1488	2427
-0.993	-0.110	-0.046	1490	2434
-0.991	-0.102	-0.043	1488	2439
-0.992	-0.103	-0.048	1489	2445
-0.990	-0.102	-0.045	1489	2451
-0.990	-0.099	-0.038	1490	2457
-0.994	-0.104	-0.039	1489	2463
-0.997	-0.110	-0.039	1490	2468
-0.990	-0.105	-0.037	1489	2475
-0.990	-0.113	-0.032	1490	2481
-0.987	-0.115	-0.035	1491	2487
-0.991	-0.120	-0.038	1492	2493
-0.987	-0.119	-0.037	1492	2498
-0.987	-0.117	-0.033	1494	2504
-0.983	-0.117	-0.040	1492	2510
-0.982	-0.112	-0.038	1492	2516
-0.984	-0.117	-0.048	1492	2523
-0.992	-0.115	-0.040	1493	2528
-0.982	-0.115	-0.042	1492	2534
-0.994	-0.106	-0.045	1491	2540
-0.989	-0.112	-0.042	1491	2546
-0.991	-0.102	-0.044	1493	2552
-0.986	-0.103	-0.047	1496	2558
-0.992	-0.100	-0.040	1498	2564
-0.994	-0.105	-0.048	1500	2570
-0.991	-0.109	-0.042	1500	2576
-0.985	-0.108	-0.040	1499	2582
-0.987	-0.113	-0.025	1499	2588
-0.992	-0.113	-0.035	1500	2593
-0.991	-0.107	-0.036	1499	2599
-0.990	-0.109	-0.030	1501	2606
-0.996	-0.115	-0.041	1502	2612
-0.988	-0.109	-0.044	1503	2618
-0.983	-0.110	-0.045	1503	2623
-0.987	-0.116	-0.033	1503	2629
-0.992	-0.118	-0.034	1504	2635
-0.987	-0.118	-0.040	1506	2641
-0.992	-0.111	-0.040	1507	2648
-0.996	-0.111	-0.042	1505	2653
-0.988	-0.117	-0.044	1506	2659
-0.992	-0.124	-0.046	1509	2665
-0.989	-0.127	-0.049	1510	2671
-0.987	-0.123	-0.045	1508	2677
-0.990	-0.126	-0.046	1510	2683
-0.990	-0.125	-0.035	1509	2689
-0.991	-0.130	-0.035	1509	2695
-0.993	-0.134	-0.037	1508	2701
-0.990	-0.131	-0.044	1508	2707
-0.990	-0.131	-0.036	1507	2713
-0.986	-0.130	-0.043	1507	2718
-0.992	-0.127	-0.045	1506	2724
-0.991	-0.109	-0.033	1506	2731
-0.986	-0.118	-0.034	1507	2737
-0.980	-0.111	-0.031	1506	2743
-0.986	-0.109	-0.035	1505	2748
-0.979	-0.109	-0.042	1505	2754
-0.984	-0.116	-0.049	1504	2760
-0.987	-0.105	-0.045	1504	2766
-0.991	-0.106	-0.043	1505	2772
-0.994	-0.104	-0.041	1506	2779
-0.992	-0.103	-0.039	1505	2784
-0.993	-0.108	-0.037	1505	2790
-0.988	-0.106	-0.035	1506	2796
-0.987	-0.104	-0.031	1506	2802
-0.988	-0.112	-0.039	1507	2808
-0.986	-0.119	-0.042	1508	2813
-0.985	-0.118	-0.032	1508	2820
-0.990	-0.126	-0.035	1507	2826
-0.989	-0.131	-0.029	1507	2832
-0.989	-0.140	-0.033	1506	2838
-0.995	-0.135	-0.033	1504	2843
-0.987	-0.133	-0.039	1504	2849
-0.990	-0.121	-0.038	1503	2855
-0.993	-0.121	-0.040	1504	2862
-0.984	-0.112	-0.033	1503	2868
-0.989	-0.103	-0.028	1500	2873
-0.991	-0.102	-0.033	1499	2879
-0.997	-0.102	-0.035	1501	2885
-0.990	-0.104	-0.035	1502	2891
-0.997	-0.104	-0.035	1501	2897
-0.994	-0.108	-0.043	1500	2903
-0.996	-0.110	-0.040	1497	2909
-0.991	-0.113	-0.043	1498	2915
-0.987	-0.110	-0.048	1499	2921
-0.990	-0.113	-0.037	1500	2927
-0.985	-0.118	-0.045	1502	2933
-0.982	-0.113	-0.044	1502	2938
-0.985	-0.112	-0.044	1503	2945
-0.981	-0.114	-0.039	1505	2951
-0.980	-0.119	-0.038	1506	2957
-0.988	-0.121	-0.036	1506	2963
-0.982	-0.116	-0.035	1507	2968
-0.991	-0.117	-0.029	1508	2974
-0.992	-0.112	-0.032	1509	2980
-1.002	-0.115	-0.036	1510	2987
-0.998	-0.110	-0.035	1509	2993
-1.000	-0.112	-0.034	1507	2998
-1.009	-0.112	-0.035	1507	3004
-0.996	-0.122	-0.030	1507	3010
-0.992	-0.125	-0.036	1506	3016
-0.992	-0.132	-0.040	1505	3022
-0.982	-0.135	-0.033	1504	3028
-0.980	-0.136	-0.034	1503	3034
-0.978	-0.142	-0.037	1502	3040
-0.986	-0.146	-0.041	1500	3046
-0.985	-0.145	-0.032	1496	3052
-0.982	-0.148	-0.035	1493	3058
-0.984	-0.147	-0.037	1493	3063
-0.985	-0.150	-0.043	1493	3069
-0.979	-0.140	-0.040	1493	3076
-0.977	-0.138	-0.037	1493	3082
-0.979	-0.134	-0.038	1492	3088
-0.985	-0.121	-0.045	1493	3093
-0.985	-0.117	-0.040	1491	3099
-0.996	-0.113	-0.039	1491	3105
-0.997	-0.109	-0.045	1490	3111
-0.995	-0.107	-0.043	1491	3118
-0.996	-0.104	-0.040	1490	3123
-0.997	-0.107	-0.038	1491	3129
-0.992	-0.105	-0.041	1492	3135
-0.984	-0.106	-0.041	1492	3141
-0.981	-0.106	-0.042	1492	3147
-0.981	-0.110	-0.041	1493	3153
-0.984	-0.110	-0.038	1492	3159
-0.991	-0.118	-0.042	1494	3165
-0.993	-0.118	-0.037	1494	3171
-0.987	-0.122	-0.038	1495	3177
-0.989	-0.125	-0.042	1496	3183
-0.980	-0.122	-0.042	1497	3188
-0.985	-0.120	-0.041	1495	3194
-0.984	-0.115	-0.039	1496	3201
-0.986	-0.110	-0.038	1498	3207
-0.990	-0.107	-0.039	1499	3213
-0.995	-0.104	-0.033	1498	3218
-0.998	-0.097	-0.041	1495	3224
-0.996	-0.107	-0.039	1495	3230
-1.005	-0.104	-0.032	1496	3236
-1.002	-0.109	-0.028	1497	3243
-1.002	-0.114	-0.021	1498	3248
-0.993	-0.113	-0.025	1497	3254
-0.986	-0.115	-0.032	1496	3260
-0.979	-0.114	-0.038	1496	3266
-0.986	-0.115	-0.037	1495	3272
-0.991	-0.122	-0.036	1496	3278
-0.988	-0.127	-0.037	1497	3283
-0.996	-0.125	-0.039	1497	3290
-0.995	-0.122	-0.037	1498	3296
-0.990	-0.120	-0.035	1497	3302
-0.985	-0.113	-0.034	1497	3308
-0.979	-0.121	-0.041	1500	3313
-0.980	-0.118	-0.036	1500	3319
-0.983	-0.119	-0.037	1499	3325
-0.987	-0.118	-0.034	1497	3332
-0.993	-0.116	-0.033	1496	3338
-0.994	-0.118	-0.032	1496	3343
-1.000	-0.115	-0.037	1497	3349
-1.002	-0.114	-0.036	1499	3355
-1.001	-0.111	-0.038	1499	3361
-0.998	-0.117	-0.037	1500	3367
-0.984	-0.111	-0.037	1502	3374
-0.979	-0.120	-0.039	1501	3379
-0.978	-0.124	-0.031	1500	3385
-0.982	-0.130	-0.033	1500	3391
-0.990	-0.137	-0.035	1500	3397
-0.986	-0.136	-0.039	1499	3403
-0.983	-0.146	-0.032	1500	3408
-0.986	-0.142	-0.038	1500	3415
-0.990	-0.134	-0.035	1499	3421
-0.987	-0.126	-0.035	1497	3427
-0.989	-0.121	-0.033	1497	3433
-0.995	-0.120	-0.036	1498	3438
-1.001	-0.116	-0.036	1498	3444
-1.000	-0.106	-0.044	1498	3450
-0.999	-0.108	-0.039	1498	3457
-1.003	-0.101	-0.035	1497	3463
-0.990	-0.098	-0.040	1498	3468
-0.981	-0.101	-0.038	1497	3474
-0.982	-0.103	-0.033	1497	3480
-0.982	-0.108	-0.044	1497	3486
-0.981	-0.113	-0.041	1498	3492
-0.984	-0.118	-0.043	1497	3499
-0.989	-0.123	-0.043	1497	3504
-0.982	-0.125	-0.038	1496	3510
-0.990	-0.124	-0.036	1494	3516
-0.994	-0.124	-0.040	1493	3522
-0.983	-0.125	-0.039	1492	3528
-0.997	-0.126	-0.039	1492	3533
-0.988	-0.119	-0.041	1493	3539
-0.992	-0.127	-0.040	1494	3546
-0.993	-0.114	-0.039	1495	3552
-0.986	-0.112	-0.045	1495	3558
-0.987	-0.104	-0.047	1494	3563
-0.985	-0.108	-0.042	1495	3569
-0.983	-0.107	-0.044	1496	3575
-0.982	-0.104	-0.040	1498	3581
-0.984	-0.125	-0.041	1500	3588
-0.983	-0.130	-0.036	1501	3593
-0.985	-0.138	-0.039	1501	3599
-0.995	-0.127	-0.040	1501	3605
-0.993	-0.135	-0.035	1500	3611
-0.998	-0.132	-0.029	1499	3617
-0.995	-0.137	-0.033	1500	3623
-0.996	-0.129	-0.033	1500	3629
-0.992	-0.133	-0.041	1499	3635
-0.990	-0.123	-0.034	1498	3641
-0.989	-0.119	-0.038	1498	3647
-0.984	-0.113	-0.041	1499	3653
-0.987	-0.107	-0.043	1498	3658
-0.982	-0.106	-0.039	1498	3664
-0.980	-0.105	-0.037	1498	3671
-0.984	-0.106	-0.040	1498	3677
-0.988	-0.103	-0.036	1497	3683
-0.982	-0.111	-0.032	1497	3688
-0.988	-0.112	-0.036	1497	3694
-0.993	-0.120	-0.030	1496	3700
-0.993	-0.115	-0.039	1496	3706
-0.993	-0.113	-0.026	1494	3713
-0.985	-0.115	-0.031	1492	3718
-0.994	-0.116	-0.032	1494	3724
-0.994	-0.119	-0.028	1495	3730
-0.998	-0.115	-0.029	1496	3736
-0.996	-0.113	-0.035	1496	3742
-0.989	-0.116	-0.036	1497	3748
-0.986	-0.118	-0.040	1499	3753
-0.983	-0.116	-0.047	1498	3760
-0.989	-0.119	-0.033	1499	3766
-0.990	-0.121	-0.043	1499	3772
-0.993	-0.122	-0.043	1499	3778
-0.995	-0.127	-0.036	1499	3783
-0.992	-0.123	-0.033	1499	3789
-0.991	-0.128	-0.037	1499	3795
-0.987	-0.123	-0.040	1498	3802
-0.988	-0.125	-0.036	1497	3808
-0.988	-0.134	-0.038	1498	3813
-0.992	-0.125	-0.029	1499	3819
-0.986	-0.126	-0.035	1498	3825
-0.985	-0.130	-0.033	1497	3831
-0.980	-0.125	-0.038	1498	3837
-0.985	-0.126	-0.038	1497	3843
-0.982	-0.133	-0.041	1498	3849
-0.987	-0.134	-0.041	1498	3855
-0.985	-0.133	-0.038	1498	3861
-0.989	-0.133	-0.039	1498	3867
-0.991	-0.125	-0.039	1499	3873
-0.988	-0.119	-0.035	1499	3878
-0.994	-0.121	-0.033	1499	3885
-0.996	-0.119	-0.037	1499	3891
-0.986	-0.112	-0.022	1499	3897
-0.996	-0.122	-0.036	1500	3903
-0.995	-0.113	-0.041	1500	3908
-0.995	-0.119	-0.039	1499	3914
-0.993	-0.115	-0.029	1500	3920
-0.989	-0.114	-0.037	1501	3927
-0.992	-0.119	-0.035	1501	3933
-0.987	-0.122	-0.038	1501	3938
-0.987	-0.124	-0.039	1500	3944
-0.984	-0.119	-0.036	1499	3950
-0.985	-0.125	-0.040	1500	3956
-0.979	-0.119	-0.044	1499	3962
-0.981	-0.124	-0.034	1498	3969
-0.987	-0.119	-0.038	1498	3974
-0.985	-0.122	-0.046	1498	3980
-0.986	-0.120	-0.033	1498	3986
-0.992	-0.126	-0.035	1498	3992
-1.000	-0.123	-0.037	1497	3998
-0.996	-0.125	-0.032	1499	4003
-0.998	-0.120	-0.035	1500	4009
-0.993	-0.118	-0.031	1500	4016
-0.985	-0.110	-0.034	1498	4022
-0.983	-0.106	-0.037	1499	4028
-0.985	-0.106	-0.042	1499	4033
-0.979	-0.109	-0.044	1499	4039
-0.987	-0.115	-0.040	1498	4045
-0.989	-0.121	-0.035	1498	4051
-0.985	-0.122	-0.033	1497	4058
-0.989	-0.120	-0.039	1497	4063
-0.985	-0.124	-0.036	1498	4069
-0.988	-0.123	-0.043	1498	4075
-0.981	-0.125	-0.034	1498	4081
-0.994	-0.120	-0.037	1498	4087
-0.994	-0.121	-0.036	1498	4093
-0.995	-0.119	-0.033	1497	4099
-0.992	-0.114	-0.035	1497	4105
-0.988	-0.115	-0.044	1498	4111
-0.989	-0.105	-0.043	1499	4117
-0.982	-0.112	-0.039	1500	4123
-0.988	-0.104	-0.049	1500	4128
-0.981	-0.110	-0.044	1500	4134
-0.987	-0.112	-0.038	1500	4141
-0.986	-0.119	-0.036	1500	4147
-0.991	-0.114	-0.032	1501	4153
-0.991	-0.116	-0.038	1501	4159
-0.984	-0.119	-0.040	1501	4164
-0.986	-0.124	-0.033	1501	4170
-0.986	-0.118	-0.034	1501	4176
-0.992	-0.119	-0.035	1502	4183
-0.993	-0.119	-0.038	1502	4189
-0.992	-0.115	-0.031	1502	4194
-0.993	-0.119	-0.033	1502	4200
-0.985	-0.122	-0.037	1500	4206
-0.983	-0.121	-0.039	1502	4212
-0.989	-0.111	-0.038	1503	4218
-0.987	-0.118	-0.040	1503	4224
-0.994	-0.117	-0.036	1504	4230
-0.998	-0.118	-0.033	1503	4236
-0.996	-0.120	-0.032	1502	4242
-0.994	-0.114	-0.035	1502	4248
-0.987	-0.106	-0.040	1503	4254
-0.985	-0.120	-0.039	1503	4259
-0.985	-0.109	-0.034	1504	4265
-0.984	-0.113	-0.031	1504	4272
-0.983	-0.118	-0.018	1504	4278
-0.979	-0.121	-0.036	1502	4284
-0.990	-0.121	-0.032	1502	4289
-0.994	-0.119	-0.035	1502	4295
-0.993	-0.127	-0.029	1502	4301
-0.991	-0.125	-0.026	1503	4307
-0.995	-0.133	-0.030	1503	4314
-0.994	-0.131	-0.033	1501	4319
-0.988	-0.127	-0.037	1500	4325
-0.992	-0.129	-0.031	1502	4331
-0.995	-0.128	-0.036	1502	4337
-0.991	-0.129	-0.041	1500	4343
-0.984	-0.133	-0.038	1500	4349
-0.991	-0.128	-0.035	1501	4355
-0.984	-0.128	-0.035	1501	4361
-0.986	-0.130	-0.037	1501	4367
-0.986	-0.129	-0.034	1501	4373
-0.983	-0.118	-0.032	1501	4379
-0.987	-0.118	-0.033	1501	4384
-0.989	-0.114	-0.036	1499	4390
-0.989	-0.117	-0.035	1501	4397
-0.989	-0.115	-0.039	1501	4403
-0.989	-0.110	-0.033	1501	4409
-0.991	-0.115	-0.036	1501	4414
-0.989	-0.123	-0.032	1500	4420
-0.994	-0.119	-0.038	1500	4426
-0.996	-0.121	-0.036	1500	4432
-0.993	-0.117	-0.039	1500	4439
-0.992	-0.123	-0.033	1499	4445
-0.987	-0.112	-0.035	1499	4450
-0.990	-0.119	-0.035	1499	4456
-0.989	-0.120	-0.027	1498	4462
-0.991	-0.121	-0.033	1498	4468
-0.989	-0.117	-0.039	1498	4474
-0.982	-0.121	-0.035	1498	4480
-0.983	-0.117	-0.037	1497	4486
-0.978	-0.119	-0.036	1496	4492
-0.983	-0.121	-0.041	1496	4498
-0.986	-0.122	-0.040	1496	4504
-0.988	-0.120	-0.038	1497	4509
-0.995	-0.121	-0.038	1497	4515
-0.997	-0.118	-0.037	1496	4521
-0.999	-0.124	-0.033	1497	4528
-0.997	-0.121	-0.039	1499	4534
-0.995	-0.119	-0.041	1499	4540
-0.993	-0.115	-0.039	1499	4545
-0.980	-0.118	-0.041	1500	4551
-0.983	-0.113	-0.038	1499	4557
-0.979	-0.108	-0.041	1499	4563
-0.978	-0.108	-0.038	1499	4570
-0.977	-0.121	-0.046	1498	4575
-0.979	-0.121	-0.046	1498	4581
-0.985	-0.121	-0.038	1496	4587
-0.985	-0.127	-0.040	1496	4593
-0.984	-0.125	-0.042	1496	4599
-0.992	-0.123	-0.047	1497	4605
-0.990	-0.116	-0.042	1496	4611
-0.994	-0.116	-0.041	1497	4617
-0.995	-0.119	-0.049	1498	4623
-0.997	-0.111	-0.042	1498	4629
-0.990	-0.109	-0.046	1499	4635
-0.994	-0.112	-0.041	1498	4640
-0.986	-0.118	-0.041	1498	4646
-0.978	-0.128	-0.045	1497	4653
-0.978	-0.129	-0.039	1497	4659
-0.981	-0.139	-0.039	1496	4665
-0.983	-0.145	-0.039	1495	4670
-0.989	-0.151	-0.035	1495	4676
-0.996	-0.153	-0.035	1495	4682
-0.992	-0.152	-0.031	1495	4688
-0.989	-0.146	-0.031	1494	4695
-0.984	-0.143	-0.038	1493	4700
-0.988	-0.129	-0.029	1491	4706
-0.986	-0.129	-0.020	1490	4712
-0.991	-0.123	-0.024	1491	4718
-0.989	-0.123	-0.023	1493	4724
-0.984	-0.115	-0.031	1493	4730
-0.985	-0.108	-0.034	1494	4736
-0.990	-0.119	-0.034	1494	4742
-0.991	-0.120	-0.032	1496	4748
-0.989	-0.124	-0.034	1496	4754
-0.991	-0.115	-0.035	1497	4760
-0.984	-0.097	-0.031	1498	4765
-0.985	-0.129	-0.031	1498	4771
-0.983	-0.133	-0.040	1499	4777
-0.983	-0.117	-0.023	1500	4784
-0.989	-0.109	-0.028	1500	4790
-0.991	-0.119	-0.030	1500	4796
-0.990	-0.121	-0.031	1500	4801
-1.001	-0.122	-0.028	1502	4807
-0.997	-0.120	-0.030	1503	4813
-1.006	-0.115	-0.021	1503	4819
-0.998	-0.116	-0.018	1502	4826
-1.002	-0.116	-0.018	1502	4831
-0.997	-0.116	-0.031	1503	4837
-0.995	-0.117	-0.024	1503	4843
-0.992	-0.118	-0.036	1503	4849
-0.983	-0.110	-0.034	1503	4855
-0.984	-0.120	-0.035	1504	4860
-0.978	-0.119	-0.029	1504	4867
-0.979	-0.116	-0.034	1503	4873
-0.979	-0.124	-0.035	1503	4879
-0.984	-0.120	-0.037	1503	4885
-0.979	-0.133	-0.036	1503	4891
-0.978	-0.133	-0.036	1503	4896
-0.981	-0.131	-0.032	1502	4902
-0.991	-0.126	-0.027	1503	4909
-0.992	-0.115	-0.023	1503	4915
-0.997	-0.118	-0.027	1503	4921
-1.003	-0.113	-0.024	1504	4926
-1.002	-0.118	-0.020	1504	4932
-1.001	-0.119	-0.024	1505	4938
-0.997	-0.111	-0.036	1507	4944
-0.999	-0.111	-0.036	1508	4951
-0.991	-0.104	-0.038	1508	4956
-0.985	-0.098	-0.037	1507	4962
-0.982	-0.097	-0.033	1506	4968
-0.984	-0.099	-0.043	1506	4974
-0.991	-0.108	-0.036	1505	4980
-0.986	-0.113	-0.036	1506	4986
-0.993	-0.127	-0.035	1507	4992
-0.983	-0.129	-0.032	1506	4998
-0.992	-0.121	-0.031	1506	5004
-0.985	-0.127	-0.033	1507	5010
-0.981	-0.127	-0.039	1506	5016
-0.985	-0.118	-0.035	1504	5021
-0.988	-0.119	-0.042	1505	5027
-0.991	-0.128	-0.033	1504	5033
-0.992	-0.124	-0.027	1500	5040
-0.992	-0.117	-0.030	1503	5046
-0.994	-0.119	-0.028	1505	5052
-0.991	-0.121	-0.027	1506	5057
-0.990	-0.126	-0.036	1504	5063
-0.993	-0.127	-0.026	1505	5069
-0.991	-0.120	-0.027	1503	5075
-0.990	-0.115	-0.028	1503	5082
-1.000	-0.112	-0.032	1502	5087
-0.991	-0.116	-0.027	1501	5093
-0.993	-0.114	-0.031	1501	5099
-0.990	-0.108	-0.038	1499	5105
-0.980	-0.104	-0.037	1497	5111
-0.985	-0.106	-0.042	1496	5116
-0.985	-0.110	-0.035	1496	5123
-0.988	-0.111	-0.033	1495	5129
-0.988	-0.110	-0.036	1494	5135
-0.987	-0.111	-0.040	1494	5141
-0.985	-0.109	-0.040	1493	5146
-0.984	-0.108	-0.043	1492	5152
-0.984	-0.114	-0.042	1494	5158
-0.993	-0.110	-0.045	1497	5165
-0.993	-0.114	-0.044	1498	5171
-0.993	-0.116	-0.040	1498	5177
-0.988	-0.117	-0.039	1499	5182
-0.989	-0.130	-0.044	1499	5188
-0.983	-0.122	-0.040	1499	5194
-0.985	-0.123	-0.044	1497	5200
-0.989	-0.121	-0.040	1496	5207
-0.989	-0.125	-0.040	1497	5212
-0.990	-0.118	-0.045	1494	5218
-0.987	-0.117	-0.035	1493	5224
-0.984	-0.115	-0.049	1492	5230
-0.984	-0.118	-0.039	1491	5236
-0.983	-0.119	-0.037	1490	5241
-0.983	-0.116	-0.050	1489	5248
-0.984	-0.121	-0.051	1489	5254
-0.988	-0.123	-0.043	1491	5260
-0.990	-0.117	-0.038	1493	5266
-0.992	-0.122	-0.037	1495	5271
-0.991	-0.121	-0.039	1495	5277
-0.987	-0.115	-0.033	1494	5283
-0.985	-0.114	-0.042	1494	5289
-0.989	-0.112	-0.037	1495	5296
-0.993	-0.109	-0.038	1495	5302
-0.993	-0.104	-0.037	1493	5307
-0.983	-0.104	-0.044	1492	5313
-0.992	-0.104	-0.041	1492	5319
-0.990	-0.098	-0.040	1493	5325
-0.991	-0.103	-0.041	1492	5331
-0.994	-0.095	-0.038	1494	5337
-0.999	-0.096	-0.039	1493	5343
-0.989	-0.092	-0.036	1495	5349
-0.986	-0.100	-0.040	1495	5355
-0.986	-0.102	-0.035	1494	5361
-0.994	-0.103	-0.035	1495	5366
-0.994	-0.102	-0.039	1497	5372
-0.996	-0.102	-0.036	1498	5379
-0.995	-0.099	-0.038	1498	5385
-0.993	-0.099	-0.042	1500	5391
-0.994	-0.097	-0.041	1500	5396
-0.995	-0.098	-0.038	1499	5402
-0.994	-0.102	-0.038	1500	5408
-0.989	-0.095	-0.034	1501	5414
-0.991	-0.093	-0.030	1502	5421
-0.982	-0.101	-0.031	1504	5426
-0.990	-0.103	-0.038	1504	5432
-0.993	-0.103	-0.038	1505	5438
-0.989	-0.115	-0.037	1505	5444
-0.994	-0.119	-0.028	1505	5450
-0.994	-0.124	-0.024	1505	5455
-0.990	-0.121	-0.031	1506	5462
-0.984	-0.120	-0.023	1508	5468
-0.992	-0.116	-0.035	1506	5474
-0.991	-0.119	-0.039	1506	5480
-0.999	-0.118	-0.046	1507	5485
-0.994	-0.114	-0.041	1509	5491
-0.996	-0.116	-0.041	1508	5497
-0.994	-0.118	-0.039	1508	5504
-0.992	-0.117	-0.039	1508	5510
-0.985	-0.107	-0.036	1508	5516
-0.981	-0.104	-0.040	1506	5521
-0.984	-0.112	-0.043	1506	5527
-0.987	-0.106	-0.044	1507	5533
-0.988	-0.102	-0.035	1507	5539
-0.990	-0.109	-0.043	1507	5545
-0.982	-0.113	-0.045	1506	5551
-0.987	-0.108	-0.043	1504	5557
-0.984	-0.115	-0.042	1505	5563
-0.984	-0.105	-0.041	1505	5569
-0.987	-0.112	-0.040	1505	5575
-0.995	-0.106	-0.041	1505	5580
-1.001	-0.101	-0.034	1505	5586
-0.998	-0.103	-0.036	1506	5593
-0.995	-0.102	-0.043	1504	5599
-0.996	-0.099	-0.038	1505	5605
-0.988	-0.099	-0.045	1505	5610
-0.991	-0.100	-0.047	1505	5616
-0.984	-0.102	-0.046	1506	5622
-0.986	-0.102	-0.045	1506	5628
-0.982	-0.108	-0.045	1507	5635
-0.982	-0.105	-0.045	1507	5641
-0.990	-0.107	-0.039	1508	5646
-0.992	-0.106	-0.048	1506	5652
-0.988	-0.101	-0.043	1508	5658
-0.994	-0.104	-0.037	1506	5664
-0.991	-0.102	-0.044	1507	5670
-0.992	-0.105	-0.049	1507	5676
-0.988	-0.104	-0.045	1506	5682
-0.993	-0.093	-0.043	1507	5688
-0.991	-0.099	-0.043	1506	5694
-0.994	-0.102	-0.039	1507	5700
-1.000	-0.104	-0.036	1507	5705
-0.999	-0.107	-0.039	1506	5711
-0.994	-0.100	-0.032	1505	5718
-0.988	-0.100	-0.035	1505	5724
-0.987	-0.097	-0.042	1505	5730
-0.987	-0.103	-0.032	1505	5735
-0.416	-1.645	1.999	1504	5741
-2.000	1.999	1.999	1502	5747
-0.472	-0.132	-1.868	1503	5753
-0.725	-0.529	-1.461	1503	5760
-1.097	-0.012	0.297	1505	5766
-1.192	-0.017	-0.002	1504	5771
-1.183	-0.140	0.138	1508	5777
-0.951	-0.201	0.261	1510	5783
-0.806	-0.227	0.051	1510	5789
-0.578	-0.201	-0.262	1510	5795
-0.738	-0.097	-0.208	1511	5800
-0.737	0.009	-0.112	1513	5807
-0.902	-0.054	0.039	1512	5813
-1.198	-0.026	0.112	1512	5819
-1.306	-0.015	0.168	1510	5825
-1.286	-0.064	0.114	1507	5830
-1.142	-0.130	-0.029	1506	5836
-1.006	-0.149	-0.121	1505	5842
-0.918	-0.136	-0.135	1503	5849
-0.875	-0.113	-0.104	1506	5855
-0.880	-0.106	-0.060	1508	5861
-0.941	-0.106	-0.037	1507	5866
-0.995	-0.113	-0.019	1509	5872
-1.024	-0.108	-0.029	1513	5878
-1.020	-0.101	-0.047	1513	5884
-0.996	-0.098	-0.060	1512	5891
-0.983	-0.104	-0.049	1512	5896
-0.979	-0.122	-0.035	1512	5902
-0.981	-0.124	-0.021	1512	5908
-0.983	-0.130	-0.031	1512	5914
-1.003	-0.122	-0.049	1511	5920
-1.003	-0.128	-0.058	1510	5925
-0.999	-0.118	-0.063	1508	5932
-0.995	-0.112	-0.054	1506	5938
-0.987	-0.103	-0.053	1506	5944
-0.983	-0.086	-0.041	1506	5950
-0.980	-0.083	-0.042	1506	5956
-0.983	-0.086	-0.040	1505	5961
-0.986	-0.087	-0.038	1504	5967
-0.992	-0.095	-0.033	1505	5974
-0.995	-0.105	-0.028	1506	5980
-0.998	-0.104	-0.031	1505	5986
-1.006	0.442	-2.000	1503	5991
-0.679	-0.284	-1.755	1501	5997
-0.124	-0.512	-1.851	1500	6003
-1.241	0.020	0.188	1501	6009
-1.411	0.333	-0.232	1499	6016
-1.004	-0.022	-0.084	1500	6021
-0.824	-0.123	0.464	1501	6027
-0.718	-0.134	0.354	1502	6033
-0.778	-0.099	0.001	1505	6039
-0.811	-0.191	-0.208	1506	6045
-0.421	-0.231	-0.127	1508	6051
-0.631	-0.187	0.006	1508	6056
-1.041	-0.055	0.080	1505	6063
-1.390	-0.067	0.087	1500	6069
-1.479	-0.052	0.157	1498	6075
-1.284	-0.087	0.143	1497	6081
-1.104	-0.132	-0.046	1498	6086
-0.961	-0.132	-0.156	1500	6092
-0.855	-0.099	-0.158	1500	6098
-0.835	-0.107	-0.138	1501	6105
-0.876	-0.123	-0.092	1503	6111
-0.938	-0.121	-0.034	1505	6117
-1.004	-0.131	-0.004	1508	6122
-1.040	-0.127	-0.008	1508	6128
-1.041	-0.119	-0.027	1508	6134
-1.028	-0.107	-0.041	1506	6140
-1.006	-0.106	-0.040	1506	6147
-0.986	-0.108	-0.021	1505	6152
-0.983	-0.114	-0.015	1504	6158
-0.994	-0.118	-0.021	1501	6164
-1.001	-0.122	-0.031	1500	6170
-1.010	-0.115	-0.038	1499	6176
-1.016	-0.119	-0.030	1499	6181
-1.010	-0.113	-0.031	1500	6188
-1.005	-0.102	-0.031	1502	6194
-0.996	-0.081	-0.034	1503	6200
-0.987	-0.069	-0.031	1503	6206
-0.985	-0.061	-0.029	1505	6212
-0.979	-0.065	-0.028	1504	6217
-0.977	-0.063	-0.020	1503	6223
-0.979	-0.065	-0.018	1504	6230
-0.982	-0.066	-0.017	1502	6236
-0.992	-0.064	-0.023	1502	6242
-0.994	-0.071	-0.031	1501	6247
-0.998	-0.072	-0.029	1501	6253
-0.997	-0.086	-0.037	1501	6259
-1.003	-0.088	-0.035	1502	6265
-1.002	-0.095	-0.029	1502	6272
-1.000	-0.097	-0.026	1502	6277
-0.997	-0.100	-0.030	1500	6283
-0.999	-0.099	-0.027	1499	6289
-1.002	-0.104	-0.036	1498	6295
-0.994	-0.108	-0.029	1497	6301
-0.995	-0.112	-0.028	1497	6306
-0.993	-0.115	-0.035	1499	6312
-0.984	-0.117	-0.041	1499	6319
-0.982	-0.126	-0.043	1499	6325
-0.986	-0.128	-0.042	1495	6331
-0.989	-0.130	-0.043	1494	6337
-0.985	-0.131	-0.044	1495	6342
-0.993	-0.131	-0.046	1497	6348
-0.993	-0.130	-0.041	1498	6354
-0.986	-0.128	-0.038	1497	6361
-0.988	-0.122	-0.037	1500	6367
-0.988	-0.120	-0.041	1501	6372
-0.987	-0.119	-0.035	1501	6378
-0.987	-0.115	-0.041	1501	6384
-0.985	-0.110	-0.041	1498	6390
-0.984	-0.111	-0.036	1497	6396
-0.996	-0.107	-0.038	1497	6402
-0.994	-0.104	-0.041	1499	6408
-0.994	-0.097	-0.042	1500	6414
-0.989	-0.093	-0.043	1500	6420
-0.989	-0.100	-0.041	1500	6426
-0.989	-0.088	-0.044	1500	6432
-0.994	-0.093	-0.043	1499	6437
-0.993	-0.093	-0.035	1499	6444
-0.990	-0.099	-0.036	1495	6450
-0.990	-0.094	-0.039	1495	6456
-0.984	-0.098	-0.038	1498	6462
-0.981	-0.093	-0.033	1495	6467
-0.984	-0.096	-0.041	1493	6473
-0.993	-0.093	-0.043	1489	6479
-0.995	-0.097	-0.037	1491	6486
-0.999	-0.099	-0.042	1491	6492
-0.997	-0.096	-0.042	1496	6497
-1.001	-0.105	-0.048	1493	6503
-1.005	-0.104	-0.048	1494	6509
-1.009	-0.112	-0.043	1495	6515
-1.000	-0.114	-0.036	1493	6521
-1.004	-0.115	-0.037	1491	6526
-1.000	-0.107	-0.043	1489	6533
-0.999	-0.122	-0.043	1486	6539
-0.995	-0.104	-0.041	1486	6545
-0.982	-0.094	-0.041	1486	6551
-0.983	-0.091	-0.038	1485	6556
-0.978	-0.076	-0.047	1485	6562
-0.979	-0.066	-0.043	1486	6568
-0.981	-0.071	-0.045	1484	6575
-0.978	-0.051	-0.039	1480	6581
-0.979	-0.052	-0.038	1480	6587
-0.986	-0.043	-0.048	1474	6592
-0.981	-0.038	-0.046	1473	6598
-0.987	-0.035	-0.041	1467	6604
-0.991	-0.025	-0.045	1465	6610
-1.001	-0.029	-0.033	1467	6617
-1.004	-0.036	-0.024	1470	6622
-1.007	-0.045	-0.019	1472	6628
-1.016	-0.055	-0.011	1474	6634
-1.015	-0.054	-0.019	1476	6640
-1.013	-0.061	-0.020	1479	6646
-1.008	-0.068	-0.024	1482	6651
-1.003	-0.070	-0.024	1485	6658
-1.006	-0.062	-0.024	1487	6664
-1.001	-0.068	-0.031	1491	6670
-0.989	-0.077	-0.036	1492	6676
-0.991	-0.088	-0.045	1491	6681
-0.996	-0.093	-0.053	1493	6687
-0.994	-0.098	-0.053	1494	6693
-0.998	-0.108	-0.058	1494	6700
-0.983	-0.108	-0.035	1495	6706
-0.989	-0.103	-0.023	1492	6712
-0.984	-0.091	-0.030	1490	6717
-0.989	-0.090	-0.035	1487	6723
-0.994	-0.092	-0.046	1480	6729
-0.990	-0.078	-0.052	1475	6735
-0.990	-0.073	-0.053	1470	6742
-0.985	-0.083	-0.061	1465	6747
-0.981	-0.078	-0.059	1462	6753
-0.985	-0.082	-0.062	1455	6759
-0.983	-0.090	-0.071	1457	6765
-0.988	-0.093	-0.068	1466	6771
-0.997	-0.079	-0.070	1462	6776
-0.991	-0.077	-0.062	1467	6782
-0.990	-0.069	-0.052	1462	6789
-0.988	-0.074	-0.058	1460	6795
-0.992	-0.070	-0.047	1467	6801
-0.990	-0.069	-0.054	1455	6806
-0.997	-0.078	-0.060	1457	6812
-0.998	-0.072	-0.056	1458	6818
-0.995	-0.072	-0.060	1460	6824
-0.991	-0.069	-0.060	1456	6831
-0.998	-0.063	-0.055	1457	6836
-1.000	-0.062	-0.060	1454	6842
-0.994	-0.068	-0.066	1450	6848
-1.002	-0.052	-0.063	1454	6854
-1.001	-0.037	-0.057	1453	6860
-0.992	-0.024	-0.047	1452	6865
-0.987	-0.029	-0.046	1451	6872
-0.977	-0.020	-0.052	1446	6878
-0.973	-0.014	-0.048	1441	6884
-0.970	-0.016	-0.044	1443	6890
-0.976	-0.005	-0.042	1454	6895
-0.975	0.012	-0.054	1460	6901
-0.993	0.013	-0.059	1463	6907
-0.992	0.016	-0.071	1472	6914
-1.003	0.000	-0.089	1479	6920
-1.006	0.017	-0.075	1481	6925
-1.013	0.005	-0.065	1496	6931
-1.007	0.000	-0.051	1501	6937
-0.999	-0.006	-0.051	1505	6943
-1.006	-0.019	-0.054	1498	6949
-1.002	-0.004	-0.056	1506	6955
-1.004	-0.014	-0.067	1505	6961
-0.997	-0.028	-0.067	1515	6967
-0.999	-0.008	-0.071	1520	6973
-0.998	-0.028	-0.071	1511	6979
-1.003	-0.015	-0.076	1493	6984
-0.996	-0.017	-0.062	1508	6990
-0.981	-0.010	-0.053	1509	6996
-0.984	0.002	-0.052	1507	7003
-0.983	0.004	-0.064	1488	7009
-0.984	0.007	-0.074	1506	7014
-0.982	0.002	-0.088	1506	7020
-0.979	0.008	-0.076	1520	7026
-0.983	0.007	-0.084	1532	7032
-0.984	0.000	-0.076	1536	7038
-0.982	-0.001	-0.071	1536	7044
-0.988	0.000	-0.068	1534	7050
-0.983	0.002	-0.084	1538	7056
-0.993	-0.003	-0.086	1543	7062
-1.001	-0.008	-0.093	1529	7068
-0.995	-0.007	-0.083	1532	7073
-0.999	-0.006	-0.073	1542	7079
-0.997	0.003	-0.056	1543	7086
-1.003	-0.005	-0.053	1538	7092
-1.000	-0.014	-0.059	1530	7098
-0.997	-0.019	-0.064	1542	7103
-0.984	-0.023	-0.058	1532	7109
-0.989	-0.020	-0.068	1520	7115
-0.981	-0.011	-0.081	1529	7121
-0.975	-0.008	-0.090	1545	7128
-0.968	-0.004	-0.091	1551	7133
-0.976	-0.005	-0.090	1553	7139
-0.976	0.000	-0.076	1562	7145
-0.982	0.006	-0.067	1569	7151
-0.992	0.005	-0.064	1555	7157
-0.997	0.008	-0.074	1556	7162
-0.999	0.016	-0.071	1556	7169
-1.003	0.021	-0.066	1551	7175
-1.007	0.017	-0.059	1545	7181
-1.009	0.022	-0.056	1542	7187
-1.003	0.027	-0.056	1524	7192
-0.999	0.024	-0.052	1524	7198
-0.995	0.028	-0.056	1532	7204
-0.992	0.020	-0.062	1529	7211
-0.988	0.015	-0.085	1522	7217
-0.993	0.014	-0.077	1518	7222
-0.991	0.009	-0.068	1521	7228
-0.992	0.003	-0.077	1518	7234
-0.997	0.000	-0.089	1529	7240
-1.000	0.005	-0.087	1522	7246
-1.000	0.016	-0.083	1519	7251
-1.001	0.017	-0.083	1512	7258
-1.000	0.029	-0.075	1513	7264
-1.006	0.047	-0.071	1511	7270
-1.002	0.063	-0.069	1499	7276
-0.996	0.070	-0.058	1512	7281
-0.987	0.065	-0.073	1506	7287
-0.986	0.062	-0.064	1499	7293
-0.982	0.058	-0.054	1502	7300
-0.979	0.057	-0.062	1500	7306
-0.979	0.055	-0.068	1484	7311
-0.987	0.052	-0.074	1500	7317
-0.983	0.059	-0.084	1509	7323
-0.985	0.048	-0.090	1505	7329
-0.998	0.052	-0.094	1508	7335
-0.998	0.054	-0.092	1508	7341
-1.000	0.061	-0.094	1501	7347
-0.995	0.054	-0.089	1505	7353
-0.994	0.051	-0.077	1492	7359
-0.988	0.059	-0.085	1504	7365
-0.989	0.049	-0.075	1485	7370
-0.988	0.047	-0.072	1498	7376
-0.991	0.042	-0.069	1489	7383
-0.993	0.026	-0.068	1491	7389
-0.989	0.023	-0.072	1494	7395
-0.981	0.022	-0.061	1495	7400
-0.978	0.025	-0.063	1501	7406
-0.985	0.022	-0.069	1493	7412
-0.981	0.034	-0.074	1494	7418
-0.979	0.052	-0.076	1494	7425
-0.986	0.066	-0.075	1495	7430
-0.984	0.082	-0.080	1493	7436
-0.992	0.082	-0.088	1483	7442
-1.000	0.092	-0.081	1496	7448
-0.994	0.086	-0.076	1486	7454
-0.990	0.088	-0.069	1483	7459
-0.989	0.081	-0.078	1487	7465
-0.983	0.088	-0.089	1488	7472
-0.984	0.081	-0.082	1491	7478
-0.985	0.079	-0.079	1485	7484
-0.985	0.074	-0.087	1486	7489
-0.987	0.062	-0.088	1483	7495
-0.983	0.056	-0.081	1487	7501
-0.984	0.050	-0.083	1478	7507
-0.985	0.053	-0.085	1488	7514
-0.985	0.062	-0.086	1500	7519
-0.995	0.062	-0.087	1488	7525
-0.989	0.073	-0.090	1483	7531
-0.991	0.085	-0.089	1463	7537
-0.991	0.104	-0.086	1459	7543
-0.987	0.120	-0.081	1484	7548
-0.984	0.125	-0.081	1487	7555
-0.988	0.142	-0.079	1480	7561
-0.984	0.143	-0.084	1493	7567
-0.980	0.136	-0.083	1495	7573
-0.991	0.131	-0.077	1473	7578
-0.996	0.115	-0.064	1486	7584
-1.000	0.104	-0.062	1493	7590
-1.003	0.099	-0.061	1499	7597
-1.001	0.094	-0.060	1510	7603
-1.005	0.095	-0.068	1509	7608
-0.992	0.096	-0.071	1491	7614
-0.995	0.100	-0.068	1490	7620
-0.997	0.102	-0.070	1501	7626
-0.997	0.102	-0.082	1501	7632
-0.999	0.093	-0.076	1503	7638
-1.000	0.088	-0.075	1497	7644
-1.000	0.086	-0.068	1507	7650
-0.991	0.093	-0.064	1506	7656
-0.993	0.093	-0.057	1506	7662
-0.992	0.099	-0.062	1506	7667
-0.983	0.102	-0.060	1515	7673
-0.981	0.104	-0.070	1503	7680
-0.976	0.104	-0.076	1509	7686
-0.984	0.107	-0.075	1491	7692
-0.989	0.101	-0.077	1490	7697
-0.989	0.094	-0.082	1504	7703
-0.990	0.093	-0.078	1513	7709
-0.988	0.087	-0.064	1509	7715
-0.992	0.082	-0.074	1493	7721
-0.992	0.089	-0.067	1477	7727
-0.993	0.099	-0.078	1486	7733
-0.988	0.096	-0.079	1505	7739
-0.985	0.103	-0.087	1512	7745
-0.982	0.110	-0.082	1502	7751
-0.979	0.122	-0.090	1501	7756
-0.987	0.124	-0.090	1475	7762
-0.994	0.132	-0.090	1504	7769
-0.995	0.134	-0.086	1506	7775
-0.997	0.135	-0.082	1497	7781
-0.992	0.122	-0.068	1493	7786
-0.981	0.124	-0.066	1481	7792
-0.976	0.116	-0.068	1497	7798
-0.973	0.103	-0.076	1496	7804
-0.974	0.091	-0.075	1518	7811
-0.983	0.079	-0.076	1493	7816
-0.981	0.062	-0.079	1503	7822
-0.987	0.067	-0.085	1510	7828
-0.995	0.081	-0.086	1519	7834
-0.998	0.097	-0.097	1494	7840
-0.996	0.113	-0.102	1504	7845
-0.996	0.138	-0.097	1497	7852
-0.979	0.164	-0.089	1514	7858
-0.974	0.179	-0.081	1509	7864
-0.973	0.187	-0.082	1485	7870
-0.968	0.192	-0.086	1496	7876
-0.978	0.187	-0.076	1486	7881
-0.984	0.171	-0.075	1472	7887
-0.981	0.153	-0.069	1481	7894
-0.992	0.135	-0.066	1497	7900
-0.987	0.124	-0.068	1497	7906
-0.994	0.097	-0.081	1499	7911
-0.992	0.099	-0.085	1498	7917
-0.998	0.104	-0.091	1489	7923
-1.005	0.117	-0.089	1488	7929
-1.012	0.137	-0.090	1489	7936
-1.004	0.150	-0.086	1489	7941
-0.995	0.169	-0.082	1490	7947
-0.979	0.181	-0.072	1483	7953
-0.977	0.185	-0.075	1480	7959
-0.969	0.175	-0.088	1473	7965
-0.965	0.157	-0.091	1485	7970
-0.968	0.144	-0.090	1458	7976
-0.981	0.128	-0.081	1465	7983
-0.981	0.123	-0.069	1486	7989
-0.987	0.111	-0.071	1479	7995
-0.994	0.116	-0.085	1448	8000
-0.994	0.116	-0.102	1478	8006
-0.999	0.115	-0.107	1490	8012
-0.992	0.135	-0.111	1511	8018
-0.995	0.141	-0.112	1508	8025
-0.999	0.167	-0.108	1516	8031
-0.994	0.184	-0.097	1521	8036
-0.997	0.201	-0.078	1522	8042
-0.987	0.227	-0.063	1514	8048
-0.990	0.232	-0.064	1521	8054
-0.977	0.229	-0.066	1496	8060
-0.973	0.218	-0.067	1499	8066
-0.969	0.196	-0.065	1497	8072
-0.970	0.151	-0.063	1506	8078
-0.967	0.120	-0.067	1485	8084
-0.975	0.085	-0.070	1502	8090
-0.974	0.063	-0.084	1498	8095
-0.975	0.044	-0.101	1519	8101
-0.976	0.048	-0.103	1521	8108
-0.978	0.059	-0.103	1494	8114
-0.979	0.076	-0.093	1500	8120
-0.981	0.106	-0.091	1504	8125
-0.987	0.131	-0.082	1524	8131
-0.982	0.151	-0.094	1518	8137
-0.983	0.170	-0.097	1513	8143
-0.981	0.170	-0.096	1507	8150
-0.971	0.168	-0.076	1523	8155
-0.975	0.161	-0.071	1502	8161
-0.981	0.149	-0.070	1514	8167
-0.987	0.154	-0.089	1501	8173
-0.985	0.145	-0.096	1511	8179
-0.980	0.145	-0.093	1495	8184
-0.979	0.153	-0.092	1513	8190
-0.979	0.154	-0.101	1509	8197
-0.976	0.150	-0.098	1514	8203
-0.979	0.148	-0.095	1469	8209
-0.984	0.160	-0.090	1509	8214
-0.986	0.161	-0.080	1519	8220
-0.983	0.161	-0.080	1499	8226
-0.982	0.158	-0.078	1516	8232
-0.980	0.155	-0.077	1519	8239
-0.981	0.154	-0.073	1508	8245
-0.986	0.146	-0.081	1521	8250
-0.981	0.141	-0.092	1505	8256
-0.982	0.146	-0.084	1498	8262
-0.975	0.142	-0.090	1523	8268
-0.973	0.149	-0.102	1517	8274
-0.969	0.151	-0.100	1494	8280
-0.971	0.160	-0.103	1496	8286
-0.976	0.166	-0.088	1496	8292
-0.987	0.166	-0.093	1497	8298
-0.987	0.168	-0.095	1491	8304
-0.985	0.179	-0.090	1493	8309
-0.986	0.184	-0.087	1463	8315
-0.985	0.192	-0.092	1501	8322
-0.986	0.190	-0.085	1520	8328
-0.983	0.189	-0.079	1515	8334
-0.987	0.186	-0.085	1494	8339
-0.986	0.174	-0.083	1482	8345
-0.988	0.176	-0.089	1505	8351
-0.990	0.168	-0.090	1511	8357
-0.986	0.174	-0.091	1499	8364
-0.984	0.177	-0.077	1512	8369
-0.979	0.186	-0.087	1498	8375
-0.972	0.196	-0.075	1519	8381
-0.974	0.205	-0.067	1505	8387
-0.973	0.206	-0.068	1482	8393
-0.979	0.196	-0.069	1515	8398
-0.974	0.191	-0.076	1506	8404
-0.980	0.185	-0.087	1508	8411
-0.972	0.167	-0.072	1521	8417
-0.975	0.151	-0.079	1505	8423
-0.978	0.143	-0.089	1506	8428
-0.991	0.128	-0.092	1504	8434
-0.985	0.123	-0.091	1488	8440
-0.985	0.123	-0.087	1499	8446
-0.991	0.122	-0.094	1481	8453
-0.978	0.119	-0.099	1500	8458
-0.976	0.130	-0.098	1487	8464
-0.973	0.138	-0.100	1489	8470
-0.972	0.158	-0.091	1462	8476
-0.976	0.171	-0.096	1487	8482
-0.976	0.190	-0.102	1510	8488
-0.976	0.199	-0.103	1515	8494
-0.968	0.201	-0.092	1510	8500
-0.968	0.216	-0.085	1494	8506
-0.968	0.218	-0.088	1471	8512
-0.973	0.215	-0.088	1497	8518
-0.979	0.214	-0.094	1507	8523
-0.976	0.187	-0.095	1487	8529
-0.974	0.177	-0.094	1476	8536
-0.970	0.169	-0.099	1469	8542
-0.969	0.163	-0.097	1463	8548
-0.976	0.151	-0.095	1486	8553
-0.985	0.152	-0.107	1471	8559
-0.984	0.145	-0.111	1484	8565
-0.981	0.143	-0.103	1483	8571
-0.977	0.153	-0.099	1467	8578
-0.978	0.164	-0.094	1463	8583
-0.976	0.172	-0.093	1473	8589
-0.981	0.186	-0.090	1474	8595
-0.978	0.193	-0.078	1483	8601
-0.971	0.209	-0.074	1466	8607
-0.971	0.221	-0.074	1486	8612
-0.967	0.220	-0.063	1504	8619
-0.960	0.225	-0.068	1480	8625
-0.953	0.224	-0.068	1465	8631
-0.951	0.204	-0.088	1479	8637
-0.972	0.191	-0.090	1468	8642
-0.984	0.181	-0.102	1479	8648
-0.983	0.174	-0.094	1483	8654
-0.997	0.164	-0.098	1461	8660
-0.998	0.163	-0.096	1448	8667
-0.994	0.170	-0.099	1477	8673
-0.988	0.172	-0.107	1482	8678
-0.979	0.181	-0.103	1488	8684
-0.980	0.186	-0.091	1480	8690
-0.974	0.194	-0.077	1485	8696
-0.972	0.200	-0.057	1494	8702
-0.968	0.217	-0.045	1476	8708
-0.965	0.228	-0.046	1484	8714
-0.971	0.233	-0.050	1466	8720
-0.974	0.228	-0.068	1472	8726
-0.975	0.224	-0.084	1483	8732
-0.979	0.204	-0.083	1465	8737
-0.979	0.184	-0.094	1457	8743
-0.973	0.174	-0.097	1454	8750
-0.973	0.135	-0.107	1460	8756
-0.977	0.109	-0.112	1455	8762
-0.973	0.112	-0.098	1465	8767
-0.972	0.122	-0.091	1441	8773
-0.957	0.147	-0.076	1467	8779
-0.954	0.160	-0.070	1465	8785
-0.958	0.171	-0.066	1462	8792
-0.954	0.191	-0.069	1466	8797
-0.964	0.206	-0.070	1472	8803
-0.971	0.218	-0.064	1476	8809
-0.987	0.232	-0.061	1476	8815
-0.982	0.202	-0.066	1455	8821
-0.985	0.205	-0.062	1449	8826
-0.980	0.201	-0.061	1410	8833
-0.993	0.188	-0.063	1439	8839
-0.989	0.186	-0.075	1423	8845
-0.990	0.182	-0.090	1431	8851
-0.983	0.179	-0.098	1440	8856
-0.981	0.176	-0.108	1433	8862
-0.979	0.186	-0.104	1430	8868
-0.970	0.189	-0.100	1442	8875
-0.959	0.200	-0.088	1462	8881
-0.963	0.217	-0.089	1468	8887
-0.955	0.242	-0.072	1450	8892
-0.950	0.260	-0.060	1423	8898
-0.947	0.282	-0.063	1452	8904
-0.944	0.292	-0.073	1442	8910
-0.949	0.288	-0.087	1451	8916
-0.958	0.280	-0.099	1441	8922
-0.963	0.259	-0.102	1479	8928
-0.975	0.239	-0.100	1419	8934
-0.983	0.222	-0.088	1440	8940
-0.984	0.206	-0.093	1448	8946
-0.991	0.200	-0.104	1438	8951
-0.989	0.202	-0.110	1441	8957
-0.985	0.208	-0.122	1397	8964
-0.974	0.220	-0.105	1398	8970
-0.952	0.225	-0.103	1460	8976
-0.954	0.233	-0.106	1458	8981
-0.949	0.233	-0.106	1433	8987
-0.959	0.241	-0.107	1447	8993
-0.956	0.251	-0.097	1433	8999
-0.952	0.261	-0.088	1471	9006
-0.957	0.264	-0.087	1496	9012
-0.956	0.266	-0.086	1464	9017
-0.962	0.269	-0.083	1465	9023
-0.966	0.270	-0.093	1483	9029
-0.963	0.268	-0.097	1497	9035
-0.978	0.264	-0.100	1465	9041
-0.971	0.247	-0.098	1457	9047
-0.974	0.242	-0.083	1456	9053
-0.968	0.228	-0.070	1453	9059
-0.973	0.226	-0.055	1428	9065
-0.974	0.217	-0.069	1444	9071
-0.965	0.216	-0.089	1448	9076
-0.965	0.200	-0.099	1463	9082
-0.951	0.185	-0.096	1457	9089
-0.949	0.173	-0.104	1467	9095
-0.945	0.164	-0.100	1459	9101
-0.958	0.155	-0.100	1471	9106
-0.962	0.157	-0.086	1442	9112
-0.972	0.169	-0.083	1474	9118
-0.975	0.188	-0.093	1480	9124
-0.976	0.220	-0.087	1477	9131
-0.975	0.241	-0.086	1435	9136
-0.938	0.283	-0.077	1428	9142
-0.976	0.271	-0.084	1446	9148
-0.974	0.271	-0.081	1449	9154
-0.962	0.269	-0.079	1416	9160
-0.954	0.255	-0.084	1412	9166
-0.960	0.239	-0.081	1388	9171
-0.971	0.235	-0.095	1413	9178
-0.974	0.222	-0.098	1441	9184
-0.983	0.209	-0.099	1417	9190
-0.977	0.218	-0.091	1424	9196
-0.971	0.230	-0.088	1413	9201
-0.958	0.252	-0.073	1412	9207
-0.951	0.271	-0.072	1427	9213
-0.953	0.284	-0.082	1447	9220
-0.946	0.303	-0.086	1442	9226
-0.956	0.319	-0.084	1432	9231
-0.950	0.320	-0.091	1441	9237
-0.959	0.311	-0.085	1424	9243
-0.965	0.286	-0.091	1420	9249
-0.975	0.263	-0.097	1409	9255
-0.974	0.253	-0.089	1380	9261
-0.970	0.237	-0.086	1381	9267
-0.972	0.229	-0.081	1413	9273
-0.975	0.225	-0.088	1420	9279
-0.976	0.221	-0.091	1459	9285
-0.972	0.226	-0.101	1502	9291
-0.976	0.231	-0.106	1507	9296
-0.977	0.236	-0.111	1518	9303
-0.969	0.263	-0.103	1465	9309
-0.957	0.293	-0.108	1471	9315
-0.937	0.316	-0.093	1484	9321
-0.938	0.333	-0.063	1497	9326
-0.942	0.339	-0.042	1492	9332
-0.966	0.342	-0.051	1415	9338
-0.971	0.333	-0.053	1449	9345
-0.976	0.325	-0.061	1431	9351
-0.971	0.270	-0.074	1443	9357
-0.967	0.225	-0.095	1443	9362
-0.963	0.165	-0.117	1461	9368
-0.951	0.131	-0.123	1454	9374
-0.956	0.109	-0.137	1494	9380
-0.963	0.117	-0.132	1478	9387
-0.944	0.161	-0.128	1475	9392
-0.938	0.218	-0.135	1484	9398
-0.928	0.250	-0.131	1477	9404
-0.936	0.297	-0.119	1501	9410
-0.931	0.333	-0.112	1489	9416
-0.924	0.347	-0.112	1476	9422
-0.932	0.350	-0.102	1443	9427
-0.942	0.337	-0.097	1435	9434
-0.942	0.296	-0.088	1468	9440
-0.945	0.267	-0.082	1465	9446
-0.947	0.238	-0.082	1435	9452
-0.949	0.215	-0.090	1437	9457
-0.958	0.196	-0.101	1449	9463
-0.964	0.189	-0.104	1450	9469
-0.970	0.200	-0.109	1485	9476
-0.969	0.219	-0.119	1491	9482
-0.961	0.236	-0.118	1507	9487
-0.954	0.269	-0.115	1515	9493
-0.938	0.301	-0.111	1493	9499
-0.929	0.326	-0.103	1467	9505
-0.930	0.344	-0.095	1493	9511
-0.941	0.346	-0.090	1496	9517
-0.940	0.350	-0.082	1481	9523
-0.945	0.340	-0.077	1451	9529
-0.958	0.314	-0.065	1438	9535
-0.973	0.303	-0.061	1405	9541
-0.979	0.289	-0.071	1450	9547
-0.994	0.260	-0.095	1428	9552
-1.001	0.229	-0.116	1470	9559
-0.996	0.203	-0.123	1462	9565
-0.976	0.205	-0.127	1454	9571
-0.959	0.203	-0.129	1507	9577
-0.949	0.212	-0.116	1528	9582
-0.944	0.250	-0.113	1539	9588
-0.938	0.294	-0.109	1512	9594
-0.927	0.347	-0.109	1481	9601
-0.917	0.377	-0.101	1452	9607
-0.913	0.376	-0.083	1477	9612
-0.916	0.355	-0.070	1460	9618
-0.927	0.324	-0.069	1412	9624
-0.943	0.292	-0.065	1434	9630
-0.948	0.261	-0.065	1431	9636
-0.955	0.220	-0.067	1429	9643
-0.972	0.187	-0.083	1478	9648
-0.987	0.177	-0.096	1491	9654
-0.999	0.170	-0.106	1526	9660
-0.994	0.192	-0.118	1515	9666
-0.982	0.233	-0.122	1545	9672
-0.970	0.284	-0.127	1518	9677
-0.938	0.340	-0.117	1531	9683
-0.909	0.382	-0.109	1503	9690
-0.900	0.423	-0.101	1519	9696
-0.904	0.437	-0.088	1478	9702
-0.911	0.420	-0.074	1475	9707
-0.925	0.382	-0.063	1464	9713
-0.947	0.331	-0.062	1452	9719
-0.964	0.264	-0.056	1454	9725
-0.975	0.193	-0.064	1446	9732
-0.991	0.153	-0.084	1444	9737
-0.994	0.129	-0.086	1466	9743
-1.000	0.120	-0.102	1530	9749
-0.993	0.146	-0.117	1530	9755
-0.976	0.209	-0.124	1529	9761
-0.949	0.266	-0.129	1532	9767
-0.920	0.322	-0.104	1524	9773
-0.904	0.367	-0.096	1508	9779
-0.892	0.398	-0.096	1479	9785
-0.889	0.404	-0.093	1491	9791
-0.902	0.386	-0.094	1504	9797
-0.923	0.350	-0.085	1466	9802
-0.946	0.292	-0.076	1473	9808
-0.959	0.236	-0.074	1499	9815
-0.971	0.187	-0.063	1484	9821
-0.981	0.164	-0.074	1485	9827
-0.992	0.159	-0.084	1521	9832
-0.995	0.170	-0.102	1516	9838
-0.994	0.195	-0.130	1548	9844
-0.983	0.238	-0.139	1533	9850
-0.967	0.275	-0.145	1550	9857
-0.943	0.327	-0.135	1500	9862
-0.915	0.364	-0.112	1559	9868
-0.902	0.400	-0.099	1511	9874
-0.891	0.417	-0.090	1514	9880
-0.893	0.396	-0.090	1498	9886
-0.901	0.384	-0.079	1486	9891
-0.917	0.354	-0.076	1473	9897
-0.938	0.309	-0.073	1510	9904
-0.957	0.249	-0.071	1497	9910
-0.980	0.231	-0.069	1496	9916
-0.988	0.217	-0.064	1508	9922
-0.988	0.231	-0.073	1492	9927
-0.981	0.257	-0.086	1476	9933
-0.969	0.295	-0.099	1485	9939
-0.955	0.324	-0.096	1525	9946
-0.946	0.361	-0.094	1540	9952
-0.936	0.382	-0.083	1487	9957
-0.942	0.390	-0.091	1495	9963
-0.954	0.370	-0.086	1480	9969
-0.968	0.341	-0.081	1512	9975
-0.967	0.297	-0.072	1497	9981
-0.967	0.265	-0.051	1475	9987
-0.949	0.241	-0.029	1520	9993
-0.947	0.226	-0.034	1509	9999
-0.944	0.207	-0.048	1502	10005
-0.947	0.196	-0.061	1501	10011
-0.956	0.188	-0.091	1496	10017
-0.969	0.196	-0.106	1503	10022
-0.960	0.209	-0.124	1546	10029
-0.951	0.246	-0.127	1565	10035
-0.931	0.277	-0.118	1535	10041
-0.914	0.330	-0.108	1521	10047
-0.897	0.354	-0.095	1520	10053
-0.900	0.379	-0.092	1504	10059
-0.911	0.378	-0.081	1474	10064
-0.923	0.370	-0.078	1503	10071
-0.932	0.355	-0.075	1502	10077
-0.941	0.331	-0.077	1480	10083
-0.954	0.309	-0.062	1448	10089
-0.958	0.284	-0.062	1512	10095
-0.976	0.260	-0.075	1471	10101
-0.971	0.250	-0.089	1487	10106
-0.973	0.258	-0.101	1476	10113
-0.970	0.270	-0.112	1476	10119
-0.959	0.291	-0.128	1486	10125
-0.950	0.313	-0.126	1511	10131
-0.936	0.329	-0.116	1483	10137
-0.935	0.343	-0.112	1502	10143
-0.927	0.355	-0.102	1496	10148
-0.917	0.357	-0.084	1502	10155
-0.917	0.343	-0.070	1500	10161
-0.935	0.308	-0.052	1498	10167
-0.941	0.288	-0.032	1492	10173
-0.952	0.265	-0.035	1489	10179
-0.965	0.241	-0.051	1477	10185
-0.969	0.215	-0.063	1422	10190
-0.967	0.181	-0.072	1479	10196
-0.964	0.175	-0.087	1494	10203
-0.966	0.173	-0.098	1478	10209
-0.958	0.190	-0.113	1510	10215
-0.953	0.232	-0.130	1516	10221
-0.951	0.272	-0.131	1536	10227
-0.938	0.325	-0.126	1516	10232
-0.922	0.376	-0.118	1516	10238
-0.919	0.403	-0.107	1511	10245
-0.916	0.426	-0.093	1491	10251
-0.921	0.454	-0.076	1525	10257
-0.924	0.437	-0.082	1468	10263
-0.937	0.388	-0.079	1473	10269
-0.935	0.331	-0.072	1469	10275
-0.939	0.304	-0.066	1451	10280
-0.941	0.262	-0.064	1514	10287
-0.947	0.231	-0.066	1472	10293
-0.949	0.211	-0.069	1497	10299
-0.941	0.219	-0.090	1543	10305
-0.943	0.235	-0.091	1525	10311
-0.941	0.267	-0.093	1544	10317
-0.939	0.302	-0.103	1527	10322
-0.931	0.345	-0.102	1511	10329
-0.920	0.375	-0.098	1487	10335
-0.918	0.389	-0.092	1521	10341
-0.918	0.389	-0.071	1553	10347
-0.925	0.375	-0.067	1437	10353
-0.943	0.354	-0.062	1470	10359
-0.957	0.326	-0.058	1482	10364
-0.969	0.288	-0.064	1472	10371
-0.973	0.282	-0.058	1477	10377
-0.979	0.239	-0.069	1511	10383
-0.981	0.246	-0.070	1451	10389
-0.983	0.221	-0.096	1539	10395
-0.987	0.229	-0.117	1567	10401
-0.974	0.240	-0.136	1493	10406
-0.940	0.287	-0.145	1490	10413
-0.926	0.330	-0.151	1588	10419
-0.899	0.379	-0.139	1565	10425
-0.883	0.423	-0.120	1516	10431
-0.869	0.457	-0.104	1560	10437
-0.873	0.463	-0.091	1544	10443
-0.878	0.440	-0.087	1492	10448
-0.895	0.421	-0.082	1506	10455
-0.916	0.361	-0.085	1503	10461
-0.926	0.299	-0.080	1492	10467
-0.939	0.247	-0.059	1494	10473
-0.955	0.227	-0.039	1524	10479
-0.949	0.205	-0.048	1535	10485
-0.936	0.214	-0.057	1518	10490
-0.935	0.243	-0.068	1515	10497
-0.925	0.282	-0.079	1572	10503
-0.917	0.326	-0.085	1557	10509
-0.917	0.363	-0.090	1509	10515
-0.906	0.390	-0.089	1522	10521
-0.911	0.403	-0.082	1527	10527
-0.919	0.408	-0.086	1481	10532
-0.937	0.394	-0.074	1495	10539
-0.952	0.367	-0.059	1539	10545
-0.966	0.343	-0.058	1532	10551
-0.967	0.333	-0.063	1482	10557
-0.984	0.305	-0.068	1533	10563
-0.971	0.306	-0.061	1506	10569
-0.963	0.319	-0.066	1485	10574
-0.950	0.331	-0.058	1501	10580
-0.925	0.325	-0.073	1534	10587
-0.913	0.342	-0.086	1515	10593
-0.913	0.362	-0.095	1511	10599
-0.914	0.367	-0.108	1526	10605
-0.921	0.387	-0.103	1488	10611
-0.934	0.361	-0.106	1486	10616
-0.941	0.353	-0.100	1538	10622
-0.945	0.336	-0.088	1475	10629
-0.938	0.321	-0.082	1507	10635
-0.928	0.312	-0.072	1517	10641
-0.923	0.300	-0.072	1525	10647
-0.910	0.298	-0.064	1525	10653
-0.900	0.299	-0.073	1536	10658
-0.901	0.305	-0.065	1520	10664
-0.897	0.299	-0.062	1500	10671
-0.899	0.308	-0.060	1477	10677
-0.911	0.340	-0.063	1492	10683
-0.917	0.344	-0.080	1491	10689
-0.932	0.364	-0.087	1464	10695
-0.934	0.353	-0.092	1506	10700
-0.937	0.382	-0.090	1487	10706
-0.937	0.407	-0.091	1456	10713
-0.936	0.421	-0.077	1512	10719
-0.938	0.426	-0.078	1556	10725
-0.936	0.430	-0.065	1543	10731
-0.941	0.420	-0.063	1466	10737
-0.929	0.417	-0.062	1511	10742
-0.925	0.465	-0.036	1487	10748
-0.919	0.406	-0.044	1446	10755
-0.915	0.376	-0.067	1462	10761
-0.915	0.371	-0.071	1450	10767
-0.919	0.347	-0.092	1530	10773
-0.929	0.320	-0.103	1544	10779
-0.927	0.312	-0.104	1558	10784
-0.926	0.308	-0.101	1521	10790
-0.911	0.324	-0.093	1443	10797
-0.906	0.347	-0.084	1534	10803
-0.903	0.364	-0.081	1513	10809
-0.900	0.390	-0.072	1465	10815
-0.903	0.390	-0.082	1518	10821
-0.915	0.396	-0.088	1465	10826
-0.916	0.396	-0.076	1497	10832
-0.920	0.379	-0.072	1579	10839
-0.919	0.374	-0.060	1456	10845
-0.917	0.361	-0.062	1468	10851
-0.918	0.354	-0.071	1488	10857
-0.924	0.340	-0.075	1442	10863
-0.923	0.341	-0.089	1487	10868
-0.924	0.346	-0.090	1451	10874
-0.916	0.363	-0.084	1505	10881
-0.916	0.376	-0.081	1511	10887
-0.906	0.391	-0.074	1589	10893
-0.903	0.410	-0.071	1533	10899
-0.905	0.411	-0.070	1510	10905
-0.908	0.407	-0.088	1568	10910
-0.915	0.403	-0.090	1515	10916
-0.916	0.392	-0.079	1486	10923
-0.913	0.410	-0.078	1517	10929
-0.897	0.376	-0.089	1482	10935
-0.899	0.358	-0.082	1471	10941
-0.897	0.359	-0.084	1480	10947
-0.906	0.368	-0.082	1462	10952
-0.908	0.370	-0.075	1486	10958
-0.912	0.364	-0.076	1480	10964
-0.907	0.375	-0.069	1535	10971
-0.914	0.377	-0.069	1519	10977
-0.913	0.397	-0.070	1512	10983
-0.911	0.415	-0.067	1495	10989
-0.920	0.432	-0.072	1566	10994
-0.929	0.441	-0.076	1505	11000
-0.933	0.453	-0.079	1486	11006
-0.942	0.452	-0.065	1474	11013
-0.938	0.443	-0.062	1475	11019
-0.938	0.426	-0.066	1497	11025
-0.929	0.407	-0.069	1551	11031
-0.920	0.386	-0.081	1450	11036
-0.897	0.384	-0.071	1476	11042
-0.888	0.380	-0.068	1500	11048
-0.878	0.369	-0.066	1525	11055
-0.873	0.368	-0.063	1493	11061
-0.871	0.362	-0.053	1515	11067
-0.879	0.366	-0.051	1476	11073
-0.893	0.370	-0.043	1540	11078
-0.899	0.385	-0.051	1557	11084
-0.904	0.393	-0.053	1480	11090
-0.922	0.420	-0.070	1482	11097
-0.935	0.453	-0.086	1523	11103
-0.941	0.485	-0.107	1549	11109
-0.940	0.513	-0.122	1498	11115
-0.933	0.529	-0.139	1522	11120
-0.921	0.521	-0.142	1524	11126
-0.908	0.504	-0.135	1476	11132
-0.896	0.479	-0.127	1469	11139
-0.877	0.450	-0.119	1534	11145
-0.859	0.428	-0.093	1528	11151
-0.848	0.410	-0.086	1550	11157
-0.839	0.392	-0.079	1490	11163
-0.835	0.383	-0.071	1509	11168
-0.848	0.357	-0.052	1438	11174
-0.868	0.326	-0.030	1526	11181
-0.896	0.307	-0.013	1533	11187
-0.917	0.303	0.014	1426	11193
-0.943	0.319	0.021	1497	11199
-0.968	0.340	0.003	1482	11204
-0.970	0.367	-0.040	1522	11210
-0.964	0.385	-0.063	1481	11216
-0.947	0.396	-0.090	1475	11223
-0.927	0.394	-0.097	1555	11229
-0.896	0.387	-0.088	1531	11235
-0.876	0.384	-0.083	1539	11241
-0.859	0.393	-0.084	1541	11247
-0.856	0.398	-0.085	1444	11252
-0.860	0.404	-0.088	1505	11258
-0.877	0.421	-0.086	1500	11265
-0.890	0.458	-0.069	1476	11271
-0.902	0.487	-0.081	1506	11277
-0.909	0.497	-0.097	1515	11283
-0.904	0.508	-0.109	1530	11288
-0.899	0.498	-0.104	1501	11294
-0.892	0.484	-0.093	1513	11300
-0.889	0.467	-0.097	1531	11307
-0.897	0.452	-0.099	1530	11313
-0.896	0.430	-0.093	1474	11319
-0.895	0.425	-0.090	1485	11325
-0.879	0.417	-0.071	1416	11330
-0.874	0.428	-0.050	1475	11336
-0.868	0.438	-0.036	1519	11342
-0.886	0.439	-0.039	1535	11348
-0.898	0.436	-0.043	1538	11355
-0.902	0.438	-0.049	1423	11361
-0.900	0.451	-0.066	1461	11367
-0.905	0.440	-0.085	1453	11372
-0.907	0.453	-0.091	1500	11378
-0.913	0.464	-0.106	1518	11384
-0.904	0.469	-0.126	1537	11390
-0.906	0.474	-0.152	1524	11397
-0.883	0.469	-0.146	1548	11403
-0.861	0.473	-0.131	1560	11409
-0.849	0.477	-0.114	1567	11414
-0.838	0.489	-0.104	1544	11420
-0.842	0.508	-0.104	1477	11426
-0.846	0.520	-0.115	1497	11432
-0.868	0.506	-0.110	1517	11439
-0.889	0.488	-0.099	1426	11445
-0.931	0.444	-0.082	1451	11451
-0.949	0.369	-0.090	1482	11456
-0.963	0.327	-0.083	1517	11462
-0.941	0.292	-0.080	1502	11468
-0.924	0.264	-0.072	1485	11474
-0.897	0.249	-0.047	1502	11481
-0.874	0.275	-0.005	1507	11487
-0.867	0.338	-0.001	1502	11493
-0.874	0.393	-0.014	1493	11498
-0.876	0.469	-0.029	1489	11504
-0.887	0.531	-0.039	1482	11510
-0.878	0.562	-0.032	1473	11516
-0.876	0.560	-0.013	1465	11523
-0.875	0.574	-0.015	1445	11529
-0.869	0.567	-0.027	1429	11535
-0.893	0.564	-0.063	1423	11540
-0.952	0.522	-0.124	1435	11546
-1.018	0.427	-0.141	1433	11552
-1.028	0.277	-0.126	1429	11558
-0.973	0.122	-0.092	1424	11565
-0.847	0.014	-0.037	1413	11571
-0.738	-0.076	0.011	1406	11577
-0.615	-0.187	0.021	1408	11582
-0.521	-0.268	0.037	1395	11588
-0.483	-0.285	0.054	1387	11594
-0.492	-0.261	0.038	1397	11600
-0.561	-0.226	-0.016	1409	11607
-0.616	-0.111	-0.082	1417	11613
-0.700	0.079	-0.157	1424	11619
-0.777	0.228	-0.218	1426	11625
-0.874	0.352	-0.213	1427	11630
-0.950	0.438	-0.186	1426	11636
-1.017	0.515	-0.168	1422	11642
-1.048	0.590	-0.129	1428	11649
-0.985	0.737	-0.058	1455	11655
-0.893	0.877	0.000	1467	11661
-0.820	0.985	0.037	1451	11666
-0.836	1.045	0.056	1443	11672
-0.837	0.984	0.027	1429	11678
-0.810	0.838	0.076	1430	11684
-0.676	0.616	0.145	1453	11691
-0.578	0.442	0.062	1470	11697
-0.603	0.391	-0.010	1470	11703
-0.644	0.452	0.078	1460	11709
-0.757	0.578	0.261	1452	11714
-0.818	0.667	0.358	1450	11720
-0.845	0.643	0.223	1462	11726
-0.865	0.480	-0.115	1468	11732
-0.884	0.338	-0.344	1453	11739
-0.907	0.243	-0.437	1474	11745
-0.809	0.220	-0.279	1507	11750
-0.706	0.187	0.002	1514	11756
-0.602	0.146	0.133	1518	11762
-0.553	0.128	0.077	1522	11768
-0.615	0.161	-0.004	1527	11774
-0.751	0.211	-0.089	1529	11781
-0.886	0.348	-0.152	1531	11787
-0.989	0.473	-0.152	1533	11792
-0.942	0.584	-0.129	1528	11798
-0.812	0.600	-0.138	1534	11804
-0.680	0.592	-0.170	1569	11810
-0.579	0.578	-0.162	1520	11816
-0.506	0.555	-0.120	1506	11823
-0.442	0.473	-0.097	1490	11829
-0.409	0.402	-0.117	1482	11834
-0.418	0.388	-0.159	1485	11840
-0.421	0.402	-0.212	1494	11846
-0.464	0.417	-0.207	1502	11852
-0.485	0.399	-0.251	1500	11858
-0.502	0.358	-0.297	1492	11865
-0.468	0.261	-0.363	1482	11871
-0.419	0.239	-0.386	1482	11876
-0.323	0.148	-0.254	1483	11882
-0.254	0.103	-0.098	1489	11888
-0.193	0.038	-0.015	1469	11894
-0.173	0.081	-0.045	1476	11900
-0.172	0.285	-0.174	1488	11907
-0.306	0.718	-0.226	1487	11913
-1.191	1.472	-0.227	1471	11918
-1.307	1.999	0.220	1475	11924
-1.435	1.999	0.093	1482	11930
-1.164	1.999	-0.434	1494	11936
-1.131	1.999	-0.752	1499	11942
-1.041	1.999	-0.450	1502	11949
-0.777	1.999	0.008	1515	11955
-0.638	1.999	-0.605	1545	11961
-0.207	1.999	-0.053	1567	11966
0.359	1.999	0.609	1586	11972
0.441	1.958	0.361	1600	11978
0.737	1.323	0.097	1597	11984
-0.122	1.318	-0.128	1569	11991
-0.085	1.120	-0.094	1544	11997
-0.029	1.210	0.296	1533	12003
0.080	1.157	0.313	1537	12008
0.138	1.011	0.130	1544	12014
0.313	1.023	-0.027	1545	12020
0.230	1.080	-0.152	1547	12026
0.231	0.959	-0.210	1555	12033
0.271	0.856	-0.271	1564	12039
0.256	0.667	-0.190	1555	12045
0.319	0.485	-0.088	1561	12050
0.369	0.426	0.002	1567	12056
0.384	0.354	0.072	1568	12062
0.339	0.337	0.092	1569	12068
0.287	0.225	0.126	1572	12075
0.219	0.196	0.146	1574	12081
0.165	0.192	0.155	1570	12087
0.119	0.224	0.137	1563	12092
0.079	0.258	0.084	1557	12098
0.013	0.329	0.031	1551	12104
-0.087	0.354	-0.046	1546	12110
-0.200	0.388	-0.154	1548	12116
-0.324	0.470	-0.273	1552	12123
-0.510	0.568	-0.368	1554	12128
-0.639	0.701	-0.461	1556	12134
-0.831	0.835	-0.446	1563	12140
-0.907	1.043	-0.527	1564	12146
-1.138	1.357	-0.428	1556	12152
-1.009	1.348	-0.364	1547	12158
-0.797	1.322	-0.306	1539	12165
-0.627	1.307	-0.312	1536	12171
-0.517	1.255	-0.376	1529	12176
-0.472	1.243	-0.385	1523	12182
-0.486	1.206	-0.362	1516	12188
-0.522	1.139	-0.297	1508	12194
-0.561	1.095	-0.237	1503	12200
-0.596	1.064	-0.182	1500	12207
-0.610	1.002	-0.172	1497	12213
-0.600	0.944	-0.167	1495	12218
-0.573	0.916	-0.193	1491	12224
-0.520	0.903	-0.188	1489	12230
-0.480	0.892	-0.214	1484	12236
-0.446	0.871	-0.268	1486	12242
-0.411	0.863	-0.307	1489	12249
-0.390	0.891	-0.302	1490	12255
-0.377	0.928	-0.241	1493	12261
-0.370	0.934	-0.176	1495	12266
-0.371	0.925	-0.111	1499	12272
-0.358	0.925	-0.069	1504	12278
-0.351	0.945	-0.050	1509	12284
-0.336	0.952	-0.037	1514	12291
-0.319	0.954	-0.049	1517	12297
-0.295	0.950	-0.074	1519	12303
-0.282	0.944	-0.088	1521	12308
-0.289	0.926	-0.104	1522	12314
-0.299	0.921	-0.110	1521	12320
-0.306	0.898	-0.110	1519	12326
-0.319	0.872	-0.132	1518	12333
-0.319	0.863	-0.110	1515	12339
-0.324	0.851	-0.080	1512	12345
-0.348	0.847	-0.126	1508	12350
-0.349	0.844	-0.167	1503	12356
-0.340	0.870	-0.227	1501	12362
-0.342	0.884	-0.251	1499	12368
-0.340	0.926	-0.249	1497	12375
-0.334	0.937	-0.251	1495	12381
-0.337	0.953	-0.238	1494	12387
-0.333	0.957	-0.214	1493	12392
-0.320	0.945	-0.221	1493	12398
-0.315	0.925	-0.213	1492	12404
-0.319	0.919	-0.218	1492	12410
-0.330	0.902	-0.218	1491	12417
-0.343	0.898	-0.219	1490	12423
-0.360	0.889	-0.193	1490	12429
-0.390	0.880	-0.163	1489	12434
-0.402	0.891	-0.148	1489	12440
-0.417	0.889	-0.146	1489	12446
-0.412	0.896	-0.162	1489	12452
-0.427	0.905	-0.186	1489	12459
-0.416	0.917	-0.201	1488	12465
-0.401	0.922	-0.205	1488	12471
-0.391	0.916	-0.200	1488	12476
-0.386	0.914	-0.207	1487	12482
-0.390	0.900	-0.218	1485	12488
-0.391	0.908	-0.215	1484	12494
-0.391	0.913	-0.209	1483	12500
-0.390	0.925	-0.211	1482	12507
-0.394	0.944	-0.220	1482	12513
-0.391	0.947	-0.221	1482	12518
-0.389	0.947	-0.224	1481	12524
-0.387	0.958	-0.218	1481	12530
-0.377	0.953	-0.215	1481	12536
-0.373	0.947	-0.213	1482	12542
-0.360	0.914	-0.233	1482	12549
-0.354	0.921	-0.196	1483	12555
-0.354	0.918	-0.206	1483	12561
-0.349	0.911	-0.224	1483	12566
-0.357	0.931	-0.240	1484	12572
-0.346	0.914	-0.262	1485	12578
-0.366	0.927	-0.279	1483	12584
-0.368	0.926	-0.258	1480	12591
-0.365	0.906	-0.259	1477	12597
-0.367	0.909	-0.268	1472	12603
-0.366	0.875	-0.264	1470	12608
-0.357	0.897	-0.273	1471	12614
-0.365	0.900	-0.301	1475	12620
-0.374	0.919	-0.312	1479	12626
-0.370	0.920	-0.311	1483	12633
-0.362	0.938	-0.288	1484	12639
-0.361	0.937	-0.261	1485	12645
-0.357	0.932	-0.251	1484	12651
-0.376	0.910	-0.235	1483	12656
-0.375	0.887	-0.228	1481	12662
-0.390	0.896	-0.223	1479	12668
-0.401	0.881	-0.218	1477	12675
-0.408	0.896	-0.217	1475	12681
-0.414	0.902	-0.233	1473	12687
-0.406	0.902	-0.240	1472	12693
-0.400	0.923	-0.256	1470	12698
-0.378	0.940	-0.250	1469	12704
-0.374	0.942	-0.251	1468	12710
-0.366	0.931	-0.229	1466	12717
-0.350	0.926	-0.232	1466	12723
-0.340	0.903	-0.232	1466	12729
-0.335	0.902	-0.248	1467	12735
-0.326	0.885	-0.257	1467	12740
-0.320	0.867	-0.264	1467	12746
-0.322	0.854	-0.275	1468	12752
-0.318	0.838	-0.281	1469	12759
-0.339	0.826	-0.284	1468	12765
-0.357	0.819	-0.297	1468	12771
-0.362	0.825	-0.334	1469	12777
-0.386	0.801	-0.330	1470	12782
-0.394	0.839	-0.338	1471	12788
-0.392	0.858	-0.340	1472	12794
-0.393	0.863	-0.327	1472	12801
-0.386	0.864	-0.323	1473	12807
-0.371	0.854	-0.312	1475	12813
-0.361	0.853	-0.313	1476	12819
-0.347	0.854	-0.330	1477	12825
-0.341	0.867	-0.332	1477	12830
-0.347	0.830	-0.349	1478	12836
-0.331	0.787	-0.378	1478	12843
-0.356	0.791	-0.339	1479	12849
-0.373	0.784	-0.309	1479	12855
-0.390	0.771	-0.316	1479	12861
-0.411	0.772	-0.292	1479	12867
-0.409	0.771	-0.292	1479	12872
-0.430	0.768	-0.278	1479	12878
-0.418	0.769	-0.320	1479	12884
-0.408	0.789	-0.358	1480	12891
-0.399	0.794	-0.374	1480	12897
-0.391	0.822	-0.393	1480	12903
-0.400	0.853	-0.418	1481	12909
-0.387	0.882	-0.410	1481	12914
-0.396	0.910	-0.430	1482	12920
-0.407	0.919	-0.413	1483	12926
-0.417	0.896	-0.399	1484	12933
-0.402	0.926	-0.403	1485	12939
-0.385	0.920	-0.384	1485	12945
-0.379	0.896	-0.379	1486	12951
-0.372	0.876	-0.375	1486	12956
-0.351	0.846	-0.360	1487	12962
-0.352	0.831	-0.375	1489	12968
-0.355	0.811	-0.369	1490	12975
-0.358	0.786	-0.372	1490	12981
-0.362	0.772	-0.373	1491	12987
-0.368	0.775	-0.365	1492	12993
-0.377	0.764	-0.373	1493	12999
-0.392	0.771	-0.373	1495	13004
-0.393	0.771	-0.384	1496	13010
-0.389	0.775	-0.379	1497	13017
-0.376	0.772	-0.384	1497	13023
-0.367	0.782	-0.384	1498	13029
-0.348	0.778	-0.374	1500	13035
-0.329	0.785	-0.378	1500	13041
-0.322	0.795	-0.386	1500	13046
-0.324	0.799	-0.387	1500	13052
-0.329	0.808	-0.397	1501	13059
-0.347	0.816	-0.396	1501	13065
-0.368	0.813	-0.384	1502	13071
-0.372	0.832	-0.386	1502	13077
-0.395	0.826	-0.373	1503	13083
-0.404	0.832	-0.372	1503	13089
-0.407	0.827	-0.366	1502	13094
-0.417	0.828	-0.368	1501	13101
-0.407	0.827	-0.382	1500	13107
-0.399	0.828	-0.391	1500	13113
-0.399	0.833	-0.405	1499	13119
-0.396	0.839	-0.401	1497	13125
-0.401	0.840	-0.403	1497	13131
-0.405	0.829	-0.393	1495	13136
-0.411	0.823	-0.378	1494	13143
-0.431	0.818	-0.386	1494	13149
-0.435	0.813	-0.382	1492	13155
-0.432	0.813	-0.390	1490	13161
-0.439	0.811	-0.391	1489	13167
-0.438	0.810	-0.392	1488	13173
-0.435	0.807	-0.410	1486	13179
-0.428	0.815	-0.421	1485	13185
-0.406	0.826	-0.427	1484	13191
-0.402	0.841	-0.426	1483	13197
-0.384	0.841	-0.406	1483	13203
-0.377	0.851	-0.394	1483	13209
-0.367	0.862	-0.393	1483	13215
-0.362	0.875	-0.382	1484	13221
-0.352	0.887	-0.383	1486	13227
-0.348	0.888	-0.383	1488	13233
-0.339	0.881	-0.373	1489	13239
-0.342	0.871	-0.375	1490	13245
-0.335	0.855	-0.379	1491	13251
-0.330	0.846	-0.382	1492	13257
-0.336	0.836	-0.387	1492	13263
-0.340	0.829	-0.379	1493	13268
-0.348	0.833	-0.392	1493	13275
-0.359	0.828	-0.375	1492	13281
-0.374	0.820	-0.394	1491	13287
-0.390	0.818	-0.383	1490	13293
-0.400	0.819	-0.385	1489	13299
-0.416	0.819	-0.395	1488	13305
-0.417	0.809	-0.391	1488	13312
-0.417	0.813	-0.400	1488	13317
-0.411	0.808	-0.402	1488	13323
-0.420	0.811	-0.399	1488	13329
-0.417	0.813	-0.396	1489	13335
-0.425	0.818	-0.389	1490	13341
-0.423	0.820	-0.383	1490	13347
-0.433	0.816	-0.391	1490	13353
-0.434	0.830	-0.398	1490	13359
-0.441	0.827	-0.397	1489	13365
-0.444	0.824	-0.401	1489	13371
-0.460	0.825	-0.397	1489	13377
-0.474	0.821	-0.404	1488	13383
-0.479	0.828	-0.401	1488	13389
-0.482	0.836	-0.414	1486	13395
-0.487	0.837	-0.413	1485	13401
-0.480	0.829	-0.407	1484	13407
-0.479	0.836	-0.399	1483	13413
-0.468	0.838	-0.388	1482	13419
-0.460	0.843	-0.375	1481	13425
-0.451	0.852	-0.368	1481	13431
-0.455	0.855	-0.354	1481	13437
-0.454	0.870	-0.338	1481	13443
-0.460	0.880	-0.334	1482	13449
-0.456	0.872	-0.341	1483	13455
-0.471	0.875	-0.336	1484	13461
-0.462	0.876	-0.336	1487	13467
-0.481	0.866	-0.346	1489	13473
-0.479	0.878	-0.339	1492	13479
-0.504	0.887	-0.340	1494	13485
-0.518	0.884	-0.337	1497	13491
-0.506	0.872	-0.362	1500	13497
-0.515	0.870	-0.345	1503	13503
-0.510	0.848	-0.355	1506	13509
-0.514	0.854	-0.341	1509	13515
-0.509	0.845	-0.359	1511	13521
-0.501	0.839	-0.351	1508	13528
-0.496	0.842	-0.360	1505	13533
-0.502	0.823	-0.354	1498	13539
-0.497	0.819	-0.339	1496	13545
-0.491	0.814	-0.331	1493	13551
-0.486	0.821	-0.331	1490	13557
-0.495	0.825	-0.312	1486	13563
-0.487	0.849	-0.314	1483	13570
-0.487	0.840	-0.301	1478	13575
-0.481	0.822	-0.312	1475	13581
-0.470	0.804	-0.307	1473	13587
-0.482	0.779	-0.306	1471	13593
-0.483	0.768	-0.306	1468	13599
-0.489	0.756	-0.307	1465	13605
-0.498	0.742	-0.299	1463	13612
-0.509	0.746	-0.295	1460	13617
-0.513	0.731	-0.305	1458	13623
-0.519	0.730	-0.279	1456	13629
-0.519	0.726	-0.284	1454	13635
-0.523	0.729	-0.286	1451	13641
-0.532	0.748	-0.273	1450	13647
-0.530	0.736	-0.272	1448	13654
-0.545	0.756	-0.269	1446	13660
-0.545	0.807	-0.258	1442	13665
-0.526	0.813	-0.247	1436	13671
-0.531	0.817	-0.238	1434	13677
-0.529	0.829	-0.251	1437	13683
-0.526	0.830	-0.229	1441	13689
-0.531	0.845	-0.241	1443	13696
-0.531	0.836	-0.250	1441	13702
-0.548	0.843	-0.243	1445	13707
-0.563	0.842	-0.238	1448	13713
-0.567	0.830	-0.244	1454	13719
-0.570	0.813	-0.231	1460	13725
-0.602	0.820	-0.215	1463	13731
-0.593	0.836	-0.218	1463	13737
-0.571	0.802	-0.219	1466	13744
-0.573	0.821	-0.195	1471	13749
-0.570	0.820	-0.194	1472	13755
-0.564	0.812	-0.188	1475	13761
-0.564	0.826	-0.215	1479	13767
-0.557	0.830	-0.211	1483	13773
-0.570	0.844	-0.223	1485	13779
-0.592	0.843	-0.233	1488	13786
-0.611	0.831	-0.215	1492	13791
-0.607	0.838	-0.218	1490	13797
-0.646	0.854	-0.231	1489	13803
-0.613	0.884	-0.188	1498	13809
-0.682	0.923	-0.219	1498	13815
-0.698	0.934	-0.271	1499	13821
-0.710	0.875	-0.254	1501	13828
-0.715	0.871	-0.204	1489	13833
-0.704	0.882	-0.207	1489	13839
-0.699	0.901	-0.167	1494	13845
-0.716	0.938	-0.176	1499	13851
-0.691	0.948	-0.194	1502	13857
-0.676	0.907	-0.100	1506	13863
-0.612	0.871	-0.142	1510	13870
-0.545	0.813	-0.202	1509	13875
-0.528	0.765	-0.278	1512	13881
-0.508	0.713	-0.305	1509	13887
-0.522	0.659	-0.306	1510	13893
-0.545	0.605	-0.308	1494	13899
-0.574	0.577	-0.319	1493	13905
-0.604	0.555	-0.275	1498	13912
-0.643	0.536	-0.245	1492	13918
-0.686	0.554	-0.222	1494	13923
-0.711	0.541	-0.198	1492	13929
-0.677	0.536	-0.178	1493	13935
-0.645	0.523	-0.158	1499	13941
-0.612	0.598	-0.169	1502	13947
-0.582	0.619	-0.170	1502	13954
-0.564	0.634	-0.165	1501	13960
-0.558	0.663	-0.180	1499	13965
-0.562	0.657	-0.183	1494	13971
-0.583	0.648	-0.169	1489	13977
-0.627	0.656	-0.170	1490	13983
-0.680	0.665	-0.138	1493	13989
-0.744	0.675	-0.133	1474	13996
-0.766	0.670	-0.114	1467	14002
-0.804	0.679	-0.087	1463	14007
-0.785	0.718	-0.099	1461	14013
-0.784	0.817	-0.073	1472	14019
-0.763	0.852	-0.107	1481	14025
-0.730	0.832	-0.108	1486	14031
-0.716	0.815	-0.115	1489	14038
-0.697	0.793	-0.119	1491	14044
-0.686	0.773	-0.133	1489	14050
-0.687	0.740	-0.137	1490	14055
-0.688	0.708	-0.134	1493	14061
-0.702	0.662	-0.123	1493	14067
-0.705	0.628	-0.118	1492	14073
-0.718	0.592	-0.109	1497	14080
-0.733	0.550	-0.112	1500	14086
-0.726	0.519	-0.118	1503	14092
-0.717	0.494	-0.119	1508	14097
-0.698	0.499	-0.106	1509	14103
-0.679	0.431	-0.108	1510	14109
-0.675	0.444	-0.109	1512	14115
-0.666	0.434	-0.071	1512	14121
-0.642	0.453	-0.052	1513	14128
-0.643	0.428	-0.026	1517	14134
-0.642	0.429	-0.013	1525	14139
-0.671	0.449	0.003	1530	14145
-0.701	0.457	-0.002	1534	14151
-0.747	0.462	0.009	1534	14157
-0.776	0.461	0.005	1532	14163
-0.811	0.481	-0.015	1526	14170
-0.807	0.504	-0.040	1516	14176
-0.826	0.533	-0.027	1509	14181
-0.840	0.593	-0.053	1500	14187
-0.816	0.626	-0.059	1490	14193
-0.804	0.603	-0.087	1483	14199
-0.796	0.623	-0.109	1463	14205
-0.788	0.625	-0.121	1459	14212
-0.782	0.630	-0.130	1463	14218
-0.781	0.617	-0.133	